mtc_code,product_id,llf_code,region_id,profile_id,amount,primary_rate,secondary_rate,tertiary_rate,other_price_1,other_price_2,pricelist_id
533,Nightsaver,82,11,7,72,11.44,6.11,0,,,EoN(2014-01-14) Electricity Aq 1yr
533,Nightsaver,82,11,6,72,11.3,6.19,0,,,EoN(2014-01-14) Electricity Aq 1yr
533,Nightsaver,82,11,5,72,11.12,6.22,0,,,EoN(2014-01-14) Electricity Aq 1yr
533,Nightsaver,82,11,8,72,11.5,6.04,0,,,EoN(2014-01-14) Electricity Aq 1yr
16,Nightsaver,903,11,7,72,11.44,6.11,0,,,EoN(2014-01-14) Electricity Aq 1yr
16,Nightsaver,903,11,6,72,11.3,6.19,0,,,EoN(2014-01-14) Electricity Aq 1yr
16,Nightsaver,903,11,5,72,11.12,6.22,0,,,EoN(2014-01-14) Electricity Aq 1yr
16,Nightsaver,903,11,8,72,11.5,6.04,0,,,EoN(2014-01-14) Electricity Aq 1yr
16,Nightsaver,161,11,7,72,11.44,6.11,0,,,EoN(2014-01-14) Electricity Aq 1yr
16,Nightsaver,161,11,6,72,11.3,6.19,0,,,EoN(2014-01-14) Electricity Aq 1yr
16,Nightsaver,161,11,5,72,11.12,6.22,0,,,EoN(2014-01-14) Electricity Aq 1yr
16,Nightsaver,161,11,8,72,11.5,6.04,0,,,EoN(2014-01-14) Electricity Aq 1yr
16,Nightsaver,96,11,7,72,11.44,6.11,0,,,EoN(2014-01-14) Electricity Aq 1yr
16,Nightsaver,96,11,6,72,11.3,6.19,0,,,EoN(2014-01-14) Electricity Aq 1yr
16,Nightsaver,96,11,5,72,11.12,6.22,0,,,EoN(2014-01-14) Electricity Aq 1yr
16,Nightsaver,96,11,8,72,11.5,6.04,0,,,EoN(2014-01-14) Electricity Aq 1yr
16,Nightsaver,94,11,7,72,11.44,6.11,0,,,EoN(2014-01-14) Electricity Aq 1yr
16,Nightsaver,94,11,6,72,11.3,6.19,0,,,EoN(2014-01-14) Electricity Aq 1yr
16,Nightsaver,94,11,5,72,11.12,6.22,0,,,EoN(2014-01-14) Electricity Aq 1yr
16,Nightsaver,94,11,8,72,11.5,6.04,0,,,EoN(2014-01-14) Electricity Aq 1yr
16,Nightsaver,902,11,7,72,11.44,6.11,0,,,EoN(2014-01-14) Electricity Aq 1yr
16,Nightsaver,902,11,6,72,11.3,6.19,0,,,EoN(2014-01-14) Electricity Aq 1yr
16,Nightsaver,902,11,5,72,11.12,6.22,0,,,EoN(2014-01-14) Electricity Aq 1yr
16,Nightsaver,902,11,8,72,11.5,6.04,0,,,EoN(2014-01-14) Electricity Aq 1yr
16,Nightsaver,176,11,7,72,11.44,6.11,0,,,EoN(2014-01-14) Electricity Aq 1yr
16,Nightsaver,176,11,6,72,11.3,6.19,0,,,EoN(2014-01-14) Electricity Aq 1yr
16,Nightsaver,176,11,5,72,11.12,6.22,0,,,EoN(2014-01-14) Electricity Aq 1yr
16,Nightsaver,176,11,8,72,11.5,6.04,0,,,EoN(2014-01-14) Electricity Aq 1yr
16,Nightsaver,91,11,7,72,11.44,6.11,0,,,EoN(2014-01-14) Electricity Aq 1yr
16,Nightsaver,91,11,6,72,11.3,6.19,0,,,EoN(2014-01-14) Electricity Aq 1yr
16,Nightsaver,91,11,5,72,11.12,6.22,0,,,EoN(2014-01-14) Electricity Aq 1yr
16,Nightsaver,91,11,8,72,11.5,6.04,0,,,EoN(2014-01-14) Electricity Aq 1yr
16,Nightsaver,90,11,7,72,11.44,6.11,0,,,EoN(2014-01-14) Electricity Aq 1yr
16,Nightsaver,90,11,6,72,11.3,6.19,0,,,EoN(2014-01-14) Electricity Aq 1yr
16,Nightsaver,90,11,5,72,11.12,6.22,0,,,EoN(2014-01-14) Electricity Aq 1yr
16,Nightsaver,90,11,8,72,11.5,6.04,0,,,EoN(2014-01-14) Electricity Aq 1yr
16,Nightsaver,55,11,7,72,11.44,6.11,0,,,EoN(2014-01-14) Electricity Aq 1yr
16,Nightsaver,55,11,6,72,11.3,6.19,0,,,EoN(2014-01-14) Electricity Aq 1yr
16,Nightsaver,55,11,5,72,11.12,6.22,0,,,EoN(2014-01-14) Electricity Aq 1yr
16,Nightsaver,55,11,8,72,11.5,6.04,0,,,EoN(2014-01-14) Electricity Aq 1yr
16,Nightsaver,81,11,7,72,11.44,6.11,0,,,EoN(2014-01-14) Electricity Aq 1yr
16,Nightsaver,81,11,6,72,11.3,6.19,0,,,EoN(2014-01-14) Electricity Aq 1yr
16,Nightsaver,81,11,5,72,11.12,6.22,0,,,EoN(2014-01-14) Electricity Aq 1yr
16,Nightsaver,81,11,8,72,11.5,6.04,0,,,EoN(2014-01-14) Electricity Aq 1yr
533,Nightsaver,81,11,7,72,11.44,6.11,0,,,EoN(2014-01-14) Electricity Aq 1yr
533,Nightsaver,81,11,6,72,11.3,6.19,0,,,EoN(2014-01-14) Electricity Aq 1yr
533,Nightsaver,81,11,5,72,11.12,6.22,0,,,EoN(2014-01-14) Electricity Aq 1yr
533,Nightsaver,81,11,8,72,11.5,6.04,0,,,EoN(2014-01-14) Electricity Aq 1yr
16,Nightsaver,170,11,7,72,11.44,6.11,0,,,EoN(2014-01-14) Electricity Aq 1yr
16,Nightsaver,170,11,6,72,11.3,6.19,0,,,EoN(2014-01-14) Electricity Aq 1yr
16,Nightsaver,170,11,5,72,11.12,6.22,0,,,EoN(2014-01-14) Electricity Aq 1yr
16,Nightsaver,170,11,8,72,11.5,6.04,0,,,EoN(2014-01-14) Electricity Aq 1yr
16,Nightsaver,56,11,7,72,11.44,6.11,0,,,EoN(2014-01-14) Electricity Aq 1yr
16,Nightsaver,56,11,6,72,11.3,6.19,0,,,EoN(2014-01-14) Electricity Aq 1yr
16,Nightsaver,56,11,5,72,11.12,6.22,0,,,EoN(2014-01-14) Electricity Aq 1yr
16,Nightsaver,56,11,8,72,11.5,6.04,0,,,EoN(2014-01-14) Electricity Aq 1yr
533,Nightsaver,55,11,7,72,11.44,6.11,0,,,EoN(2014-01-14) Electricity Aq 1yr
533,Nightsaver,55,11,6,72,11.3,6.19,0,,,EoN(2014-01-14) Electricity Aq 1yr
533,Nightsaver,55,11,5,72,11.12,6.22,0,,,EoN(2014-01-14) Electricity Aq 1yr
533,Nightsaver,55,11,8,72,11.5,6.04,0,,,EoN(2014-01-14) Electricity Aq 1yr
533,Nightsaver,56,11,7,72,11.44,6.11,0,,,EoN(2014-01-14) Electricity Aq 1yr
533,Nightsaver,56,11,6,72,11.3,6.19,0,,,EoN(2014-01-14) Electricity Aq 1yr
533,Nightsaver,56,11,5,72,11.12,6.22,0,,,EoN(2014-01-14) Electricity Aq 1yr
533,Nightsaver,56,11,8,72,11.5,6.04,0,,,EoN(2014-01-14) Electricity Aq 1yr
16,Nightsaver,162,11,7,72,11.44,6.11,0,,,EoN(2014-01-14) Electricity Aq 1yr
16,Nightsaver,162,11,6,72,11.3,6.19,0,,,EoN(2014-01-14) Electricity Aq 1yr
16,Nightsaver,162,11,5,72,11.12,6.22,0,,,EoN(2014-01-14) Electricity Aq 1yr
16,Nightsaver,162,11,8,72,11.5,6.04,0,,,EoN(2014-01-14) Electricity Aq 1yr
16,Nightsaver,174,11,7,72,11.44,6.11,0,,,EoN(2014-01-14) Electricity Aq 1yr
16,Nightsaver,174,11,6,72,11.3,6.19,0,,,EoN(2014-01-14) Electricity Aq 1yr
16,Nightsaver,174,11,5,72,11.12,6.22,0,,,EoN(2014-01-14) Electricity Aq 1yr
16,Nightsaver,174,11,8,72,11.5,6.04,0,,,EoN(2014-01-14) Electricity Aq 1yr
16,Nightsaver,171,11,7,72,11.44,6.11,0,,,EoN(2014-01-14) Electricity Aq 1yr
16,Nightsaver,171,11,6,72,11.3,6.19,0,,,EoN(2014-01-14) Electricity Aq 1yr
16,Nightsaver,171,11,5,72,11.12,6.22,0,,,EoN(2014-01-14) Electricity Aq 1yr
16,Nightsaver,171,11,8,72,11.5,6.04,0,,,EoN(2014-01-14) Electricity Aq 1yr
533,Nightsaver,170,11,7,72,11.44,6.11,0,,,EoN(2014-01-14) Electricity Aq 1yr
533,Nightsaver,170,11,6,72,11.3,6.19,0,,,EoN(2014-01-14) Electricity Aq 1yr
533,Nightsaver,170,11,5,72,11.12,6.22,0,,,EoN(2014-01-14) Electricity Aq 1yr
533,Nightsaver,170,11,8,72,11.5,6.04,0,,,EoN(2014-01-14) Electricity Aq 1yr
16,Nightsaver,82,11,7,72,11.44,6.11,0,,,EoN(2014-01-14) Electricity Aq 1yr
16,Nightsaver,82,11,6,72,11.3,6.19,0,,,EoN(2014-01-14) Electricity Aq 1yr
16,Nightsaver,82,11,5,72,11.12,6.22,0,,,EoN(2014-01-14) Electricity Aq 1yr
16,Nightsaver,82,11,8,72,11.5,6.04,0,,,EoN(2014-01-14) Electricity Aq 1yr
533,Nightsaver,908,11,7,72,11.44,6.11,0,,,EoN(2014-01-14) Electricity Aq 1yr
533,Nightsaver,908,11,6,72,11.3,6.19,0,,,EoN(2014-01-14) Electricity Aq 1yr
533,Nightsaver,908,11,5,72,11.12,6.22,0,,,EoN(2014-01-14) Electricity Aq 1yr
533,Nightsaver,908,11,8,72,11.5,6.04,0,,,EoN(2014-01-14) Electricity Aq 1yr
16,Nightsaver,908,11,7,72,11.44,6.11,0,,,EoN(2014-01-14) Electricity Aq 1yr
16,Nightsaver,908,11,6,72,11.3,6.19,0,,,EoN(2014-01-14) Electricity Aq 1yr
16,Nightsaver,908,11,5,72,11.12,6.22,0,,,EoN(2014-01-14) Electricity Aq 1yr
16,Nightsaver,908,11,8,72,11.5,6.04,0,,,EoN(2014-01-14) Electricity Aq 1yr
16,Nightsaver,907,11,7,72,11.44,6.11,0,,,EoN(2014-01-14) Electricity Aq 1yr
16,Nightsaver,907,11,6,72,11.3,6.19,0,,,EoN(2014-01-14) Electricity Aq 1yr
16,Nightsaver,907,11,5,72,11.12,6.22,0,,,EoN(2014-01-14) Electricity Aq 1yr
16,Nightsaver,907,11,8,72,11.5,6.04,0,,,EoN(2014-01-14) Electricity Aq 1yr
16,Nightsaver,914,11,7,72,11.44,6.11,0,,,EoN(2014-01-14) Electricity Aq 1yr
16,Nightsaver,914,11,6,72,11.3,6.19,0,,,EoN(2014-01-14) Electricity Aq 1yr
16,Nightsaver,914,11,5,72,11.12,6.22,0,,,EoN(2014-01-14) Electricity Aq 1yr
16,Nightsaver,914,11,8,72,11.5,6.04,0,,,EoN(2014-01-14) Electricity Aq 1yr
533,Nightsaver,90,11,7,72,11.44,6.11,0,,,EoN(2014-01-14) Electricity Aq 1yr
533,Nightsaver,90,11,6,72,11.3,6.19,0,,,EoN(2014-01-14) Electricity Aq 1yr
533,Nightsaver,90,11,5,72,11.12,6.22,0,,,EoN(2014-01-14) Electricity Aq 1yr
533,Nightsaver,90,11,8,72,11.5,6.04,0,,,EoN(2014-01-14) Electricity Aq 1yr
16,Nightsaver,915,11,7,72,11.44,6.11,0,,,EoN(2014-01-14) Electricity Aq 1yr
16,Nightsaver,915,11,6,72,11.3,6.19,0,,,EoN(2014-01-14) Electricity Aq 1yr
16,Nightsaver,915,11,5,72,11.12,6.22,0,,,EoN(2014-01-14) Electricity Aq 1yr
16,Nightsaver,915,11,8,72,11.5,6.04,0,,,EoN(2014-01-14) Electricity Aq 1yr
16,Nightsaver,912,11,7,72,11.44,6.11,0,,,EoN(2014-01-14) Electricity Aq 1yr
16,Nightsaver,912,11,6,72,11.3,6.19,0,,,EoN(2014-01-14) Electricity Aq 1yr
16,Nightsaver,912,11,5,72,11.12,6.22,0,,,EoN(2014-01-14) Electricity Aq 1yr
16,Nightsaver,912,11,8,72,11.5,6.04,0,,,EoN(2014-01-14) Electricity Aq 1yr
533,Nightsaver,161,11,7,72,11.44,6.11,0,,,EoN(2014-01-14) Electricity Aq 1yr
533,Nightsaver,161,11,6,72,11.3,6.19,0,,,EoN(2014-01-14) Electricity Aq 1yr
533,Nightsaver,161,11,5,72,11.12,6.22,0,,,EoN(2014-01-14) Electricity Aq 1yr
533,Nightsaver,161,11,8,72,11.5,6.04,0,,,EoN(2014-01-14) Electricity Aq 1yr
533,Nightsaver,915,11,7,72,11.44,6.11,0,,,EoN(2014-01-14) Electricity Aq 1yr
533,Nightsaver,915,11,6,72,11.3,6.19,0,,,EoN(2014-01-14) Electricity Aq 1yr
533,Nightsaver,915,11,5,72,11.12,6.22,0,,,EoN(2014-01-14) Electricity Aq 1yr
533,Nightsaver,915,11,8,72,11.5,6.04,0,,,EoN(2014-01-14) Electricity Aq 1yr
533,Nightsaver,912,11,7,72,11.44,6.11,0,,,EoN(2014-01-14) Electricity Aq 1yr
533,Nightsaver,912,11,6,72,11.3,6.19,0,,,EoN(2014-01-14) Electricity Aq 1yr
533,Nightsaver,912,11,5,72,11.12,6.22,0,,,EoN(2014-01-14) Electricity Aq 1yr
533,Nightsaver,912,11,8,72,11.5,6.04,0,,,EoN(2014-01-14) Electricity Aq 1yr
533,Nightsaver,907,11,7,72,11.44,6.11,0,,,EoN(2014-01-14) Electricity Aq 1yr
533,Nightsaver,907,11,6,72,11.3,6.19,0,,,EoN(2014-01-14) Electricity Aq 1yr
533,Nightsaver,907,11,5,72,11.12,6.22,0,,,EoN(2014-01-14) Electricity Aq 1yr
533,Nightsaver,907,11,8,72,11.5,6.04,0,,,EoN(2014-01-14) Electricity Aq 1yr
533,Nightsaver,903,11,7,72,11.44,6.11,0,,,EoN(2014-01-14) Electricity Aq 1yr
533,Nightsaver,903,11,6,72,11.3,6.19,0,,,EoN(2014-01-14) Electricity Aq 1yr
533,Nightsaver,903,11,5,72,11.12,6.22,0,,,EoN(2014-01-14) Electricity Aq 1yr
533,Nightsaver,903,11,8,72,11.5,6.04,0,,,EoN(2014-01-14) Electricity Aq 1yr
533,Nightsaver,902,11,7,72,11.44,6.11,0,,,EoN(2014-01-14) Electricity Aq 1yr
533,Nightsaver,902,11,6,72,11.3,6.19,0,,,EoN(2014-01-14) Electricity Aq 1yr
533,Nightsaver,902,11,5,72,11.12,6.22,0,,,EoN(2014-01-14) Electricity Aq 1yr
533,Nightsaver,902,11,8,72,11.5,6.04,0,,,EoN(2014-01-14) Electricity Aq 1yr
533,Nightsaver,176,11,7,72,11.44,6.11,0,,,EoN(2014-01-14) Electricity Aq 1yr
533,Nightsaver,176,11,6,72,11.3,6.19,0,,,EoN(2014-01-14) Electricity Aq 1yr
533,Nightsaver,176,11,5,72,11.12,6.22,0,,,EoN(2014-01-14) Electricity Aq 1yr
533,Nightsaver,176,11,8,72,11.5,6.04,0,,,EoN(2014-01-14) Electricity Aq 1yr
533,Nightsaver,174,11,7,72,11.44,6.11,0,,,EoN(2014-01-14) Electricity Aq 1yr
533,Nightsaver,174,11,6,72,11.3,6.19,0,,,EoN(2014-01-14) Electricity Aq 1yr
533,Nightsaver,174,11,5,72,11.12,6.22,0,,,EoN(2014-01-14) Electricity Aq 1yr
533,Nightsaver,174,11,8,72,11.5,6.04,0,,,EoN(2014-01-14) Electricity Aq 1yr
533,Nightsaver,171,11,7,72,11.44,6.11,0,,,EoN(2014-01-14) Electricity Aq 1yr
533,Nightsaver,171,11,6,72,11.3,6.19,0,,,EoN(2014-01-14) Electricity Aq 1yr
533,Nightsaver,171,11,5,72,11.12,6.22,0,,,EoN(2014-01-14) Electricity Aq 1yr
533,Nightsaver,171,11,8,72,11.5,6.04,0,,,EoN(2014-01-14) Electricity Aq 1yr
533,Nightsaver,162,11,7,72,11.44,6.11,0,,,EoN(2014-01-14) Electricity Aq 1yr
533,Nightsaver,162,11,6,72,11.3,6.19,0,,,EoN(2014-01-14) Electricity Aq 1yr
533,Nightsaver,162,11,5,72,11.12,6.22,0,,,EoN(2014-01-14) Electricity Aq 1yr
533,Nightsaver,162,11,8,72,11.5,6.04,0,,,EoN(2014-01-14) Electricity Aq 1yr
533,Nightsaver,96,11,7,72,11.44,6.11,0,,,EoN(2014-01-14) Electricity Aq 1yr
533,Nightsaver,96,11,6,72,11.3,6.19,0,,,EoN(2014-01-14) Electricity Aq 1yr
533,Nightsaver,96,11,5,72,11.12,6.22,0,,,EoN(2014-01-14) Electricity Aq 1yr
533,Nightsaver,96,11,8,72,11.5,6.04,0,,,EoN(2014-01-14) Electricity Aq 1yr
533,Nightsaver,94,11,7,72,11.44,6.11,0,,,EoN(2014-01-14) Electricity Aq 1yr
533,Nightsaver,94,11,6,72,11.3,6.19,0,,,EoN(2014-01-14) Electricity Aq 1yr
533,Nightsaver,94,11,5,72,11.12,6.22,0,,,EoN(2014-01-14) Electricity Aq 1yr
533,Nightsaver,94,11,8,72,11.5,6.04,0,,,EoN(2014-01-14) Electricity Aq 1yr
533,Nightsaver,91,11,7,72,11.44,6.11,0,,,EoN(2014-01-14) Electricity Aq 1yr
533,Nightsaver,91,11,6,72,11.3,6.19,0,,,EoN(2014-01-14) Electricity Aq 1yr
533,Nightsaver,91,11,5,72,11.12,6.22,0,,,EoN(2014-01-14) Electricity Aq 1yr
533,Nightsaver,91,11,8,72,11.5,6.04,0,,,EoN(2014-01-14) Electricity Aq 1yr
533,Nightsaver,914,11,7,72,11.44,6.11,0,,,EoN(2014-01-14) Electricity Aq 1yr
533,Nightsaver,914,11,6,72,11.3,6.19,0,,,EoN(2014-01-14) Electricity Aq 1yr
533,Nightsaver,914,11,5,72,11.12,6.22,0,,,EoN(2014-01-14) Electricity Aq 1yr
533,Nightsaver,914,11,8,72,11.5,6.04,0,,,EoN(2014-01-14) Electricity Aq 1yr
143,Nightsaver,1,11,7,72,11.44,6.11,0,,,EoN(2014-01-14) Electricity Aq 1yr
143,Nightsaver,1,11,6,72,11.3,6.19,0,,,EoN(2014-01-14) Electricity Aq 1yr
143,Nightsaver,1,11,5,72,11.12,6.22,0,,,EoN(2014-01-14) Electricity Aq 1yr
143,Nightsaver,1,11,8,72,11.5,6.04,0,,,EoN(2014-01-14) Electricity Aq 1yr
140,Nightsaver,8,11,7,72,11.44,6.11,0,,,EoN(2014-01-14) Electricity Aq 1yr
140,Nightsaver,8,11,6,72,11.3,6.19,0,,,EoN(2014-01-14) Electricity Aq 1yr
140,Nightsaver,8,11,5,72,11.12,6.22,0,,,EoN(2014-01-14) Electricity Aq 1yr
140,Nightsaver,8,11,8,72,11.5,6.04,0,,,EoN(2014-01-14) Electricity Aq 1yr
143,Nightsaver,3,11,7,72,11.44,6.11,0,,,EoN(2014-01-14) Electricity Aq 1yr
143,Nightsaver,3,11,6,72,11.3,6.19,0,,,EoN(2014-01-14) Electricity Aq 1yr
143,Nightsaver,3,11,5,72,11.12,6.22,0,,,EoN(2014-01-14) Electricity Aq 1yr
143,Nightsaver,3,11,8,72,11.5,6.04,0,,,EoN(2014-01-14) Electricity Aq 1yr
600,Nightsaver,8,11,7,72,11.44,6.11,0,,,EoN(2014-01-14) Electricity Aq 1yr
600,Nightsaver,8,11,6,72,11.3,6.19,0,,,EoN(2014-01-14) Electricity Aq 1yr
600,Nightsaver,8,11,5,72,11.12,6.22,0,,,EoN(2014-01-14) Electricity Aq 1yr
600,Nightsaver,8,11,8,72,11.5,6.04,0,,,EoN(2014-01-14) Electricity Aq 1yr
600,Nightsaver,3,11,7,72,11.44,6.11,0,,,EoN(2014-01-14) Electricity Aq 1yr
600,Nightsaver,3,11,6,72,11.3,6.19,0,,,EoN(2014-01-14) Electricity Aq 1yr
600,Nightsaver,3,11,5,72,11.12,6.22,0,,,EoN(2014-01-14) Electricity Aq 1yr
600,Nightsaver,3,11,8,72,11.5,6.04,0,,,EoN(2014-01-14) Electricity Aq 1yr
600,Nightsaver,2,11,7,72,11.44,6.11,0,,,EoN(2014-01-14) Electricity Aq 1yr
600,Nightsaver,2,11,6,72,11.3,6.19,0,,,EoN(2014-01-14) Electricity Aq 1yr
600,Nightsaver,2,11,5,72,11.12,6.22,0,,,EoN(2014-01-14) Electricity Aq 1yr
600,Nightsaver,2,11,8,72,11.5,6.04,0,,,EoN(2014-01-14) Electricity Aq 1yr
600,Nightsaver,1,11,7,72,11.44,6.11,0,,,EoN(2014-01-14) Electricity Aq 1yr
600,Nightsaver,1,11,6,72,11.3,6.19,0,,,EoN(2014-01-14) Electricity Aq 1yr
600,Nightsaver,1,11,5,72,11.12,6.22,0,,,EoN(2014-01-14) Electricity Aq 1yr
600,Nightsaver,1,11,8,72,11.5,6.04,0,,,EoN(2014-01-14) Electricity Aq 1yr
143,Nightsaver,8,11,7,72,11.44,6.11,0,,,EoN(2014-01-14) Electricity Aq 1yr
143,Nightsaver,8,11,6,72,11.3,6.19,0,,,EoN(2014-01-14) Electricity Aq 1yr
143,Nightsaver,8,11,5,72,11.12,6.22,0,,,EoN(2014-01-14) Electricity Aq 1yr
143,Nightsaver,8,11,8,72,11.5,6.04,0,,,EoN(2014-01-14) Electricity Aq 1yr
140,Nightsaver,3,11,7,72,11.44,6.11,0,,,EoN(2014-01-14) Electricity Aq 1yr
140,Nightsaver,3,11,6,72,11.3,6.19,0,,,EoN(2014-01-14) Electricity Aq 1yr
140,Nightsaver,3,11,5,72,11.12,6.22,0,,,EoN(2014-01-14) Electricity Aq 1yr
140,Nightsaver,3,11,8,72,11.5,6.04,0,,,EoN(2014-01-14) Electricity Aq 1yr
143,Nightsaver,2,11,7,72,11.44,6.11,0,,,EoN(2014-01-14) Electricity Aq 1yr
143,Nightsaver,2,11,6,72,11.3,6.19,0,,,EoN(2014-01-14) Electricity Aq 1yr
143,Nightsaver,2,11,5,72,11.12,6.22,0,,,EoN(2014-01-14) Electricity Aq 1yr
143,Nightsaver,2,11,8,72,11.5,6.04,0,,,EoN(2014-01-14) Electricity Aq 1yr
140,Nightsaver,2,11,7,72,11.44,6.11,0,,,EoN(2014-01-14) Electricity Aq 1yr
140,Nightsaver,2,11,6,72,11.3,6.19,0,,,EoN(2014-01-14) Electricity Aq 1yr
140,Nightsaver,2,11,5,72,11.12,6.22,0,,,EoN(2014-01-14) Electricity Aq 1yr
140,Nightsaver,2,11,8,72,11.5,6.04,0,,,EoN(2014-01-14) Electricity Aq 1yr
140,Nightsaver,1,11,7,72,11.44,6.11,0,,,EoN(2014-01-14) Electricity Aq 1yr
140,Nightsaver,1,11,6,72,11.3,6.19,0,,,EoN(2014-01-14) Electricity Aq 1yr
140,Nightsaver,1,11,5,72,11.12,6.22,0,,,EoN(2014-01-14) Electricity Aq 1yr
140,Nightsaver,1,11,8,72,11.5,6.04,0,,,EoN(2014-01-14) Electricity Aq 1yr
100,Nightsaver,2,11,7,72,11.44,6.11,0,,,EoN(2014-01-14) Electricity Aq 1yr
100,Nightsaver,2,11,6,72,11.3,6.19,0,,,EoN(2014-01-14) Electricity Aq 1yr
100,Nightsaver,2,11,5,72,11.12,6.22,0,,,EoN(2014-01-14) Electricity Aq 1yr
100,Nightsaver,2,11,8,72,11.5,6.04,0,,,EoN(2014-01-14) Electricity Aq 1yr
100,Nightsaver,1,11,7,72,11.44,6.11,0,,,EoN(2014-01-14) Electricity Aq 1yr
100,Nightsaver,1,11,6,72,11.3,6.19,0,,,EoN(2014-01-14) Electricity Aq 1yr
100,Nightsaver,1,11,5,72,11.12,6.22,0,,,EoN(2014-01-14) Electricity Aq 1yr
100,Nightsaver,1,11,8,72,11.5,6.04,0,,,EoN(2014-01-14) Electricity Aq 1yr
100,Nightsaver,3,11,7,72,11.44,6.11,0,,,EoN(2014-01-14) Electricity Aq 1yr
100,Nightsaver,3,11,6,72,11.3,6.19,0,,,EoN(2014-01-14) Electricity Aq 1yr
100,Nightsaver,3,11,5,72,11.12,6.22,0,,,EoN(2014-01-14) Electricity Aq 1yr
100,Nightsaver,3,11,8,72,11.5,6.04,0,,,EoN(2014-01-14) Electricity Aq 1yr
100,Nightsaver,8,11,7,72,11.44,6.11,0,,,EoN(2014-01-14) Electricity Aq 1yr
100,Nightsaver,8,11,6,72,11.3,6.19,0,,,EoN(2014-01-14) Electricity Aq 1yr
100,Nightsaver,8,11,5,72,11.12,6.22,0,,,EoN(2014-01-14) Electricity Aq 1yr
100,Nightsaver,8,11,8,72,11.5,6.04,0,,,EoN(2014-01-14) Electricity Aq 1yr
100,Nightsaver,37,11,7,72,11.44,6.11,0,,,EoN(2014-01-14) Electricity Aq 1yr
100,Nightsaver,37,11,6,72,11.3,6.19,0,,,EoN(2014-01-14) Electricity Aq 1yr
100,Nightsaver,37,11,5,72,11.12,6.22,0,,,EoN(2014-01-14) Electricity Aq 1yr
100,Nightsaver,37,11,8,72,11.5,6.04,0,,,EoN(2014-01-14) Electricity Aq 1yr
640,Nightsaver,2,11,7,72,11.44,6.11,0,,,EoN(2014-01-14) Electricity Aq 1yr
640,Nightsaver,2,11,6,72,11.3,6.19,0,,,EoN(2014-01-14) Electricity Aq 1yr
640,Nightsaver,2,11,5,72,11.12,6.22,0,,,EoN(2014-01-14) Electricity Aq 1yr
640,Nightsaver,2,11,8,72,11.5,6.04,0,,,EoN(2014-01-14) Electricity Aq 1yr
534,Nightsaver,14,11,7,72,11.44,6.11,0,,,EoN(2014-01-14) Electricity Aq 1yr
534,Nightsaver,14,11,6,72,11.3,6.19,0,,,EoN(2014-01-14) Electricity Aq 1yr
534,Nightsaver,14,11,5,72,11.12,6.22,0,,,EoN(2014-01-14) Electricity Aq 1yr
534,Nightsaver,14,11,8,72,11.5,6.04,0,,,EoN(2014-01-14) Electricity Aq 1yr
534,Nightsaver,13,11,7,72,11.44,6.11,0,,,EoN(2014-01-14) Electricity Aq 1yr
534,Nightsaver,13,11,6,72,11.3,6.19,0,,,EoN(2014-01-14) Electricity Aq 1yr
534,Nightsaver,13,11,5,72,11.12,6.22,0,,,EoN(2014-01-14) Electricity Aq 1yr
534,Nightsaver,13,11,8,72,11.5,6.04,0,,,EoN(2014-01-14) Electricity Aq 1yr
534,Nightsaver,12,11,7,72,11.44,6.11,0,,,EoN(2014-01-14) Electricity Aq 1yr
534,Nightsaver,12,11,6,72,11.3,6.19,0,,,EoN(2014-01-14) Electricity Aq 1yr
534,Nightsaver,12,11,5,72,11.12,6.22,0,,,EoN(2014-01-14) Electricity Aq 1yr
534,Nightsaver,12,11,8,72,11.5,6.04,0,,,EoN(2014-01-14) Electricity Aq 1yr
534,Nightsaver,4,11,7,72,11.44,6.11,0,,,EoN(2014-01-14) Electricity Aq 1yr
534,Nightsaver,4,11,6,72,11.3,6.19,0,,,EoN(2014-01-14) Electricity Aq 1yr
534,Nightsaver,4,11,5,72,11.12,6.22,0,,,EoN(2014-01-14) Electricity Aq 1yr
534,Nightsaver,4,11,8,72,11.5,6.04,0,,,EoN(2014-01-14) Electricity Aq 1yr
534,Nightsaver,3,11,7,72,11.44,6.11,0,,,EoN(2014-01-14) Electricity Aq 1yr
534,Nightsaver,3,11,6,72,11.3,6.19,0,,,EoN(2014-01-14) Electricity Aq 1yr
534,Nightsaver,3,11,5,72,11.12,6.22,0,,,EoN(2014-01-14) Electricity Aq 1yr
534,Nightsaver,3,11,8,72,11.5,6.04,0,,,EoN(2014-01-14) Electricity Aq 1yr
534,Nightsaver,16,11,7,72,11.44,6.11,0,,,EoN(2014-01-14) Electricity Aq 1yr
534,Nightsaver,16,11,6,72,11.3,6.19,0,,,EoN(2014-01-14) Electricity Aq 1yr
534,Nightsaver,16,11,5,72,11.12,6.22,0,,,EoN(2014-01-14) Electricity Aq 1yr
534,Nightsaver,16,11,8,72,11.5,6.04,0,,,EoN(2014-01-14) Electricity Aq 1yr
640,Nightsaver,1,11,7,72,11.44,6.11,0,,,EoN(2014-01-14) Electricity Aq 1yr
640,Nightsaver,1,11,6,72,11.3,6.19,0,,,EoN(2014-01-14) Electricity Aq 1yr
640,Nightsaver,1,11,5,72,11.12,6.22,0,,,EoN(2014-01-14) Electricity Aq 1yr
640,Nightsaver,1,11,8,72,11.5,6.04,0,,,EoN(2014-01-14) Electricity Aq 1yr
534,Nightsaver,17,11,7,72,11.44,6.11,0,,,EoN(2014-01-14) Electricity Aq 1yr
534,Nightsaver,17,11,6,72,11.3,6.19,0,,,EoN(2014-01-14) Electricity Aq 1yr
534,Nightsaver,17,11,5,72,11.12,6.22,0,,,EoN(2014-01-14) Electricity Aq 1yr
534,Nightsaver,17,11,8,72,11.5,6.04,0,,,EoN(2014-01-14) Electricity Aq 1yr
640,Nightsaver,3,11,7,72,11.44,6.11,0,,,EoN(2014-01-14) Electricity Aq 1yr
640,Nightsaver,3,11,6,72,11.3,6.19,0,,,EoN(2014-01-14) Electricity Aq 1yr
640,Nightsaver,3,11,5,72,11.12,6.22,0,,,EoN(2014-01-14) Electricity Aq 1yr
640,Nightsaver,3,11,8,72,11.5,6.04,0,,,EoN(2014-01-14) Electricity Aq 1yr
640,Nightsaver,8,11,7,72,11.44,6.11,0,,,EoN(2014-01-14) Electricity Aq 1yr
640,Nightsaver,8,11,6,72,11.3,6.19,0,,,EoN(2014-01-14) Electricity Aq 1yr
640,Nightsaver,8,11,5,72,11.12,6.22,0,,,EoN(2014-01-14) Electricity Aq 1yr
640,Nightsaver,8,11,8,72,11.5,6.04,0,,,EoN(2014-01-14) Electricity Aq 1yr
640,Nightsaver,37,11,7,72,11.44,6.11,0,,,EoN(2014-01-14) Electricity Aq 1yr
640,Nightsaver,37,11,6,72,11.3,6.19,0,,,EoN(2014-01-14) Electricity Aq 1yr
640,Nightsaver,37,11,5,72,11.12,6.22,0,,,EoN(2014-01-14) Electricity Aq 1yr
640,Nightsaver,37,11,8,72,11.5,6.04,0,,,EoN(2014-01-14) Electricity Aq 1yr
534,Nightsaver,1,11,7,72,11.44,6.11,0,,,EoN(2014-01-14) Electricity Aq 1yr
534,Nightsaver,1,11,6,72,11.3,6.19,0,,,EoN(2014-01-14) Electricity Aq 1yr
534,Nightsaver,1,11,5,72,11.12,6.22,0,,,EoN(2014-01-14) Electricity Aq 1yr
534,Nightsaver,1,11,8,72,11.5,6.04,0,,,EoN(2014-01-14) Electricity Aq 1yr
534,Nightsaver,101,11,7,72,11.44,6.11,0,,,EoN(2014-01-14) Electricity Aq 1yr
534,Nightsaver,101,11,6,72,11.3,6.19,0,,,EoN(2014-01-14) Electricity Aq 1yr
534,Nightsaver,101,11,5,72,11.12,6.22,0,,,EoN(2014-01-14) Electricity Aq 1yr
534,Nightsaver,101,11,8,72,11.5,6.04,0,,,EoN(2014-01-14) Electricity Aq 1yr
534,Nightsaver,137,11,7,72,11.44,6.11,0,,,EoN(2014-01-14) Electricity Aq 1yr
534,Nightsaver,137,11,6,72,11.3,6.19,0,,,EoN(2014-01-14) Electricity Aq 1yr
534,Nightsaver,137,11,5,72,11.12,6.22,0,,,EoN(2014-01-14) Electricity Aq 1yr
534,Nightsaver,137,11,8,72,11.5,6.04,0,,,EoN(2014-01-14) Electricity Aq 1yr
534,Nightsaver,134,11,7,72,11.44,6.11,0,,,EoN(2014-01-14) Electricity Aq 1yr
534,Nightsaver,134,11,6,72,11.3,6.19,0,,,EoN(2014-01-14) Electricity Aq 1yr
534,Nightsaver,134,11,5,72,11.12,6.22,0,,,EoN(2014-01-14) Electricity Aq 1yr
534,Nightsaver,134,11,8,72,11.5,6.04,0,,,EoN(2014-01-14) Electricity Aq 1yr
534,Nightsaver,116,11,7,72,11.44,6.11,0,,,EoN(2014-01-14) Electricity Aq 1yr
534,Nightsaver,116,11,6,72,11.3,6.19,0,,,EoN(2014-01-14) Electricity Aq 1yr
534,Nightsaver,116,11,5,72,11.12,6.22,0,,,EoN(2014-01-14) Electricity Aq 1yr
534,Nightsaver,116,11,8,72,11.5,6.04,0,,,EoN(2014-01-14) Electricity Aq 1yr
534,Nightsaver,15,11,7,72,11.44,6.11,0,,,EoN(2014-01-14) Electricity Aq 1yr
534,Nightsaver,15,11,6,72,11.3,6.19,0,,,EoN(2014-01-14) Electricity Aq 1yr
534,Nightsaver,15,11,5,72,11.12,6.22,0,,,EoN(2014-01-14) Electricity Aq 1yr
534,Nightsaver,15,11,8,72,11.5,6.04,0,,,EoN(2014-01-14) Electricity Aq 1yr
534,Nightsaver,104,11,7,72,11.44,6.11,0,,,EoN(2014-01-14) Electricity Aq 1yr
534,Nightsaver,104,11,6,72,11.3,6.19,0,,,EoN(2014-01-14) Electricity Aq 1yr
534,Nightsaver,104,11,5,72,11.12,6.22,0,,,EoN(2014-01-14) Electricity Aq 1yr
534,Nightsaver,104,11,8,72,11.5,6.04,0,,,EoN(2014-01-14) Electricity Aq 1yr
534,Nightsaver,37,11,7,72,11.44,6.11,0,,,EoN(2014-01-14) Electricity Aq 1yr
534,Nightsaver,37,11,6,72,11.3,6.19,0,,,EoN(2014-01-14) Electricity Aq 1yr
534,Nightsaver,37,11,5,72,11.12,6.22,0,,,EoN(2014-01-14) Electricity Aq 1yr
534,Nightsaver,37,11,8,72,11.5,6.04,0,,,EoN(2014-01-14) Electricity Aq 1yr
534,Nightsaver,34,11,7,72,11.44,6.11,0,,,EoN(2014-01-14) Electricity Aq 1yr
534,Nightsaver,34,11,6,72,11.3,6.19,0,,,EoN(2014-01-14) Electricity Aq 1yr
534,Nightsaver,34,11,5,72,11.12,6.22,0,,,EoN(2014-01-14) Electricity Aq 1yr
534,Nightsaver,34,11,8,72,11.5,6.04,0,,,EoN(2014-01-14) Electricity Aq 1yr
534,Nightsaver,26,11,7,72,11.44,6.11,0,,,EoN(2014-01-14) Electricity Aq 1yr
534,Nightsaver,26,11,6,72,11.3,6.19,0,,,EoN(2014-01-14) Electricity Aq 1yr
534,Nightsaver,26,11,5,72,11.12,6.22,0,,,EoN(2014-01-14) Electricity Aq 1yr
534,Nightsaver,26,11,8,72,11.5,6.04,0,,,EoN(2014-01-14) Electricity Aq 1yr
534,Nightsaver,24,11,7,72,11.44,6.11,0,,,EoN(2014-01-14) Electricity Aq 1yr
534,Nightsaver,24,11,6,72,11.3,6.19,0,,,EoN(2014-01-14) Electricity Aq 1yr
534,Nightsaver,24,11,5,72,11.12,6.22,0,,,EoN(2014-01-14) Electricity Aq 1yr
534,Nightsaver,24,11,8,72,11.5,6.04,0,,,EoN(2014-01-14) Electricity Aq 1yr
534,Nightsaver,20,11,7,72,11.44,6.11,0,,,EoN(2014-01-14) Electricity Aq 1yr
534,Nightsaver,20,11,6,72,11.3,6.19,0,,,EoN(2014-01-14) Electricity Aq 1yr
534,Nightsaver,20,11,5,72,11.12,6.22,0,,,EoN(2014-01-14) Electricity Aq 1yr
534,Nightsaver,20,11,8,72,11.5,6.04,0,,,EoN(2014-01-14) Electricity Aq 1yr
534,Nightsaver,18,11,7,72,11.44,6.11,0,,,EoN(2014-01-14) Electricity Aq 1yr
534,Nightsaver,18,11,6,72,11.3,6.19,0,,,EoN(2014-01-14) Electricity Aq 1yr
534,Nightsaver,18,11,5,72,11.12,6.22,0,,,EoN(2014-01-14) Electricity Aq 1yr
534,Nightsaver,18,11,8,72,11.5,6.04,0,,,EoN(2014-01-14) Electricity Aq 1yr
534,Nightsaver,113,11,7,72,11.44,6.11,0,,,EoN(2014-01-14) Electricity Aq 1yr
534,Nightsaver,113,11,6,72,11.3,6.19,0,,,EoN(2014-01-14) Electricity Aq 1yr
534,Nightsaver,113,11,5,72,11.12,6.22,0,,,EoN(2014-01-14) Electricity Aq 1yr
534,Nightsaver,113,11,8,72,11.5,6.04,0,,,EoN(2014-01-14) Electricity Aq 1yr
644,Nightsaver,37,11,7,72,11.44,6.11,0,,,EoN(2014-01-14) Electricity Aq 1yr
644,Nightsaver,37,11,6,72,11.3,6.19,0,,,EoN(2014-01-14) Electricity Aq 1yr
644,Nightsaver,37,11,5,72,11.12,6.22,0,,,EoN(2014-01-14) Electricity Aq 1yr
644,Nightsaver,37,11,8,72,11.5,6.04,0,,,EoN(2014-01-14) Electricity Aq 1yr
644,Nightsaver,2,11,7,72,11.44,6.11,0,,,EoN(2014-01-14) Electricity Aq 1yr
644,Nightsaver,2,11,6,72,11.3,6.19,0,,,EoN(2014-01-14) Electricity Aq 1yr
644,Nightsaver,2,11,5,72,11.12,6.22,0,,,EoN(2014-01-14) Electricity Aq 1yr
644,Nightsaver,2,11,8,72,11.5,6.04,0,,,EoN(2014-01-14) Electricity Aq 1yr
644,Nightsaver,8,11,7,72,11.44,6.11,0,,,EoN(2014-01-14) Electricity Aq 1yr
644,Nightsaver,8,11,6,72,11.3,6.19,0,,,EoN(2014-01-14) Electricity Aq 1yr
644,Nightsaver,8,11,5,72,11.12,6.22,0,,,EoN(2014-01-14) Electricity Aq 1yr
644,Nightsaver,8,11,8,72,11.5,6.04,0,,,EoN(2014-01-14) Electricity Aq 1yr
644,Nightsaver,3,11,7,72,11.44,6.11,0,,,EoN(2014-01-14) Electricity Aq 1yr
644,Nightsaver,3,11,6,72,11.3,6.19,0,,,EoN(2014-01-14) Electricity Aq 1yr
644,Nightsaver,3,11,5,72,11.12,6.22,0,,,EoN(2014-01-14) Electricity Aq 1yr
644,Nightsaver,3,11,8,72,11.5,6.04,0,,,EoN(2014-01-14) Electricity Aq 1yr
644,Nightsaver,1,11,7,72,11.44,6.11,0,,,EoN(2014-01-14) Electricity Aq 1yr
644,Nightsaver,1,11,6,72,11.3,6.19,0,,,EoN(2014-01-14) Electricity Aq 1yr
644,Nightsaver,1,11,5,72,11.12,6.22,0,,,EoN(2014-01-14) Electricity Aq 1yr
644,Nightsaver,1,11,8,72,11.5,6.04,0,,,EoN(2014-01-14) Electricity Aq 1yr
604,Nightsaver,3,11,7,72,11.44,6.11,0,,,EoN(2014-01-14) Electricity Aq 1yr
604,Nightsaver,3,11,6,72,11.3,6.19,0,,,EoN(2014-01-14) Electricity Aq 1yr
604,Nightsaver,3,11,5,72,11.12,6.22,0,,,EoN(2014-01-14) Electricity Aq 1yr
604,Nightsaver,3,11,8,72,11.5,6.04,0,,,EoN(2014-01-14) Electricity Aq 1yr
604,Nightsaver,8,11,7,72,11.44,6.11,0,,,EoN(2014-01-14) Electricity Aq 1yr
604,Nightsaver,8,11,6,72,11.3,6.19,0,,,EoN(2014-01-14) Electricity Aq 1yr
604,Nightsaver,8,11,5,72,11.12,6.22,0,,,EoN(2014-01-14) Electricity Aq 1yr
604,Nightsaver,8,11,8,72,11.5,6.04,0,,,EoN(2014-01-14) Electricity Aq 1yr
604,Nightsaver,2,11,7,72,11.44,6.11,0,,,EoN(2014-01-14) Electricity Aq 1yr
604,Nightsaver,2,11,6,72,11.3,6.19,0,,,EoN(2014-01-14) Electricity Aq 1yr
604,Nightsaver,2,11,5,72,11.12,6.22,0,,,EoN(2014-01-14) Electricity Aq 1yr
604,Nightsaver,2,11,8,72,11.5,6.04,0,,,EoN(2014-01-14) Electricity Aq 1yr
604,Nightsaver,1,11,7,72,11.44,6.11,0,,,EoN(2014-01-14) Electricity Aq 1yr
604,Nightsaver,1,11,6,72,11.3,6.19,0,,,EoN(2014-01-14) Electricity Aq 1yr
604,Nightsaver,1,11,5,72,11.12,6.22,0,,,EoN(2014-01-14) Electricity Aq 1yr
604,Nightsaver,1,11,8,72,11.5,6.04,0,,,EoN(2014-01-14) Electricity Aq 1yr
522,Nightsaver,137,11,7,72,11.44,6.11,0,,,EoN(2014-01-14) Electricity Aq 1yr
522,Nightsaver,137,11,6,72,11.3,6.19,0,,,EoN(2014-01-14) Electricity Aq 1yr
522,Nightsaver,137,11,5,72,11.12,6.22,0,,,EoN(2014-01-14) Electricity Aq 1yr
522,Nightsaver,137,11,8,72,11.5,6.04,0,,,EoN(2014-01-14) Electricity Aq 1yr
522,Nightsaver,134,11,7,72,11.44,6.11,0,,,EoN(2014-01-14) Electricity Aq 1yr
522,Nightsaver,134,11,6,72,11.3,6.19,0,,,EoN(2014-01-14) Electricity Aq 1yr
522,Nightsaver,134,11,5,72,11.12,6.22,0,,,EoN(2014-01-14) Electricity Aq 1yr
522,Nightsaver,134,11,8,72,11.5,6.04,0,,,EoN(2014-01-14) Electricity Aq 1yr
522,Nightsaver,116,11,7,72,11.44,6.11,0,,,EoN(2014-01-14) Electricity Aq 1yr
522,Nightsaver,116,11,6,72,11.3,6.19,0,,,EoN(2014-01-14) Electricity Aq 1yr
522,Nightsaver,116,11,5,72,11.12,6.22,0,,,EoN(2014-01-14) Electricity Aq 1yr
522,Nightsaver,116,11,8,72,11.5,6.04,0,,,EoN(2014-01-14) Electricity Aq 1yr
522,Nightsaver,113,11,7,72,11.44,6.11,0,,,EoN(2014-01-14) Electricity Aq 1yr
522,Nightsaver,113,11,6,72,11.3,6.19,0,,,EoN(2014-01-14) Electricity Aq 1yr
522,Nightsaver,113,11,5,72,11.12,6.22,0,,,EoN(2014-01-14) Electricity Aq 1yr
522,Nightsaver,113,11,8,72,11.5,6.04,0,,,EoN(2014-01-14) Electricity Aq 1yr
522,Nightsaver,104,11,7,72,11.44,6.11,0,,,EoN(2014-01-14) Electricity Aq 1yr
522,Nightsaver,104,11,6,72,11.3,6.19,0,,,EoN(2014-01-14) Electricity Aq 1yr
522,Nightsaver,104,11,5,72,11.12,6.22,0,,,EoN(2014-01-14) Electricity Aq 1yr
522,Nightsaver,104,11,8,72,11.5,6.04,0,,,EoN(2014-01-14) Electricity Aq 1yr
522,Nightsaver,101,11,7,72,11.44,6.11,0,,,EoN(2014-01-14) Electricity Aq 1yr
522,Nightsaver,101,11,6,72,11.3,6.19,0,,,EoN(2014-01-14) Electricity Aq 1yr
522,Nightsaver,101,11,5,72,11.12,6.22,0,,,EoN(2014-01-14) Electricity Aq 1yr
522,Nightsaver,101,11,8,72,11.5,6.04,0,,,EoN(2014-01-14) Electricity Aq 1yr
522,Nightsaver,26,11,7,72,11.44,6.11,0,,,EoN(2014-01-14) Electricity Aq 1yr
522,Nightsaver,26,11,6,72,11.3,6.19,0,,,EoN(2014-01-14) Electricity Aq 1yr
522,Nightsaver,26,11,5,72,11.12,6.22,0,,,EoN(2014-01-14) Electricity Aq 1yr
522,Nightsaver,26,11,8,72,11.5,6.04,0,,,EoN(2014-01-14) Electricity Aq 1yr
522,Nightsaver,37,11,7,72,11.44,6.11,0,,,EoN(2014-01-14) Electricity Aq 1yr
522,Nightsaver,37,11,6,72,11.3,6.19,0,,,EoN(2014-01-14) Electricity Aq 1yr
522,Nightsaver,37,11,5,72,11.12,6.22,0,,,EoN(2014-01-14) Electricity Aq 1yr
522,Nightsaver,37,11,8,72,11.5,6.04,0,,,EoN(2014-01-14) Electricity Aq 1yr
103,Nightsaver,3,11,7,72,11.44,6.11,0,,,EoN(2014-01-14) Electricity Aq 1yr
103,Nightsaver,3,11,6,72,11.3,6.19,0,,,EoN(2014-01-14) Electricity Aq 1yr
103,Nightsaver,3,11,5,72,11.12,6.22,0,,,EoN(2014-01-14) Electricity Aq 1yr
103,Nightsaver,3,11,8,72,11.5,6.04,0,,,EoN(2014-01-14) Electricity Aq 1yr
522,Nightsaver,13,11,7,72,11.44,6.11,0,,,EoN(2014-01-14) Electricity Aq 1yr
522,Nightsaver,13,11,6,72,11.3,6.19,0,,,EoN(2014-01-14) Electricity Aq 1yr
522,Nightsaver,13,11,5,72,11.12,6.22,0,,,EoN(2014-01-14) Electricity Aq 1yr
522,Nightsaver,13,11,8,72,11.5,6.04,0,,,EoN(2014-01-14) Electricity Aq 1yr
522,Nightsaver,24,11,7,72,11.44,6.11,0,,,EoN(2014-01-14) Electricity Aq 1yr
522,Nightsaver,24,11,6,72,11.3,6.19,0,,,EoN(2014-01-14) Electricity Aq 1yr
522,Nightsaver,24,11,5,72,11.12,6.22,0,,,EoN(2014-01-14) Electricity Aq 1yr
522,Nightsaver,24,11,8,72,11.5,6.04,0,,,EoN(2014-01-14) Electricity Aq 1yr
522,Nightsaver,20,11,7,72,11.44,6.11,0,,,EoN(2014-01-14) Electricity Aq 1yr
522,Nightsaver,20,11,6,72,11.3,6.19,0,,,EoN(2014-01-14) Electricity Aq 1yr
522,Nightsaver,20,11,5,72,11.12,6.22,0,,,EoN(2014-01-14) Electricity Aq 1yr
522,Nightsaver,20,11,8,72,11.5,6.04,0,,,EoN(2014-01-14) Electricity Aq 1yr
522,Nightsaver,18,11,7,72,11.44,6.11,0,,,EoN(2014-01-14) Electricity Aq 1yr
522,Nightsaver,18,11,6,72,11.3,6.19,0,,,EoN(2014-01-14) Electricity Aq 1yr
522,Nightsaver,18,11,5,72,11.12,6.22,0,,,EoN(2014-01-14) Electricity Aq 1yr
522,Nightsaver,18,11,8,72,11.5,6.04,0,,,EoN(2014-01-14) Electricity Aq 1yr
522,Nightsaver,17,11,7,72,11.44,6.11,0,,,EoN(2014-01-14) Electricity Aq 1yr
522,Nightsaver,17,11,6,72,11.3,6.19,0,,,EoN(2014-01-14) Electricity Aq 1yr
522,Nightsaver,17,11,5,72,11.12,6.22,0,,,EoN(2014-01-14) Electricity Aq 1yr
522,Nightsaver,17,11,8,72,11.5,6.04,0,,,EoN(2014-01-14) Electricity Aq 1yr
522,Nightsaver,16,11,7,72,11.44,6.11,0,,,EoN(2014-01-14) Electricity Aq 1yr
522,Nightsaver,16,11,6,72,11.3,6.19,0,,,EoN(2014-01-14) Electricity Aq 1yr
522,Nightsaver,16,11,5,72,11.12,6.22,0,,,EoN(2014-01-14) Electricity Aq 1yr
522,Nightsaver,16,11,8,72,11.5,6.04,0,,,EoN(2014-01-14) Electricity Aq 1yr
522,Nightsaver,14,11,7,72,11.44,6.11,0,,,EoN(2014-01-14) Electricity Aq 1yr
522,Nightsaver,14,11,6,72,11.3,6.19,0,,,EoN(2014-01-14) Electricity Aq 1yr
522,Nightsaver,14,11,5,72,11.12,6.22,0,,,EoN(2014-01-14) Electricity Aq 1yr
522,Nightsaver,14,11,8,72,11.5,6.04,0,,,EoN(2014-01-14) Electricity Aq 1yr
103,Nightsaver,8,11,7,72,11.44,6.11,0,,,EoN(2014-01-14) Electricity Aq 1yr
103,Nightsaver,8,11,6,72,11.3,6.19,0,,,EoN(2014-01-14) Electricity Aq 1yr
103,Nightsaver,8,11,5,72,11.12,6.22,0,,,EoN(2014-01-14) Electricity Aq 1yr
103,Nightsaver,8,11,8,72,11.5,6.04,0,,,EoN(2014-01-14) Electricity Aq 1yr
522,Nightsaver,12,11,7,72,11.44,6.11,0,,,EoN(2014-01-14) Electricity Aq 1yr
522,Nightsaver,12,11,6,72,11.3,6.19,0,,,EoN(2014-01-14) Electricity Aq 1yr
522,Nightsaver,12,11,5,72,11.12,6.22,0,,,EoN(2014-01-14) Electricity Aq 1yr
522,Nightsaver,12,11,8,72,11.5,6.04,0,,,EoN(2014-01-14) Electricity Aq 1yr
522,Nightsaver,4,11,7,72,11.44,6.11,0,,,EoN(2014-01-14) Electricity Aq 1yr
522,Nightsaver,4,11,6,72,11.3,6.19,0,,,EoN(2014-01-14) Electricity Aq 1yr
522,Nightsaver,4,11,5,72,11.12,6.22,0,,,EoN(2014-01-14) Electricity Aq 1yr
522,Nightsaver,4,11,8,72,11.5,6.04,0,,,EoN(2014-01-14) Electricity Aq 1yr
522,Nightsaver,3,11,7,72,11.44,6.11,0,,,EoN(2014-01-14) Electricity Aq 1yr
522,Nightsaver,3,11,6,72,11.3,6.19,0,,,EoN(2014-01-14) Electricity Aq 1yr
522,Nightsaver,3,11,5,72,11.12,6.22,0,,,EoN(2014-01-14) Electricity Aq 1yr
522,Nightsaver,3,11,8,72,11.5,6.04,0,,,EoN(2014-01-14) Electricity Aq 1yr
522,Nightsaver,1,11,7,72,11.44,6.11,0,,,EoN(2014-01-14) Electricity Aq 1yr
522,Nightsaver,1,11,6,72,11.3,6.19,0,,,EoN(2014-01-14) Electricity Aq 1yr
522,Nightsaver,1,11,5,72,11.12,6.22,0,,,EoN(2014-01-14) Electricity Aq 1yr
522,Nightsaver,1,11,8,72,11.5,6.04,0,,,EoN(2014-01-14) Electricity Aq 1yr
103,Nightsaver,1,11,7,72,11.44,6.11,0,,,EoN(2014-01-14) Electricity Aq 1yr
103,Nightsaver,1,11,6,72,11.3,6.19,0,,,EoN(2014-01-14) Electricity Aq 1yr
103,Nightsaver,1,11,5,72,11.12,6.22,0,,,EoN(2014-01-14) Electricity Aq 1yr
103,Nightsaver,1,11,8,72,11.5,6.04,0,,,EoN(2014-01-14) Electricity Aq 1yr
103,Nightsaver,2,11,7,72,11.44,6.11,0,,,EoN(2014-01-14) Electricity Aq 1yr
103,Nightsaver,2,11,6,72,11.3,6.19,0,,,EoN(2014-01-14) Electricity Aq 1yr
103,Nightsaver,2,11,5,72,11.12,6.22,0,,,EoN(2014-01-14) Electricity Aq 1yr
103,Nightsaver,2,11,8,72,11.5,6.04,0,,,EoN(2014-01-14) Electricity Aq 1yr
522,Nightsaver,34,11,7,72,11.44,6.11,0,,,EoN(2014-01-14) Electricity Aq 1yr
522,Nightsaver,34,11,6,72,11.3,6.19,0,,,EoN(2014-01-14) Electricity Aq 1yr
522,Nightsaver,34,11,5,72,11.12,6.22,0,,,EoN(2014-01-14) Electricity Aq 1yr
522,Nightsaver,34,11,8,72,11.5,6.04,0,,,EoN(2014-01-14) Electricity Aq 1yr
522,Nightsaver,15,11,7,72,11.44,6.11,0,,,EoN(2014-01-14) Electricity Aq 1yr
522,Nightsaver,15,11,6,72,11.3,6.19,0,,,EoN(2014-01-14) Electricity Aq 1yr
522,Nightsaver,15,11,5,72,11.12,6.22,0,,,EoN(2014-01-14) Electricity Aq 1yr
522,Nightsaver,15,11,8,72,11.5,6.04,0,,,EoN(2014-01-14) Electricity Aq 1yr
811,Nightsaver,104,11,7,72,11.44,6.11,0,,,EoN(2014-01-14) Electricity Aq 1yr
811,Nightsaver,104,11,6,72,11.3,6.19,0,,,EoN(2014-01-14) Electricity Aq 1yr
811,Nightsaver,104,11,5,72,11.12,6.22,0,,,EoN(2014-01-14) Electricity Aq 1yr
811,Nightsaver,104,11,8,72,11.5,6.04,0,,,EoN(2014-01-14) Electricity Aq 1yr
811,Nightsaver,113,11,7,72,11.44,6.11,0,,,EoN(2014-01-14) Electricity Aq 1yr
811,Nightsaver,113,11,6,72,11.3,6.19,0,,,EoN(2014-01-14) Electricity Aq 1yr
811,Nightsaver,113,11,5,72,11.12,6.22,0,,,EoN(2014-01-14) Electricity Aq 1yr
811,Nightsaver,113,11,8,72,11.5,6.04,0,,,EoN(2014-01-14) Electricity Aq 1yr
811,Nightsaver,116,11,7,72,11.44,6.11,0,,,EoN(2014-01-14) Electricity Aq 1yr
811,Nightsaver,116,11,6,72,11.3,6.19,0,,,EoN(2014-01-14) Electricity Aq 1yr
811,Nightsaver,116,11,5,72,11.12,6.22,0,,,EoN(2014-01-14) Electricity Aq 1yr
811,Nightsaver,116,11,8,72,11.5,6.04,0,,,EoN(2014-01-14) Electricity Aq 1yr
811,Nightsaver,134,11,7,72,11.44,6.11,0,,,EoN(2014-01-14) Electricity Aq 1yr
811,Nightsaver,134,11,6,72,11.3,6.19,0,,,EoN(2014-01-14) Electricity Aq 1yr
811,Nightsaver,134,11,5,72,11.12,6.22,0,,,EoN(2014-01-14) Electricity Aq 1yr
811,Nightsaver,134,11,8,72,11.5,6.04,0,,,EoN(2014-01-14) Electricity Aq 1yr
811,Nightsaver,137,11,7,72,11.44,6.11,0,,,EoN(2014-01-14) Electricity Aq 1yr
811,Nightsaver,137,11,6,72,11.3,6.19,0,,,EoN(2014-01-14) Electricity Aq 1yr
811,Nightsaver,137,11,5,72,11.12,6.22,0,,,EoN(2014-01-14) Electricity Aq 1yr
811,Nightsaver,137,11,8,72,11.5,6.04,0,,,EoN(2014-01-14) Electricity Aq 1yr
812,Nightsaver,134,11,7,72,11.44,6.11,0,,,EoN(2014-01-14) Electricity Aq 1yr
812,Nightsaver,134,11,6,72,11.3,6.19,0,,,EoN(2014-01-14) Electricity Aq 1yr
812,Nightsaver,134,11,5,72,11.12,6.22,0,,,EoN(2014-01-14) Electricity Aq 1yr
812,Nightsaver,134,11,8,72,11.5,6.04,0,,,EoN(2014-01-14) Electricity Aq 1yr
812,Nightsaver,137,11,7,72,11.44,6.11,0,,,EoN(2014-01-14) Electricity Aq 1yr
812,Nightsaver,137,11,6,72,11.3,6.19,0,,,EoN(2014-01-14) Electricity Aq 1yr
812,Nightsaver,137,11,5,72,11.12,6.22,0,,,EoN(2014-01-14) Electricity Aq 1yr
812,Nightsaver,137,11,8,72,11.5,6.04,0,,,EoN(2014-01-14) Electricity Aq 1yr
812,Nightsaver,113,11,7,72,11.44,6.11,0,,,EoN(2014-01-14) Electricity Aq 1yr
812,Nightsaver,113,11,6,72,11.3,6.19,0,,,EoN(2014-01-14) Electricity Aq 1yr
812,Nightsaver,113,11,5,72,11.12,6.22,0,,,EoN(2014-01-14) Electricity Aq 1yr
812,Nightsaver,113,11,8,72,11.5,6.04,0,,,EoN(2014-01-14) Electricity Aq 1yr
812,Nightsaver,104,11,7,72,11.44,6.11,0,,,EoN(2014-01-14) Electricity Aq 1yr
812,Nightsaver,104,11,6,72,11.3,6.19,0,,,EoN(2014-01-14) Electricity Aq 1yr
812,Nightsaver,104,11,5,72,11.12,6.22,0,,,EoN(2014-01-14) Electricity Aq 1yr
812,Nightsaver,104,11,8,72,11.5,6.04,0,,,EoN(2014-01-14) Electricity Aq 1yr
812,Nightsaver,17,11,7,72,11.44,6.11,0,,,EoN(2014-01-14) Electricity Aq 1yr
812,Nightsaver,17,11,6,72,11.3,6.19,0,,,EoN(2014-01-14) Electricity Aq 1yr
812,Nightsaver,17,11,5,72,11.12,6.22,0,,,EoN(2014-01-14) Electricity Aq 1yr
812,Nightsaver,17,11,8,72,11.5,6.04,0,,,EoN(2014-01-14) Electricity Aq 1yr
812,Nightsaver,1,11,7,72,11.44,6.11,0,,,EoN(2014-01-14) Electricity Aq 1yr
812,Nightsaver,1,11,6,72,11.3,6.19,0,,,EoN(2014-01-14) Electricity Aq 1yr
812,Nightsaver,1,11,5,72,11.12,6.22,0,,,EoN(2014-01-14) Electricity Aq 1yr
812,Nightsaver,1,11,8,72,11.5,6.04,0,,,EoN(2014-01-14) Electricity Aq 1yr
812,Nightsaver,3,11,7,72,11.44,6.11,0,,,EoN(2014-01-14) Electricity Aq 1yr
812,Nightsaver,3,11,6,72,11.3,6.19,0,,,EoN(2014-01-14) Electricity Aq 1yr
812,Nightsaver,3,11,5,72,11.12,6.22,0,,,EoN(2014-01-14) Electricity Aq 1yr
812,Nightsaver,3,11,8,72,11.5,6.04,0,,,EoN(2014-01-14) Electricity Aq 1yr
812,Nightsaver,4,11,7,72,11.44,6.11,0,,,EoN(2014-01-14) Electricity Aq 1yr
812,Nightsaver,4,11,6,72,11.3,6.19,0,,,EoN(2014-01-14) Electricity Aq 1yr
812,Nightsaver,4,11,5,72,11.12,6.22,0,,,EoN(2014-01-14) Electricity Aq 1yr
812,Nightsaver,4,11,8,72,11.5,6.04,0,,,EoN(2014-01-14) Electricity Aq 1yr
812,Nightsaver,12,11,7,72,11.44,6.11,0,,,EoN(2014-01-14) Electricity Aq 1yr
812,Nightsaver,12,11,6,72,11.3,6.19,0,,,EoN(2014-01-14) Electricity Aq 1yr
812,Nightsaver,12,11,5,72,11.12,6.22,0,,,EoN(2014-01-14) Electricity Aq 1yr
812,Nightsaver,12,11,8,72,11.5,6.04,0,,,EoN(2014-01-14) Electricity Aq 1yr
812,Nightsaver,13,11,7,72,11.44,6.11,0,,,EoN(2014-01-14) Electricity Aq 1yr
812,Nightsaver,13,11,6,72,11.3,6.19,0,,,EoN(2014-01-14) Electricity Aq 1yr
812,Nightsaver,13,11,5,72,11.12,6.22,0,,,EoN(2014-01-14) Electricity Aq 1yr
812,Nightsaver,13,11,8,72,11.5,6.04,0,,,EoN(2014-01-14) Electricity Aq 1yr
812,Nightsaver,14,11,7,72,11.44,6.11,0,,,EoN(2014-01-14) Electricity Aq 1yr
812,Nightsaver,14,11,6,72,11.3,6.19,0,,,EoN(2014-01-14) Electricity Aq 1yr
812,Nightsaver,14,11,5,72,11.12,6.22,0,,,EoN(2014-01-14) Electricity Aq 1yr
812,Nightsaver,14,11,8,72,11.5,6.04,0,,,EoN(2014-01-14) Electricity Aq 1yr
812,Nightsaver,116,11,7,72,11.44,6.11,0,,,EoN(2014-01-14) Electricity Aq 1yr
812,Nightsaver,116,11,6,72,11.3,6.19,0,,,EoN(2014-01-14) Electricity Aq 1yr
812,Nightsaver,116,11,5,72,11.12,6.22,0,,,EoN(2014-01-14) Electricity Aq 1yr
812,Nightsaver,116,11,8,72,11.5,6.04,0,,,EoN(2014-01-14) Electricity Aq 1yr
812,Nightsaver,16,11,7,72,11.44,6.11,0,,,EoN(2014-01-14) Electricity Aq 1yr
812,Nightsaver,16,11,6,72,11.3,6.19,0,,,EoN(2014-01-14) Electricity Aq 1yr
812,Nightsaver,16,11,5,72,11.12,6.22,0,,,EoN(2014-01-14) Electricity Aq 1yr
812,Nightsaver,16,11,8,72,11.5,6.04,0,,,EoN(2014-01-14) Electricity Aq 1yr
812,Nightsaver,18,11,7,72,11.44,6.11,0,,,EoN(2014-01-14) Electricity Aq 1yr
812,Nightsaver,18,11,6,72,11.3,6.19,0,,,EoN(2014-01-14) Electricity Aq 1yr
812,Nightsaver,18,11,5,72,11.12,6.22,0,,,EoN(2014-01-14) Electricity Aq 1yr
812,Nightsaver,18,11,8,72,11.5,6.04,0,,,EoN(2014-01-14) Electricity Aq 1yr
812,Nightsaver,20,11,7,72,11.44,6.11,0,,,EoN(2014-01-14) Electricity Aq 1yr
812,Nightsaver,20,11,6,72,11.3,6.19,0,,,EoN(2014-01-14) Electricity Aq 1yr
812,Nightsaver,20,11,5,72,11.12,6.22,0,,,EoN(2014-01-14) Electricity Aq 1yr
812,Nightsaver,20,11,8,72,11.5,6.04,0,,,EoN(2014-01-14) Electricity Aq 1yr
812,Nightsaver,24,11,7,72,11.44,6.11,0,,,EoN(2014-01-14) Electricity Aq 1yr
812,Nightsaver,24,11,6,72,11.3,6.19,0,,,EoN(2014-01-14) Electricity Aq 1yr
812,Nightsaver,24,11,5,72,11.12,6.22,0,,,EoN(2014-01-14) Electricity Aq 1yr
812,Nightsaver,24,11,8,72,11.5,6.04,0,,,EoN(2014-01-14) Electricity Aq 1yr
812,Nightsaver,26,11,7,72,11.44,6.11,0,,,EoN(2014-01-14) Electricity Aq 1yr
812,Nightsaver,26,11,6,72,11.3,6.19,0,,,EoN(2014-01-14) Electricity Aq 1yr
812,Nightsaver,26,11,5,72,11.12,6.22,0,,,EoN(2014-01-14) Electricity Aq 1yr
812,Nightsaver,26,11,8,72,11.5,6.04,0,,,EoN(2014-01-14) Electricity Aq 1yr
812,Nightsaver,34,11,7,72,11.44,6.11,0,,,EoN(2014-01-14) Electricity Aq 1yr
812,Nightsaver,34,11,6,72,11.3,6.19,0,,,EoN(2014-01-14) Electricity Aq 1yr
812,Nightsaver,34,11,5,72,11.12,6.22,0,,,EoN(2014-01-14) Electricity Aq 1yr
812,Nightsaver,34,11,8,72,11.5,6.04,0,,,EoN(2014-01-14) Electricity Aq 1yr
812,Nightsaver,37,11,7,72,11.44,6.11,0,,,EoN(2014-01-14) Electricity Aq 1yr
812,Nightsaver,37,11,6,72,11.3,6.19,0,,,EoN(2014-01-14) Electricity Aq 1yr
812,Nightsaver,37,11,5,72,11.12,6.22,0,,,EoN(2014-01-14) Electricity Aq 1yr
812,Nightsaver,37,11,8,72,11.5,6.04,0,,,EoN(2014-01-14) Electricity Aq 1yr
812,Nightsaver,101,11,7,72,11.44,6.11,0,,,EoN(2014-01-14) Electricity Aq 1yr
812,Nightsaver,101,11,6,72,11.3,6.19,0,,,EoN(2014-01-14) Electricity Aq 1yr
812,Nightsaver,101,11,5,72,11.12,6.22,0,,,EoN(2014-01-14) Electricity Aq 1yr
812,Nightsaver,101,11,8,72,11.5,6.04,0,,,EoN(2014-01-14) Electricity Aq 1yr
812,Nightsaver,15,11,7,72,11.44,6.11,0,,,EoN(2014-01-14) Electricity Aq 1yr
812,Nightsaver,15,11,6,72,11.3,6.19,0,,,EoN(2014-01-14) Electricity Aq 1yr
812,Nightsaver,15,11,5,72,11.12,6.22,0,,,EoN(2014-01-14) Electricity Aq 1yr
812,Nightsaver,15,11,8,72,11.5,6.04,0,,,EoN(2014-01-14) Electricity Aq 1yr
890,Nightsaver,16,11,7,72,11.44,6.11,0,,,EoN(2014-01-14) Electricity Aq 1yr
890,Nightsaver,16,11,6,72,11.3,6.19,0,,,EoN(2014-01-14) Electricity Aq 1yr
890,Nightsaver,16,11,5,72,11.12,6.22,0,,,EoN(2014-01-14) Electricity Aq 1yr
890,Nightsaver,16,11,8,72,11.5,6.04,0,,,EoN(2014-01-14) Electricity Aq 1yr
890,Nightsaver,13,11,7,72,11.44,6.11,0,,,EoN(2014-01-14) Electricity Aq 1yr
890,Nightsaver,13,11,6,72,11.3,6.19,0,,,EoN(2014-01-14) Electricity Aq 1yr
890,Nightsaver,13,11,5,72,11.12,6.22,0,,,EoN(2014-01-14) Electricity Aq 1yr
890,Nightsaver,13,11,8,72,11.5,6.04,0,,,EoN(2014-01-14) Electricity Aq 1yr
890,Nightsaver,4,11,7,72,11.44,6.11,0,,,EoN(2014-01-14) Electricity Aq 1yr
890,Nightsaver,4,11,6,72,11.3,6.19,0,,,EoN(2014-01-14) Electricity Aq 1yr
890,Nightsaver,4,11,5,72,11.12,6.22,0,,,EoN(2014-01-14) Electricity Aq 1yr
890,Nightsaver,4,11,8,72,11.5,6.04,0,,,EoN(2014-01-14) Electricity Aq 1yr
890,Nightsaver,3,11,7,72,11.44,6.11,0,,,EoN(2014-01-14) Electricity Aq 1yr
890,Nightsaver,3,11,6,72,11.3,6.19,0,,,EoN(2014-01-14) Electricity Aq 1yr
890,Nightsaver,3,11,5,72,11.12,6.22,0,,,EoN(2014-01-14) Electricity Aq 1yr
890,Nightsaver,3,11,8,72,11.5,6.04,0,,,EoN(2014-01-14) Electricity Aq 1yr
890,Nightsaver,1,11,7,72,11.44,6.11,0,,,EoN(2014-01-14) Electricity Aq 1yr
890,Nightsaver,1,11,6,72,11.3,6.19,0,,,EoN(2014-01-14) Electricity Aq 1yr
890,Nightsaver,1,11,5,72,11.12,6.22,0,,,EoN(2014-01-14) Electricity Aq 1yr
890,Nightsaver,1,11,8,72,11.5,6.04,0,,,EoN(2014-01-14) Electricity Aq 1yr
890,Nightsaver,104,11,7,72,11.44,6.11,0,,,EoN(2014-01-14) Electricity Aq 1yr
890,Nightsaver,104,11,6,72,11.3,6.19,0,,,EoN(2014-01-14) Electricity Aq 1yr
890,Nightsaver,104,11,5,72,11.12,6.22,0,,,EoN(2014-01-14) Electricity Aq 1yr
890,Nightsaver,104,11,8,72,11.5,6.04,0,,,EoN(2014-01-14) Electricity Aq 1yr
890,Nightsaver,37,11,7,72,11.44,6.11,0,,,EoN(2014-01-14) Electricity Aq 1yr
890,Nightsaver,37,11,6,72,11.3,6.19,0,,,EoN(2014-01-14) Electricity Aq 1yr
890,Nightsaver,37,11,5,72,11.12,6.22,0,,,EoN(2014-01-14) Electricity Aq 1yr
890,Nightsaver,37,11,8,72,11.5,6.04,0,,,EoN(2014-01-14) Electricity Aq 1yr
890,Nightsaver,101,11,7,72,11.44,6.11,0,,,EoN(2014-01-14) Electricity Aq 1yr
890,Nightsaver,101,11,6,72,11.3,6.19,0,,,EoN(2014-01-14) Electricity Aq 1yr
890,Nightsaver,101,11,5,72,11.12,6.22,0,,,EoN(2014-01-14) Electricity Aq 1yr
890,Nightsaver,101,11,8,72,11.5,6.04,0,,,EoN(2014-01-14) Electricity Aq 1yr
890,Nightsaver,116,11,7,72,11.44,6.11,0,,,EoN(2014-01-14) Electricity Aq 1yr
890,Nightsaver,116,11,6,72,11.3,6.19,0,,,EoN(2014-01-14) Electricity Aq 1yr
890,Nightsaver,116,11,5,72,11.12,6.22,0,,,EoN(2014-01-14) Electricity Aq 1yr
890,Nightsaver,116,11,8,72,11.5,6.04,0,,,EoN(2014-01-14) Electricity Aq 1yr
890,Nightsaver,113,11,7,72,11.44,6.11,0,,,EoN(2014-01-14) Electricity Aq 1yr
890,Nightsaver,113,11,6,72,11.3,6.19,0,,,EoN(2014-01-14) Electricity Aq 1yr
890,Nightsaver,113,11,5,72,11.12,6.22,0,,,EoN(2014-01-14) Electricity Aq 1yr
890,Nightsaver,113,11,8,72,11.5,6.04,0,,,EoN(2014-01-14) Electricity Aq 1yr
874,Nightsaver,16,11,7,72,11.44,6.11,0,,,EoN(2014-01-14) Electricity Aq 1yr
874,Nightsaver,16,11,6,72,11.3,6.19,0,,,EoN(2014-01-14) Electricity Aq 1yr
874,Nightsaver,16,11,5,72,11.12,6.22,0,,,EoN(2014-01-14) Electricity Aq 1yr
874,Nightsaver,16,11,8,72,11.5,6.04,0,,,EoN(2014-01-14) Electricity Aq 1yr
874,Nightsaver,37,11,7,72,11.44,6.11,0,,,EoN(2014-01-14) Electricity Aq 1yr
874,Nightsaver,37,11,6,72,11.3,6.19,0,,,EoN(2014-01-14) Electricity Aq 1yr
874,Nightsaver,37,11,5,72,11.12,6.22,0,,,EoN(2014-01-14) Electricity Aq 1yr
874,Nightsaver,37,11,8,72,11.5,6.04,0,,,EoN(2014-01-14) Electricity Aq 1yr
874,Nightsaver,81,11,7,72,11.44,6.11,0,,,EoN(2014-01-14) Electricity Aq 1yr
874,Nightsaver,81,11,6,72,11.3,6.19,0,,,EoN(2014-01-14) Electricity Aq 1yr
874,Nightsaver,81,11,5,72,11.12,6.22,0,,,EoN(2014-01-14) Electricity Aq 1yr
874,Nightsaver,81,11,8,72,11.5,6.04,0,,,EoN(2014-01-14) Electricity Aq 1yr
811,Nightsaver,3,11,7,72,11.44,6.11,0,,,EoN(2014-01-14) Electricity Aq 1yr
811,Nightsaver,3,11,6,72,11.3,6.19,0,,,EoN(2014-01-14) Electricity Aq 1yr
811,Nightsaver,3,11,5,72,11.12,6.22,0,,,EoN(2014-01-14) Electricity Aq 1yr
811,Nightsaver,3,11,8,72,11.5,6.04,0,,,EoN(2014-01-14) Electricity Aq 1yr
811,Nightsaver,24,11,7,72,11.44,6.11,0,,,EoN(2014-01-14) Electricity Aq 1yr
811,Nightsaver,24,11,6,72,11.3,6.19,0,,,EoN(2014-01-14) Electricity Aq 1yr
811,Nightsaver,24,11,5,72,11.12,6.22,0,,,EoN(2014-01-14) Electricity Aq 1yr
811,Nightsaver,24,11,8,72,11.5,6.04,0,,,EoN(2014-01-14) Electricity Aq 1yr
811,Nightsaver,18,11,7,72,11.44,6.11,0,,,EoN(2014-01-14) Electricity Aq 1yr
811,Nightsaver,18,11,6,72,11.3,6.19,0,,,EoN(2014-01-14) Electricity Aq 1yr
811,Nightsaver,18,11,5,72,11.12,6.22,0,,,EoN(2014-01-14) Electricity Aq 1yr
811,Nightsaver,18,11,8,72,11.5,6.04,0,,,EoN(2014-01-14) Electricity Aq 1yr
811,Nightsaver,16,11,7,72,11.44,6.11,0,,,EoN(2014-01-14) Electricity Aq 1yr
811,Nightsaver,16,11,6,72,11.3,6.19,0,,,EoN(2014-01-14) Electricity Aq 1yr
811,Nightsaver,16,11,5,72,11.12,6.22,0,,,EoN(2014-01-14) Electricity Aq 1yr
811,Nightsaver,16,11,8,72,11.5,6.04,0,,,EoN(2014-01-14) Electricity Aq 1yr
811,Nightsaver,15,11,7,72,11.44,6.11,0,,,EoN(2014-01-14) Electricity Aq 1yr
811,Nightsaver,15,11,6,72,11.3,6.19,0,,,EoN(2014-01-14) Electricity Aq 1yr
811,Nightsaver,15,11,5,72,11.12,6.22,0,,,EoN(2014-01-14) Electricity Aq 1yr
811,Nightsaver,15,11,8,72,11.5,6.04,0,,,EoN(2014-01-14) Electricity Aq 1yr
811,Nightsaver,14,11,7,72,11.44,6.11,0,,,EoN(2014-01-14) Electricity Aq 1yr
811,Nightsaver,14,11,6,72,11.3,6.19,0,,,EoN(2014-01-14) Electricity Aq 1yr
811,Nightsaver,14,11,5,72,11.12,6.22,0,,,EoN(2014-01-14) Electricity Aq 1yr
811,Nightsaver,14,11,8,72,11.5,6.04,0,,,EoN(2014-01-14) Electricity Aq 1yr
811,Nightsaver,101,11,7,72,11.44,6.11,0,,,EoN(2014-01-14) Electricity Aq 1yr
811,Nightsaver,101,11,6,72,11.3,6.19,0,,,EoN(2014-01-14) Electricity Aq 1yr
811,Nightsaver,101,11,5,72,11.12,6.22,0,,,EoN(2014-01-14) Electricity Aq 1yr
811,Nightsaver,101,11,8,72,11.5,6.04,0,,,EoN(2014-01-14) Electricity Aq 1yr
811,Nightsaver,13,11,7,72,11.44,6.11,0,,,EoN(2014-01-14) Electricity Aq 1yr
811,Nightsaver,13,11,6,72,11.3,6.19,0,,,EoN(2014-01-14) Electricity Aq 1yr
811,Nightsaver,13,11,5,72,11.12,6.22,0,,,EoN(2014-01-14) Electricity Aq 1yr
811,Nightsaver,13,11,8,72,11.5,6.04,0,,,EoN(2014-01-14) Electricity Aq 1yr
811,Nightsaver,26,11,7,72,11.44,6.11,0,,,EoN(2014-01-14) Electricity Aq 1yr
811,Nightsaver,26,11,6,72,11.3,6.19,0,,,EoN(2014-01-14) Electricity Aq 1yr
811,Nightsaver,26,11,5,72,11.12,6.22,0,,,EoN(2014-01-14) Electricity Aq 1yr
811,Nightsaver,26,11,8,72,11.5,6.04,0,,,EoN(2014-01-14) Electricity Aq 1yr
811,Nightsaver,4,11,7,72,11.44,6.11,0,,,EoN(2014-01-14) Electricity Aq 1yr
811,Nightsaver,4,11,6,72,11.3,6.19,0,,,EoN(2014-01-14) Electricity Aq 1yr
811,Nightsaver,4,11,5,72,11.12,6.22,0,,,EoN(2014-01-14) Electricity Aq 1yr
811,Nightsaver,4,11,8,72,11.5,6.04,0,,,EoN(2014-01-14) Electricity Aq 1yr
811,Nightsaver,20,11,7,72,11.44,6.11,0,,,EoN(2014-01-14) Electricity Aq 1yr
811,Nightsaver,20,11,6,72,11.3,6.19,0,,,EoN(2014-01-14) Electricity Aq 1yr
811,Nightsaver,20,11,5,72,11.12,6.22,0,,,EoN(2014-01-14) Electricity Aq 1yr
811,Nightsaver,20,11,8,72,11.5,6.04,0,,,EoN(2014-01-14) Electricity Aq 1yr
811,Nightsaver,1,11,7,72,11.44,6.11,0,,,EoN(2014-01-14) Electricity Aq 1yr
811,Nightsaver,1,11,6,72,11.3,6.19,0,,,EoN(2014-01-14) Electricity Aq 1yr
811,Nightsaver,1,11,5,72,11.12,6.22,0,,,EoN(2014-01-14) Electricity Aq 1yr
811,Nightsaver,1,11,8,72,11.5,6.04,0,,,EoN(2014-01-14) Electricity Aq 1yr
811,Nightsaver,12,11,7,72,11.44,6.11,0,,,EoN(2014-01-14) Electricity Aq 1yr
811,Nightsaver,12,11,6,72,11.3,6.19,0,,,EoN(2014-01-14) Electricity Aq 1yr
811,Nightsaver,12,11,5,72,11.12,6.22,0,,,EoN(2014-01-14) Electricity Aq 1yr
811,Nightsaver,12,11,8,72,11.5,6.04,0,,,EoN(2014-01-14) Electricity Aq 1yr
811,Nightsaver,17,11,7,72,11.44,6.11,0,,,EoN(2014-01-14) Electricity Aq 1yr
811,Nightsaver,17,11,6,72,11.3,6.19,0,,,EoN(2014-01-14) Electricity Aq 1yr
811,Nightsaver,17,11,5,72,11.12,6.22,0,,,EoN(2014-01-14) Electricity Aq 1yr
811,Nightsaver,17,11,8,72,11.5,6.04,0,,,EoN(2014-01-14) Electricity Aq 1yr
811,Nightsaver,34,11,7,72,11.44,6.11,0,,,EoN(2014-01-14) Electricity Aq 1yr
811,Nightsaver,34,11,6,72,11.3,6.19,0,,,EoN(2014-01-14) Electricity Aq 1yr
811,Nightsaver,34,11,5,72,11.12,6.22,0,,,EoN(2014-01-14) Electricity Aq 1yr
811,Nightsaver,34,11,8,72,11.5,6.04,0,,,EoN(2014-01-14) Electricity Aq 1yr
811,Nightsaver,37,11,7,72,11.44,6.11,0,,,EoN(2014-01-14) Electricity Aq 1yr
811,Nightsaver,37,11,6,72,11.3,6.19,0,,,EoN(2014-01-14) Electricity Aq 1yr
811,Nightsaver,37,11,5,72,11.12,6.22,0,,,EoN(2014-01-14) Electricity Aq 1yr
811,Nightsaver,37,11,8,72,11.5,6.04,0,,,EoN(2014-01-14) Electricity Aq 1yr
641,Nightsaver,2,11,7,72,11.44,6.11,0,,,EoN(2014-01-14) Electricity Aq 1yr
641,Nightsaver,2,11,6,72,11.3,6.19,0,,,EoN(2014-01-14) Electricity Aq 1yr
641,Nightsaver,2,11,5,72,11.12,6.22,0,,,EoN(2014-01-14) Electricity Aq 1yr
641,Nightsaver,2,11,8,72,11.5,6.04,0,,,EoN(2014-01-14) Electricity Aq 1yr
10,Nightsaver,106,11,7,72,11.44,6.11,0,,,EoN(2014-01-14) Electricity Aq 1yr
10,Nightsaver,106,11,6,72,11.3,6.19,0,,,EoN(2014-01-14) Electricity Aq 1yr
10,Nightsaver,106,11,5,72,11.12,6.22,0,,,EoN(2014-01-14) Electricity Aq 1yr
10,Nightsaver,106,11,8,72,11.5,6.04,0,,,EoN(2014-01-14) Electricity Aq 1yr
101,Nightsaver,3,11,7,72,11.44,6.11,0,,,EoN(2014-01-14) Electricity Aq 1yr
101,Nightsaver,3,11,6,72,11.3,6.19,0,,,EoN(2014-01-14) Electricity Aq 1yr
101,Nightsaver,3,11,5,72,11.12,6.22,0,,,EoN(2014-01-14) Electricity Aq 1yr
101,Nightsaver,3,11,8,72,11.5,6.04,0,,,EoN(2014-01-14) Electricity Aq 1yr
17,Nightsaver,106,11,7,72,11.44,6.11,0,,,EoN(2014-01-14) Electricity Aq 1yr
17,Nightsaver,106,11,6,72,11.3,6.19,0,,,EoN(2014-01-14) Electricity Aq 1yr
17,Nightsaver,106,11,5,72,11.12,6.22,0,,,EoN(2014-01-14) Electricity Aq 1yr
17,Nightsaver,106,11,8,72,11.5,6.04,0,,,EoN(2014-01-14) Electricity Aq 1yr
17,Nightsaver,101,11,7,72,11.44,6.11,0,,,EoN(2014-01-14) Electricity Aq 1yr
17,Nightsaver,101,11,6,72,11.3,6.19,0,,,EoN(2014-01-14) Electricity Aq 1yr
17,Nightsaver,101,11,5,72,11.12,6.22,0,,,EoN(2014-01-14) Electricity Aq 1yr
17,Nightsaver,101,11,8,72,11.5,6.04,0,,,EoN(2014-01-14) Electricity Aq 1yr
17,Nightsaver,6,11,7,72,11.44,6.11,0,,,EoN(2014-01-14) Electricity Aq 1yr
17,Nightsaver,6,11,6,72,11.3,6.19,0,,,EoN(2014-01-14) Electricity Aq 1yr
17,Nightsaver,6,11,5,72,11.12,6.22,0,,,EoN(2014-01-14) Electricity Aq 1yr
17,Nightsaver,6,11,8,72,11.5,6.04,0,,,EoN(2014-01-14) Electricity Aq 1yr
17,Nightsaver,3,11,7,72,11.44,6.11,0,,,EoN(2014-01-14) Electricity Aq 1yr
17,Nightsaver,3,11,6,72,11.3,6.19,0,,,EoN(2014-01-14) Electricity Aq 1yr
17,Nightsaver,3,11,5,72,11.12,6.22,0,,,EoN(2014-01-14) Electricity Aq 1yr
17,Nightsaver,3,11,8,72,11.5,6.04,0,,,EoN(2014-01-14) Electricity Aq 1yr
104,Nightsaver,10,11,7,72,11.44,6.11,0,,,EoN(2014-01-14) Electricity Aq 1yr
104,Nightsaver,10,11,6,72,11.3,6.19,0,,,EoN(2014-01-14) Electricity Aq 1yr
104,Nightsaver,10,11,5,72,11.12,6.22,0,,,EoN(2014-01-14) Electricity Aq 1yr
104,Nightsaver,10,11,8,72,11.5,6.04,0,,,EoN(2014-01-14) Electricity Aq 1yr
104,Nightsaver,3,11,7,72,11.44,6.11,0,,,EoN(2014-01-14) Electricity Aq 1yr
104,Nightsaver,3,11,6,72,11.3,6.19,0,,,EoN(2014-01-14) Electricity Aq 1yr
104,Nightsaver,3,11,5,72,11.12,6.22,0,,,EoN(2014-01-14) Electricity Aq 1yr
104,Nightsaver,3,11,8,72,11.5,6.04,0,,,EoN(2014-01-14) Electricity Aq 1yr
605,Nightsaver,10,11,7,72,11.44,6.11,0,,,EoN(2014-01-14) Electricity Aq 1yr
605,Nightsaver,10,11,6,72,11.3,6.19,0,,,EoN(2014-01-14) Electricity Aq 1yr
605,Nightsaver,10,11,5,72,11.12,6.22,0,,,EoN(2014-01-14) Electricity Aq 1yr
605,Nightsaver,10,11,8,72,11.5,6.04,0,,,EoN(2014-01-14) Electricity Aq 1yr
523,Nightsaver,106,11,7,72,11.44,6.11,0,,,EoN(2014-01-14) Electricity Aq 1yr
523,Nightsaver,106,11,6,72,11.3,6.19,0,,,EoN(2014-01-14) Electricity Aq 1yr
523,Nightsaver,106,11,5,72,11.12,6.22,0,,,EoN(2014-01-14) Electricity Aq 1yr
523,Nightsaver,106,11,8,72,11.5,6.04,0,,,EoN(2014-01-14) Electricity Aq 1yr
104,Nightsaver,2,11,7,72,11.44,6.11,0,,,EoN(2014-01-14) Electricity Aq 1yr
104,Nightsaver,2,11,6,72,11.3,6.19,0,,,EoN(2014-01-14) Electricity Aq 1yr
104,Nightsaver,2,11,5,72,11.12,6.22,0,,,EoN(2014-01-14) Electricity Aq 1yr
104,Nightsaver,2,11,8,72,11.5,6.04,0,,,EoN(2014-01-14) Electricity Aq 1yr
523,Nightsaver,101,11,7,72,11.44,6.11,0,,,EoN(2014-01-14) Electricity Aq 1yr
523,Nightsaver,101,11,6,72,11.3,6.19,0,,,EoN(2014-01-14) Electricity Aq 1yr
523,Nightsaver,101,11,5,72,11.12,6.22,0,,,EoN(2014-01-14) Electricity Aq 1yr
523,Nightsaver,101,11,8,72,11.5,6.04,0,,,EoN(2014-01-14) Electricity Aq 1yr
523,Nightsaver,6,11,7,72,11.44,6.11,0,,,EoN(2014-01-14) Electricity Aq 1yr
523,Nightsaver,6,11,6,72,11.3,6.19,0,,,EoN(2014-01-14) Electricity Aq 1yr
523,Nightsaver,6,11,5,72,11.12,6.22,0,,,EoN(2014-01-14) Electricity Aq 1yr
523,Nightsaver,6,11,8,72,11.5,6.04,0,,,EoN(2014-01-14) Electricity Aq 1yr
523,Nightsaver,3,11,7,72,11.44,6.11,0,,,EoN(2014-01-14) Electricity Aq 1yr
523,Nightsaver,3,11,6,72,11.3,6.19,0,,,EoN(2014-01-14) Electricity Aq 1yr
523,Nightsaver,3,11,5,72,11.12,6.22,0,,,EoN(2014-01-14) Electricity Aq 1yr
523,Nightsaver,3,11,8,72,11.5,6.04,0,,,EoN(2014-01-14) Electricity Aq 1yr
523,Nightsaver,1,11,7,72,11.44,6.11,0,,,EoN(2014-01-14) Electricity Aq 1yr
523,Nightsaver,1,11,6,72,11.3,6.19,0,,,EoN(2014-01-14) Electricity Aq 1yr
523,Nightsaver,1,11,5,72,11.12,6.22,0,,,EoN(2014-01-14) Electricity Aq 1yr
523,Nightsaver,1,11,8,72,11.5,6.04,0,,,EoN(2014-01-14) Electricity Aq 1yr
641,Nightsaver,10,11,7,72,11.44,6.11,0,,,EoN(2014-01-14) Electricity Aq 1yr
641,Nightsaver,10,11,6,72,11.3,6.19,0,,,EoN(2014-01-14) Electricity Aq 1yr
641,Nightsaver,10,11,5,72,11.12,6.22,0,,,EoN(2014-01-14) Electricity Aq 1yr
641,Nightsaver,10,11,8,72,11.5,6.04,0,,,EoN(2014-01-14) Electricity Aq 1yr
641,Nightsaver,3,11,7,72,11.44,6.11,0,,,EoN(2014-01-14) Electricity Aq 1yr
641,Nightsaver,3,11,6,72,11.3,6.19,0,,,EoN(2014-01-14) Electricity Aq 1yr
641,Nightsaver,3,11,5,72,11.12,6.22,0,,,EoN(2014-01-14) Electricity Aq 1yr
641,Nightsaver,3,11,8,72,11.5,6.04,0,,,EoN(2014-01-14) Electricity Aq 1yr
17,Nightsaver,1,11,7,72,11.44,6.11,0,,,EoN(2014-01-14) Electricity Aq 1yr
17,Nightsaver,1,11,6,72,11.3,6.19,0,,,EoN(2014-01-14) Electricity Aq 1yr
17,Nightsaver,1,11,5,72,11.12,6.22,0,,,EoN(2014-01-14) Electricity Aq 1yr
17,Nightsaver,1,11,8,72,11.5,6.04,0,,,EoN(2014-01-14) Electricity Aq 1yr
10,Nightsaver,1,11,7,72,11.44,6.11,0,,,EoN(2014-01-14) Electricity Aq 1yr
10,Nightsaver,1,11,6,72,11.3,6.19,0,,,EoN(2014-01-14) Electricity Aq 1yr
10,Nightsaver,1,11,5,72,11.12,6.22,0,,,EoN(2014-01-14) Electricity Aq 1yr
10,Nightsaver,1,11,8,72,11.5,6.04,0,,,EoN(2014-01-14) Electricity Aq 1yr
10,Nightsaver,101,11,7,72,11.44,6.11,0,,,EoN(2014-01-14) Electricity Aq 1yr
10,Nightsaver,101,11,6,72,11.3,6.19,0,,,EoN(2014-01-14) Electricity Aq 1yr
10,Nightsaver,101,11,5,72,11.12,6.22,0,,,EoN(2014-01-14) Electricity Aq 1yr
10,Nightsaver,101,11,8,72,11.5,6.04,0,,,EoN(2014-01-14) Electricity Aq 1yr
141,Nightsaver,2,11,7,72,11.44,6.11,0,,,EoN(2014-01-14) Electricity Aq 1yr
141,Nightsaver,2,11,6,72,11.3,6.19,0,,,EoN(2014-01-14) Electricity Aq 1yr
141,Nightsaver,2,11,5,72,11.12,6.22,0,,,EoN(2014-01-14) Electricity Aq 1yr
141,Nightsaver,2,11,8,72,11.5,6.04,0,,,EoN(2014-01-14) Electricity Aq 1yr
141,Nightsaver,3,11,7,72,11.44,6.11,0,,,EoN(2014-01-14) Electricity Aq 1yr
141,Nightsaver,3,11,6,72,11.3,6.19,0,,,EoN(2014-01-14) Electricity Aq 1yr
141,Nightsaver,3,11,5,72,11.12,6.22,0,,,EoN(2014-01-14) Electricity Aq 1yr
141,Nightsaver,3,11,8,72,11.5,6.04,0,,,EoN(2014-01-14) Electricity Aq 1yr
141,Nightsaver,10,11,7,72,11.44,6.11,0,,,EoN(2014-01-14) Electricity Aq 1yr
141,Nightsaver,10,11,6,72,11.3,6.19,0,,,EoN(2014-01-14) Electricity Aq 1yr
141,Nightsaver,10,11,5,72,11.12,6.22,0,,,EoN(2014-01-14) Electricity Aq 1yr
141,Nightsaver,10,11,8,72,11.5,6.04,0,,,EoN(2014-01-14) Electricity Aq 1yr
144,Nightsaver,2,11,7,72,11.44,6.11,0,,,EoN(2014-01-14) Electricity Aq 1yr
144,Nightsaver,2,11,6,72,11.3,6.19,0,,,EoN(2014-01-14) Electricity Aq 1yr
144,Nightsaver,2,11,5,72,11.12,6.22,0,,,EoN(2014-01-14) Electricity Aq 1yr
144,Nightsaver,2,11,8,72,11.5,6.04,0,,,EoN(2014-01-14) Electricity Aq 1yr
144,Nightsaver,3,11,7,72,11.44,6.11,0,,,EoN(2014-01-14) Electricity Aq 1yr
144,Nightsaver,3,11,6,72,11.3,6.19,0,,,EoN(2014-01-14) Electricity Aq 1yr
144,Nightsaver,3,11,5,72,11.12,6.22,0,,,EoN(2014-01-14) Electricity Aq 1yr
144,Nightsaver,3,11,8,72,11.5,6.04,0,,,EoN(2014-01-14) Electricity Aq 1yr
144,Nightsaver,10,11,7,72,11.44,6.11,0,,,EoN(2014-01-14) Electricity Aq 1yr
144,Nightsaver,10,11,6,72,11.3,6.19,0,,,EoN(2014-01-14) Electricity Aq 1yr
144,Nightsaver,10,11,5,72,11.12,6.22,0,,,EoN(2014-01-14) Electricity Aq 1yr
144,Nightsaver,10,11,8,72,11.5,6.04,0,,,EoN(2014-01-14) Electricity Aq 1yr
101,Nightsaver,2,11,7,72,11.44,6.11,0,,,EoN(2014-01-14) Electricity Aq 1yr
101,Nightsaver,2,11,6,72,11.3,6.19,0,,,EoN(2014-01-14) Electricity Aq 1yr
101,Nightsaver,2,11,5,72,11.12,6.22,0,,,EoN(2014-01-14) Electricity Aq 1yr
101,Nightsaver,2,11,8,72,11.5,6.04,0,,,EoN(2014-01-14) Electricity Aq 1yr
10,Nightsaver,3,11,7,72,11.44,6.11,0,,,EoN(2014-01-14) Electricity Aq 1yr
10,Nightsaver,3,11,6,72,11.3,6.19,0,,,EoN(2014-01-14) Electricity Aq 1yr
10,Nightsaver,3,11,5,72,11.12,6.22,0,,,EoN(2014-01-14) Electricity Aq 1yr
10,Nightsaver,3,11,8,72,11.5,6.04,0,,,EoN(2014-01-14) Electricity Aq 1yr
101,Nightsaver,10,11,7,72,11.44,6.11,0,,,EoN(2014-01-14) Electricity Aq 1yr
101,Nightsaver,10,11,6,72,11.3,6.19,0,,,EoN(2014-01-14) Electricity Aq 1yr
101,Nightsaver,10,11,5,72,11.12,6.22,0,,,EoN(2014-01-14) Electricity Aq 1yr
101,Nightsaver,10,11,8,72,11.5,6.04,0,,,EoN(2014-01-14) Electricity Aq 1yr
645,Nightsaver,10,11,7,72,11.44,6.11,0,,,EoN(2014-01-14) Electricity Aq 1yr
645,Nightsaver,10,11,6,72,11.3,6.19,0,,,EoN(2014-01-14) Electricity Aq 1yr
645,Nightsaver,10,11,5,72,11.12,6.22,0,,,EoN(2014-01-14) Electricity Aq 1yr
645,Nightsaver,10,11,8,72,11.5,6.04,0,,,EoN(2014-01-14) Electricity Aq 1yr
645,Nightsaver,3,11,7,72,11.44,6.11,0,,,EoN(2014-01-14) Electricity Aq 1yr
645,Nightsaver,3,11,6,72,11.3,6.19,0,,,EoN(2014-01-14) Electricity Aq 1yr
645,Nightsaver,3,11,5,72,11.12,6.22,0,,,EoN(2014-01-14) Electricity Aq 1yr
645,Nightsaver,3,11,8,72,11.5,6.04,0,,,EoN(2014-01-14) Electricity Aq 1yr
645,Nightsaver,2,11,7,72,11.44,6.11,0,,,EoN(2014-01-14) Electricity Aq 1yr
645,Nightsaver,2,11,6,72,11.3,6.19,0,,,EoN(2014-01-14) Electricity Aq 1yr
645,Nightsaver,2,11,5,72,11.12,6.22,0,,,EoN(2014-01-14) Electricity Aq 1yr
645,Nightsaver,2,11,8,72,11.5,6.04,0,,,EoN(2014-01-14) Electricity Aq 1yr
601,Nightsaver,2,11,7,72,11.44,6.11,0,,,EoN(2014-01-14) Electricity Aq 1yr
601,Nightsaver,2,11,6,72,11.3,6.19,0,,,EoN(2014-01-14) Electricity Aq 1yr
601,Nightsaver,2,11,5,72,11.12,6.22,0,,,EoN(2014-01-14) Electricity Aq 1yr
601,Nightsaver,2,11,8,72,11.5,6.04,0,,,EoN(2014-01-14) Electricity Aq 1yr
601,Nightsaver,3,11,7,72,11.44,6.11,0,,,EoN(2014-01-14) Electricity Aq 1yr
601,Nightsaver,3,11,6,72,11.3,6.19,0,,,EoN(2014-01-14) Electricity Aq 1yr
601,Nightsaver,3,11,5,72,11.12,6.22,0,,,EoN(2014-01-14) Electricity Aq 1yr
601,Nightsaver,3,11,8,72,11.5,6.04,0,,,EoN(2014-01-14) Electricity Aq 1yr
601,Nightsaver,10,11,7,72,11.44,6.11,0,,,EoN(2014-01-14) Electricity Aq 1yr
601,Nightsaver,10,11,6,72,11.3,6.19,0,,,EoN(2014-01-14) Electricity Aq 1yr
601,Nightsaver,10,11,5,72,11.12,6.22,0,,,EoN(2014-01-14) Electricity Aq 1yr
601,Nightsaver,10,11,8,72,11.5,6.04,0,,,EoN(2014-01-14) Electricity Aq 1yr
605,Nightsaver,2,11,7,72,11.44,6.11,0,,,EoN(2014-01-14) Electricity Aq 1yr
605,Nightsaver,2,11,6,72,11.3,6.19,0,,,EoN(2014-01-14) Electricity Aq 1yr
605,Nightsaver,2,11,5,72,11.12,6.22,0,,,EoN(2014-01-14) Electricity Aq 1yr
605,Nightsaver,2,11,8,72,11.5,6.04,0,,,EoN(2014-01-14) Electricity Aq 1yr
605,Nightsaver,3,11,7,72,11.44,6.11,0,,,EoN(2014-01-14) Electricity Aq 1yr
605,Nightsaver,3,11,6,72,11.3,6.19,0,,,EoN(2014-01-14) Electricity Aq 1yr
605,Nightsaver,3,11,5,72,11.12,6.22,0,,,EoN(2014-01-14) Electricity Aq 1yr
605,Nightsaver,3,11,8,72,11.5,6.04,0,,,EoN(2014-01-14) Electricity Aq 1yr
10,Nightsaver,6,11,7,72,11.44,6.11,0,,,EoN(2014-01-14) Electricity Aq 1yr
10,Nightsaver,6,11,6,72,11.3,6.19,0,,,EoN(2014-01-14) Electricity Aq 1yr
10,Nightsaver,6,11,5,72,11.12,6.22,0,,,EoN(2014-01-14) Electricity Aq 1yr
10,Nightsaver,6,11,8,72,11.5,6.04,0,,,EoN(2014-01-14) Electricity Aq 1yr
535,Nightsaver,1,11,7,72,11.44,6.11,0,,,EoN(2014-01-14) Electricity Aq 1yr
535,Nightsaver,1,11,6,72,11.3,6.19,0,,,EoN(2014-01-14) Electricity Aq 1yr
535,Nightsaver,1,11,5,72,11.12,6.22,0,,,EoN(2014-01-14) Electricity Aq 1yr
535,Nightsaver,1,11,8,72,11.5,6.04,0,,,EoN(2014-01-14) Electricity Aq 1yr
535,Nightsaver,106,11,7,72,11.44,6.11,0,,,EoN(2014-01-14) Electricity Aq 1yr
535,Nightsaver,106,11,6,72,11.3,6.19,0,,,EoN(2014-01-14) Electricity Aq 1yr
535,Nightsaver,106,11,5,72,11.12,6.22,0,,,EoN(2014-01-14) Electricity Aq 1yr
535,Nightsaver,106,11,8,72,11.5,6.04,0,,,EoN(2014-01-14) Electricity Aq 1yr
535,Nightsaver,101,11,7,72,11.44,6.11,0,,,EoN(2014-01-14) Electricity Aq 1yr
535,Nightsaver,101,11,6,72,11.3,6.19,0,,,EoN(2014-01-14) Electricity Aq 1yr
535,Nightsaver,101,11,5,72,11.12,6.22,0,,,EoN(2014-01-14) Electricity Aq 1yr
535,Nightsaver,101,11,8,72,11.5,6.04,0,,,EoN(2014-01-14) Electricity Aq 1yr
535,Nightsaver,3,11,7,72,11.44,6.11,0,,,EoN(2014-01-14) Electricity Aq 1yr
535,Nightsaver,3,11,6,72,11.3,6.19,0,,,EoN(2014-01-14) Electricity Aq 1yr
535,Nightsaver,3,11,5,72,11.12,6.22,0,,,EoN(2014-01-14) Electricity Aq 1yr
535,Nightsaver,3,11,8,72,11.5,6.04,0,,,EoN(2014-01-14) Electricity Aq 1yr
535,Nightsaver,6,11,7,72,11.44,6.11,0,,,EoN(2014-01-14) Electricity Aq 1yr
535,Nightsaver,6,11,6,72,11.3,6.19,0,,,EoN(2014-01-14) Electricity Aq 1yr
535,Nightsaver,6,11,5,72,11.12,6.22,0,,,EoN(2014-01-14) Electricity Aq 1yr
535,Nightsaver,6,11,8,72,11.5,6.04,0,,,EoN(2014-01-14) Electricity Aq 1yr
146,Nightsaver,7,11,7,72,11.44,6.11,0,,,EoN(2014-01-14) Electricity Aq 1yr
146,Nightsaver,7,11,6,72,11.3,6.19,0,,,EoN(2014-01-14) Electricity Aq 1yr
146,Nightsaver,7,11,5,72,11.12,6.22,0,,,EoN(2014-01-14) Electricity Aq 1yr
146,Nightsaver,7,11,8,72,11.5,6.04,0,,,EoN(2014-01-14) Electricity Aq 1yr
150,Nightsaver,7,11,7,72,11.44,6.11,0,,,EoN(2014-01-14) Electricity Aq 1yr
150,Nightsaver,7,11,6,72,11.3,6.19,0,,,EoN(2014-01-14) Electricity Aq 1yr
150,Nightsaver,7,11,5,72,11.12,6.22,0,,,EoN(2014-01-14) Electricity Aq 1yr
150,Nightsaver,7,11,8,72,11.5,6.04,0,,,EoN(2014-01-14) Electricity Aq 1yr
548,Nightsaver,14,11,7,72,11.44,6.11,0,,,EoN(2014-01-14) Electricity Aq 1yr
548,Nightsaver,14,11,6,72,11.3,6.19,0,,,EoN(2014-01-14) Electricity Aq 1yr
548,Nightsaver,14,11,5,72,11.12,6.22,0,,,EoN(2014-01-14) Electricity Aq 1yr
548,Nightsaver,14,11,8,72,11.5,6.04,0,,,EoN(2014-01-14) Electricity Aq 1yr
548,Nightsaver,13,11,7,72,11.44,6.11,0,,,EoN(2014-01-14) Electricity Aq 1yr
548,Nightsaver,13,11,6,72,11.3,6.19,0,,,EoN(2014-01-14) Electricity Aq 1yr
548,Nightsaver,13,11,5,72,11.12,6.22,0,,,EoN(2014-01-14) Electricity Aq 1yr
548,Nightsaver,13,11,8,72,11.5,6.04,0,,,EoN(2014-01-14) Electricity Aq 1yr
548,Nightsaver,12,11,7,72,11.44,6.11,0,,,EoN(2014-01-14) Electricity Aq 1yr
548,Nightsaver,12,11,6,72,11.3,6.19,0,,,EoN(2014-01-14) Electricity Aq 1yr
548,Nightsaver,12,11,5,72,11.12,6.22,0,,,EoN(2014-01-14) Electricity Aq 1yr
548,Nightsaver,12,11,8,72,11.5,6.04,0,,,EoN(2014-01-14) Electricity Aq 1yr
608,Nightsaver,1,11,7,72,11.44,6.11,0,,,EoN(2014-01-14) Electricity Aq 1yr
608,Nightsaver,1,11,6,72,11.3,6.19,0,,,EoN(2014-01-14) Electricity Aq 1yr
608,Nightsaver,1,11,5,72,11.12,6.22,0,,,EoN(2014-01-14) Electricity Aq 1yr
608,Nightsaver,1,11,8,72,11.5,6.04,0,,,EoN(2014-01-14) Electricity Aq 1yr
608,Nightsaver,2,11,7,72,11.44,6.11,0,,,EoN(2014-01-14) Electricity Aq 1yr
608,Nightsaver,2,11,6,72,11.3,6.19,0,,,EoN(2014-01-14) Electricity Aq 1yr
608,Nightsaver,2,11,5,72,11.12,6.22,0,,,EoN(2014-01-14) Electricity Aq 1yr
608,Nightsaver,2,11,8,72,11.5,6.04,0,,,EoN(2014-01-14) Electricity Aq 1yr
548,Nightsaver,3,11,7,72,11.44,6.11,0,,,EoN(2014-01-14) Electricity Aq 1yr
548,Nightsaver,3,11,6,72,11.3,6.19,0,,,EoN(2014-01-14) Electricity Aq 1yr
548,Nightsaver,3,11,5,72,11.12,6.22,0,,,EoN(2014-01-14) Electricity Aq 1yr
548,Nightsaver,3,11,8,72,11.5,6.04,0,,,EoN(2014-01-14) Electricity Aq 1yr
548,Nightsaver,1,11,7,72,11.44,6.11,0,,,EoN(2014-01-14) Electricity Aq 1yr
548,Nightsaver,1,11,6,72,11.3,6.19,0,,,EoN(2014-01-14) Electricity Aq 1yr
548,Nightsaver,1,11,5,72,11.12,6.22,0,,,EoN(2014-01-14) Electricity Aq 1yr
548,Nightsaver,1,11,8,72,11.5,6.04,0,,,EoN(2014-01-14) Electricity Aq 1yr
648,Nightsaver,2,11,7,72,11.44,6.11,0,,,EoN(2014-01-14) Electricity Aq 1yr
648,Nightsaver,2,11,6,72,11.3,6.19,0,,,EoN(2014-01-14) Electricity Aq 1yr
648,Nightsaver,2,11,5,72,11.12,6.22,0,,,EoN(2014-01-14) Electricity Aq 1yr
648,Nightsaver,2,11,8,72,11.5,6.04,0,,,EoN(2014-01-14) Electricity Aq 1yr
548,Nightsaver,119,11,7,72,11.44,6.11,0,,,EoN(2014-01-14) Electricity Aq 1yr
548,Nightsaver,119,11,6,72,11.3,6.19,0,,,EoN(2014-01-14) Electricity Aq 1yr
548,Nightsaver,119,11,5,72,11.12,6.22,0,,,EoN(2014-01-14) Electricity Aq 1yr
548,Nightsaver,119,11,8,72,11.5,6.04,0,,,EoN(2014-01-14) Electricity Aq 1yr
106,Nightsaver,37,11,7,72,11.44,6.11,0,,,EoN(2014-01-14) Electricity Aq 1yr
106,Nightsaver,37,11,6,72,11.3,6.19,0,,,EoN(2014-01-14) Electricity Aq 1yr
106,Nightsaver,37,11,5,72,11.12,6.22,0,,,EoN(2014-01-14) Electricity Aq 1yr
106,Nightsaver,37,11,8,72,11.5,6.04,0,,,EoN(2014-01-14) Electricity Aq 1yr
608,Nightsaver,3,11,7,72,11.44,6.11,0,,,EoN(2014-01-14) Electricity Aq 1yr
608,Nightsaver,3,11,6,72,11.3,6.19,0,,,EoN(2014-01-14) Electricity Aq 1yr
608,Nightsaver,3,11,5,72,11.12,6.22,0,,,EoN(2014-01-14) Electricity Aq 1yr
608,Nightsaver,3,11,8,72,11.5,6.04,0,,,EoN(2014-01-14) Electricity Aq 1yr
608,Nightsaver,7,11,7,72,11.44,6.11,0,,,EoN(2014-01-14) Electricity Aq 1yr
608,Nightsaver,7,11,6,72,11.3,6.19,0,,,EoN(2014-01-14) Electricity Aq 1yr
608,Nightsaver,7,11,5,72,11.12,6.22,0,,,EoN(2014-01-14) Electricity Aq 1yr
608,Nightsaver,7,11,8,72,11.5,6.04,0,,,EoN(2014-01-14) Electricity Aq 1yr
608,Nightsaver,37,11,7,72,11.44,6.11,0,,,EoN(2014-01-14) Electricity Aq 1yr
608,Nightsaver,37,11,6,72,11.3,6.19,0,,,EoN(2014-01-14) Electricity Aq 1yr
608,Nightsaver,37,11,5,72,11.12,6.22,0,,,EoN(2014-01-14) Electricity Aq 1yr
608,Nightsaver,37,11,8,72,11.5,6.04,0,,,EoN(2014-01-14) Electricity Aq 1yr
150,Nightsaver,2,11,7,72,11.44,6.11,0,,,EoN(2014-01-14) Electricity Aq 1yr
150,Nightsaver,2,11,6,72,11.3,6.19,0,,,EoN(2014-01-14) Electricity Aq 1yr
150,Nightsaver,2,11,5,72,11.12,6.22,0,,,EoN(2014-01-14) Electricity Aq 1yr
150,Nightsaver,2,11,8,72,11.5,6.04,0,,,EoN(2014-01-14) Electricity Aq 1yr
106,Nightsaver,3,11,7,72,11.44,6.11,0,,,EoN(2014-01-14) Electricity Aq 1yr
106,Nightsaver,3,11,6,72,11.3,6.19,0,,,EoN(2014-01-14) Electricity Aq 1yr
106,Nightsaver,3,11,5,72,11.12,6.22,0,,,EoN(2014-01-14) Electricity Aq 1yr
106,Nightsaver,3,11,8,72,11.5,6.04,0,,,EoN(2014-01-14) Electricity Aq 1yr
106,Nightsaver,2,11,7,72,11.44,6.11,0,,,EoN(2014-01-14) Electricity Aq 1yr
106,Nightsaver,2,11,6,72,11.3,6.19,0,,,EoN(2014-01-14) Electricity Aq 1yr
106,Nightsaver,2,11,5,72,11.12,6.22,0,,,EoN(2014-01-14) Electricity Aq 1yr
106,Nightsaver,2,11,8,72,11.5,6.04,0,,,EoN(2014-01-14) Electricity Aq 1yr
150,Nightsaver,3,11,7,72,11.44,6.11,0,,,EoN(2014-01-14) Electricity Aq 1yr
150,Nightsaver,3,11,6,72,11.3,6.19,0,,,EoN(2014-01-14) Electricity Aq 1yr
150,Nightsaver,3,11,5,72,11.12,6.22,0,,,EoN(2014-01-14) Electricity Aq 1yr
150,Nightsaver,3,11,8,72,11.5,6.04,0,,,EoN(2014-01-14) Electricity Aq 1yr
548,Nightsaver,23,11,7,72,11.44,6.11,0,,,EoN(2014-01-14) Electricity Aq 1yr
548,Nightsaver,23,11,6,72,11.3,6.19,0,,,EoN(2014-01-14) Electricity Aq 1yr
548,Nightsaver,23,11,5,72,11.12,6.22,0,,,EoN(2014-01-14) Electricity Aq 1yr
548,Nightsaver,23,11,8,72,11.5,6.04,0,,,EoN(2014-01-14) Electricity Aq 1yr
548,Nightsaver,19,11,7,72,11.44,6.11,0,,,EoN(2014-01-14) Electricity Aq 1yr
548,Nightsaver,19,11,6,72,11.3,6.19,0,,,EoN(2014-01-14) Electricity Aq 1yr
548,Nightsaver,19,11,5,72,11.12,6.22,0,,,EoN(2014-01-14) Electricity Aq 1yr
548,Nightsaver,19,11,8,72,11.5,6.04,0,,,EoN(2014-01-14) Electricity Aq 1yr
548,Nightsaver,17,11,7,72,11.44,6.11,0,,,EoN(2014-01-14) Electricity Aq 1yr
548,Nightsaver,17,11,6,72,11.3,6.19,0,,,EoN(2014-01-14) Electricity Aq 1yr
548,Nightsaver,17,11,5,72,11.12,6.22,0,,,EoN(2014-01-14) Electricity Aq 1yr
548,Nightsaver,17,11,8,72,11.5,6.04,0,,,EoN(2014-01-14) Electricity Aq 1yr
548,Nightsaver,15,11,7,72,11.44,6.11,0,,,EoN(2014-01-14) Electricity Aq 1yr
548,Nightsaver,15,11,6,72,11.3,6.19,0,,,EoN(2014-01-14) Electricity Aq 1yr
548,Nightsaver,15,11,5,72,11.12,6.22,0,,,EoN(2014-01-14) Electricity Aq 1yr
548,Nightsaver,15,11,8,72,11.5,6.04,0,,,EoN(2014-01-14) Electricity Aq 1yr
548,Nightsaver,134,11,7,72,11.44,6.11,0,,,EoN(2014-01-14) Electricity Aq 1yr
548,Nightsaver,134,11,6,72,11.3,6.19,0,,,EoN(2014-01-14) Electricity Aq 1yr
548,Nightsaver,134,11,5,72,11.12,6.22,0,,,EoN(2014-01-14) Electricity Aq 1yr
548,Nightsaver,134,11,8,72,11.5,6.04,0,,,EoN(2014-01-14) Electricity Aq 1yr
146,Nightsaver,1,11,7,72,11.44,6.11,0,,,EoN(2014-01-14) Electricity Aq 1yr
146,Nightsaver,1,11,6,72,11.3,6.19,0,,,EoN(2014-01-14) Electricity Aq 1yr
146,Nightsaver,1,11,5,72,11.12,6.22,0,,,EoN(2014-01-14) Electricity Aq 1yr
146,Nightsaver,1,11,8,72,11.5,6.04,0,,,EoN(2014-01-14) Electricity Aq 1yr
146,Nightsaver,2,11,7,72,11.44,6.11,0,,,EoN(2014-01-14) Electricity Aq 1yr
146,Nightsaver,2,11,6,72,11.3,6.19,0,,,EoN(2014-01-14) Electricity Aq 1yr
146,Nightsaver,2,11,5,72,11.12,6.22,0,,,EoN(2014-01-14) Electricity Aq 1yr
146,Nightsaver,2,11,8,72,11.5,6.04,0,,,EoN(2014-01-14) Electricity Aq 1yr
106,Nightsaver,1,11,7,72,11.44,6.11,0,,,EoN(2014-01-14) Electricity Aq 1yr
106,Nightsaver,1,11,6,72,11.3,6.19,0,,,EoN(2014-01-14) Electricity Aq 1yr
106,Nightsaver,1,11,5,72,11.12,6.22,0,,,EoN(2014-01-14) Electricity Aq 1yr
106,Nightsaver,1,11,8,72,11.5,6.04,0,,,EoN(2014-01-14) Electricity Aq 1yr
146,Nightsaver,3,11,7,72,11.44,6.11,0,,,EoN(2014-01-14) Electricity Aq 1yr
146,Nightsaver,3,11,6,72,11.3,6.19,0,,,EoN(2014-01-14) Electricity Aq 1yr
146,Nightsaver,3,11,5,72,11.12,6.22,0,,,EoN(2014-01-14) Electricity Aq 1yr
146,Nightsaver,3,11,8,72,11.5,6.04,0,,,EoN(2014-01-14) Electricity Aq 1yr
648,Nightsaver,7,11,7,72,11.44,6.11,0,,,EoN(2014-01-14) Electricity Aq 1yr
648,Nightsaver,7,11,6,72,11.3,6.19,0,,,EoN(2014-01-14) Electricity Aq 1yr
648,Nightsaver,7,11,5,72,11.12,6.22,0,,,EoN(2014-01-14) Electricity Aq 1yr
648,Nightsaver,7,11,8,72,11.5,6.04,0,,,EoN(2014-01-14) Electricity Aq 1yr
106,Nightsaver,7,11,7,72,11.44,6.11,0,,,EoN(2014-01-14) Electricity Aq 1yr
106,Nightsaver,7,11,6,72,11.3,6.19,0,,,EoN(2014-01-14) Electricity Aq 1yr
106,Nightsaver,7,11,5,72,11.12,6.22,0,,,EoN(2014-01-14) Electricity Aq 1yr
106,Nightsaver,7,11,8,72,11.5,6.04,0,,,EoN(2014-01-14) Electricity Aq 1yr
648,Nightsaver,3,11,7,72,11.44,6.11,0,,,EoN(2014-01-14) Electricity Aq 1yr
648,Nightsaver,3,11,6,72,11.3,6.19,0,,,EoN(2014-01-14) Electricity Aq 1yr
648,Nightsaver,3,11,5,72,11.12,6.22,0,,,EoN(2014-01-14) Electricity Aq 1yr
648,Nightsaver,3,11,8,72,11.5,6.04,0,,,EoN(2014-01-14) Electricity Aq 1yr
548,Nightsaver,103,11,7,72,11.44,6.11,0,,,EoN(2014-01-14) Electricity Aq 1yr
548,Nightsaver,103,11,6,72,11.3,6.19,0,,,EoN(2014-01-14) Electricity Aq 1yr
548,Nightsaver,103,11,5,72,11.12,6.22,0,,,EoN(2014-01-14) Electricity Aq 1yr
548,Nightsaver,103,11,8,72,11.5,6.04,0,,,EoN(2014-01-14) Electricity Aq 1yr
548,Nightsaver,101,11,7,72,11.44,6.11,0,,,EoN(2014-01-14) Electricity Aq 1yr
548,Nightsaver,101,11,6,72,11.3,6.19,0,,,EoN(2014-01-14) Electricity Aq 1yr
548,Nightsaver,101,11,5,72,11.12,6.22,0,,,EoN(2014-01-14) Electricity Aq 1yr
548,Nightsaver,101,11,8,72,11.5,6.04,0,,,EoN(2014-01-14) Electricity Aq 1yr
548,Nightsaver,40,11,7,72,11.44,6.11,0,,,EoN(2014-01-14) Electricity Aq 1yr
548,Nightsaver,40,11,6,72,11.3,6.19,0,,,EoN(2014-01-14) Electricity Aq 1yr
548,Nightsaver,40,11,5,72,11.12,6.22,0,,,EoN(2014-01-14) Electricity Aq 1yr
548,Nightsaver,40,11,8,72,11.5,6.04,0,,,EoN(2014-01-14) Electricity Aq 1yr
548,Nightsaver,37,11,7,72,11.44,6.11,0,,,EoN(2014-01-14) Electricity Aq 1yr
548,Nightsaver,37,11,6,72,11.3,6.19,0,,,EoN(2014-01-14) Electricity Aq 1yr
548,Nightsaver,37,11,5,72,11.12,6.22,0,,,EoN(2014-01-14) Electricity Aq 1yr
548,Nightsaver,37,11,8,72,11.5,6.04,0,,,EoN(2014-01-14) Electricity Aq 1yr
548,Nightsaver,34,11,7,72,11.44,6.11,0,,,EoN(2014-01-14) Electricity Aq 1yr
548,Nightsaver,34,11,6,72,11.3,6.19,0,,,EoN(2014-01-14) Electricity Aq 1yr
548,Nightsaver,34,11,5,72,11.12,6.22,0,,,EoN(2014-01-14) Electricity Aq 1yr
548,Nightsaver,34,11,8,72,11.5,6.04,0,,,EoN(2014-01-14) Electricity Aq 1yr
548,Nightsaver,29,11,7,72,11.44,6.11,0,,,EoN(2014-01-14) Electricity Aq 1yr
548,Nightsaver,29,11,6,72,11.3,6.19,0,,,EoN(2014-01-14) Electricity Aq 1yr
548,Nightsaver,29,11,5,72,11.12,6.22,0,,,EoN(2014-01-14) Electricity Aq 1yr
548,Nightsaver,29,11,8,72,11.5,6.04,0,,,EoN(2014-01-14) Electricity Aq 1yr
548,Nightsaver,27,11,7,72,11.44,6.11,0,,,EoN(2014-01-14) Electricity Aq 1yr
548,Nightsaver,27,11,6,72,11.3,6.19,0,,,EoN(2014-01-14) Electricity Aq 1yr
548,Nightsaver,27,11,5,72,11.12,6.22,0,,,EoN(2014-01-14) Electricity Aq 1yr
548,Nightsaver,27,11,8,72,11.5,6.04,0,,,EoN(2014-01-14) Electricity Aq 1yr
548,Nightsaver,113,11,7,72,11.44,6.11,0,,,EoN(2014-01-14) Electricity Aq 1yr
548,Nightsaver,113,11,6,72,11.3,6.19,0,,,EoN(2014-01-14) Electricity Aq 1yr
548,Nightsaver,113,11,5,72,11.12,6.22,0,,,EoN(2014-01-14) Electricity Aq 1yr
548,Nightsaver,113,11,8,72,11.5,6.04,0,,,EoN(2014-01-14) Electricity Aq 1yr
548,Nightsaver,21,11,7,72,11.44,6.11,0,,,EoN(2014-01-14) Electricity Aq 1yr
548,Nightsaver,21,11,6,72,11.3,6.19,0,,,EoN(2014-01-14) Electricity Aq 1yr
548,Nightsaver,21,11,5,72,11.12,6.22,0,,,EoN(2014-01-14) Electricity Aq 1yr
548,Nightsaver,21,11,8,72,11.5,6.04,0,,,EoN(2014-01-14) Electricity Aq 1yr
542,Nightsaver,27,11,7,72,11.44,6.11,0,,,EoN(2014-01-14) Electricity Aq 1yr
542,Nightsaver,27,11,6,72,11.3,6.19,0,,,EoN(2014-01-14) Electricity Aq 1yr
542,Nightsaver,27,11,5,72,11.12,6.22,0,,,EoN(2014-01-14) Electricity Aq 1yr
542,Nightsaver,27,11,8,72,11.5,6.04,0,,,EoN(2014-01-14) Electricity Aq 1yr
542,Nightsaver,12,11,7,72,11.44,6.11,0,,,EoN(2014-01-14) Electricity Aq 1yr
542,Nightsaver,12,11,6,72,11.3,6.19,0,,,EoN(2014-01-14) Electricity Aq 1yr
542,Nightsaver,12,11,5,72,11.12,6.22,0,,,EoN(2014-01-14) Electricity Aq 1yr
542,Nightsaver,12,11,8,72,11.5,6.04,0,,,EoN(2014-01-14) Electricity Aq 1yr
542,Nightsaver,13,11,7,72,11.44,6.11,0,,,EoN(2014-01-14) Electricity Aq 1yr
542,Nightsaver,13,11,6,72,11.3,6.19,0,,,EoN(2014-01-14) Electricity Aq 1yr
542,Nightsaver,13,11,5,72,11.12,6.22,0,,,EoN(2014-01-14) Electricity Aq 1yr
542,Nightsaver,13,11,8,72,11.5,6.04,0,,,EoN(2014-01-14) Electricity Aq 1yr
542,Nightsaver,14,11,7,72,11.44,6.11,0,,,EoN(2014-01-14) Electricity Aq 1yr
542,Nightsaver,14,11,6,72,11.3,6.19,0,,,EoN(2014-01-14) Electricity Aq 1yr
542,Nightsaver,14,11,5,72,11.12,6.22,0,,,EoN(2014-01-14) Electricity Aq 1yr
542,Nightsaver,14,11,8,72,11.5,6.04,0,,,EoN(2014-01-14) Electricity Aq 1yr
542,Nightsaver,17,11,7,72,11.44,6.11,0,,,EoN(2014-01-14) Electricity Aq 1yr
542,Nightsaver,17,11,6,72,11.3,6.19,0,,,EoN(2014-01-14) Electricity Aq 1yr
542,Nightsaver,17,11,5,72,11.12,6.22,0,,,EoN(2014-01-14) Electricity Aq 1yr
542,Nightsaver,17,11,8,72,11.5,6.04,0,,,EoN(2014-01-14) Electricity Aq 1yr
110,Nightsaver,1,11,7,72,11.44,6.11,0,,,EoN(2014-01-14) Electricity Aq 1yr
110,Nightsaver,1,11,6,72,11.3,6.19,0,,,EoN(2014-01-14) Electricity Aq 1yr
110,Nightsaver,1,11,5,72,11.12,6.22,0,,,EoN(2014-01-14) Electricity Aq 1yr
110,Nightsaver,1,11,8,72,11.5,6.04,0,,,EoN(2014-01-14) Electricity Aq 1yr
110,Nightsaver,2,11,7,72,11.44,6.11,0,,,EoN(2014-01-14) Electricity Aq 1yr
110,Nightsaver,2,11,6,72,11.3,6.19,0,,,EoN(2014-01-14) Electricity Aq 1yr
110,Nightsaver,2,11,5,72,11.12,6.22,0,,,EoN(2014-01-14) Electricity Aq 1yr
110,Nightsaver,2,11,8,72,11.5,6.04,0,,,EoN(2014-01-14) Electricity Aq 1yr
110,Nightsaver,3,11,7,72,11.44,6.11,0,,,EoN(2014-01-14) Electricity Aq 1yr
110,Nightsaver,3,11,6,72,11.3,6.19,0,,,EoN(2014-01-14) Electricity Aq 1yr
110,Nightsaver,3,11,5,72,11.12,6.22,0,,,EoN(2014-01-14) Electricity Aq 1yr
110,Nightsaver,3,11,8,72,11.5,6.04,0,,,EoN(2014-01-14) Electricity Aq 1yr
110,Nightsaver,7,11,7,72,11.44,6.11,0,,,EoN(2014-01-14) Electricity Aq 1yr
110,Nightsaver,7,11,6,72,11.3,6.19,0,,,EoN(2014-01-14) Electricity Aq 1yr
110,Nightsaver,7,11,5,72,11.12,6.22,0,,,EoN(2014-01-14) Electricity Aq 1yr
110,Nightsaver,7,11,8,72,11.5,6.04,0,,,EoN(2014-01-14) Electricity Aq 1yr
653,Nightsaver,7,11,7,72,11.44,6.11,0,,,EoN(2014-01-14) Electricity Aq 1yr
653,Nightsaver,7,11,6,72,11.3,6.19,0,,,EoN(2014-01-14) Electricity Aq 1yr
653,Nightsaver,7,11,5,72,11.12,6.22,0,,,EoN(2014-01-14) Electricity Aq 1yr
653,Nightsaver,7,11,8,72,11.5,6.04,0,,,EoN(2014-01-14) Electricity Aq 1yr
542,Nightsaver,3,11,7,72,11.44,6.11,0,,,EoN(2014-01-14) Electricity Aq 1yr
542,Nightsaver,3,11,6,72,11.3,6.19,0,,,EoN(2014-01-14) Electricity Aq 1yr
542,Nightsaver,3,11,5,72,11.12,6.22,0,,,EoN(2014-01-14) Electricity Aq 1yr
542,Nightsaver,3,11,8,72,11.5,6.04,0,,,EoN(2014-01-14) Electricity Aq 1yr
542,Nightsaver,23,11,7,72,11.44,6.11,0,,,EoN(2014-01-14) Electricity Aq 1yr
542,Nightsaver,23,11,6,72,11.3,6.19,0,,,EoN(2014-01-14) Electricity Aq 1yr
542,Nightsaver,23,11,5,72,11.12,6.22,0,,,EoN(2014-01-14) Electricity Aq 1yr
542,Nightsaver,23,11,8,72,11.5,6.04,0,,,EoN(2014-01-14) Electricity Aq 1yr
542,Nightsaver,15,11,7,72,11.44,6.11,0,,,EoN(2014-01-14) Electricity Aq 1yr
542,Nightsaver,15,11,6,72,11.3,6.19,0,,,EoN(2014-01-14) Electricity Aq 1yr
542,Nightsaver,15,11,5,72,11.12,6.22,0,,,EoN(2014-01-14) Electricity Aq 1yr
542,Nightsaver,15,11,8,72,11.5,6.04,0,,,EoN(2014-01-14) Electricity Aq 1yr
542,Nightsaver,29,11,7,72,11.44,6.11,0,,,EoN(2014-01-14) Electricity Aq 1yr
542,Nightsaver,29,11,6,72,11.3,6.19,0,,,EoN(2014-01-14) Electricity Aq 1yr
542,Nightsaver,29,11,5,72,11.12,6.22,0,,,EoN(2014-01-14) Electricity Aq 1yr
542,Nightsaver,29,11,8,72,11.5,6.04,0,,,EoN(2014-01-14) Electricity Aq 1yr
542,Nightsaver,34,11,7,72,11.44,6.11,0,,,EoN(2014-01-14) Electricity Aq 1yr
542,Nightsaver,34,11,6,72,11.3,6.19,0,,,EoN(2014-01-14) Electricity Aq 1yr
542,Nightsaver,34,11,5,72,11.12,6.22,0,,,EoN(2014-01-14) Electricity Aq 1yr
542,Nightsaver,34,11,8,72,11.5,6.04,0,,,EoN(2014-01-14) Electricity Aq 1yr
542,Nightsaver,37,11,7,72,11.44,6.11,0,,,EoN(2014-01-14) Electricity Aq 1yr
542,Nightsaver,37,11,6,72,11.3,6.19,0,,,EoN(2014-01-14) Electricity Aq 1yr
542,Nightsaver,37,11,5,72,11.12,6.22,0,,,EoN(2014-01-14) Electricity Aq 1yr
542,Nightsaver,37,11,8,72,11.5,6.04,0,,,EoN(2014-01-14) Electricity Aq 1yr
542,Nightsaver,40,11,7,72,11.44,6.11,0,,,EoN(2014-01-14) Electricity Aq 1yr
542,Nightsaver,40,11,6,72,11.3,6.19,0,,,EoN(2014-01-14) Electricity Aq 1yr
542,Nightsaver,40,11,5,72,11.12,6.22,0,,,EoN(2014-01-14) Electricity Aq 1yr
542,Nightsaver,40,11,8,72,11.5,6.04,0,,,EoN(2014-01-14) Electricity Aq 1yr
542,Nightsaver,101,11,7,72,11.44,6.11,0,,,EoN(2014-01-14) Electricity Aq 1yr
542,Nightsaver,101,11,6,72,11.3,6.19,0,,,EoN(2014-01-14) Electricity Aq 1yr
542,Nightsaver,101,11,5,72,11.12,6.22,0,,,EoN(2014-01-14) Electricity Aq 1yr
542,Nightsaver,101,11,8,72,11.5,6.04,0,,,EoN(2014-01-14) Electricity Aq 1yr
542,Nightsaver,134,11,7,72,11.44,6.11,0,,,EoN(2014-01-14) Electricity Aq 1yr
542,Nightsaver,134,11,6,72,11.3,6.19,0,,,EoN(2014-01-14) Electricity Aq 1yr
542,Nightsaver,134,11,5,72,11.12,6.22,0,,,EoN(2014-01-14) Electricity Aq 1yr
542,Nightsaver,134,11,8,72,11.5,6.04,0,,,EoN(2014-01-14) Electricity Aq 1yr
542,Nightsaver,119,11,7,72,11.44,6.11,0,,,EoN(2014-01-14) Electricity Aq 1yr
542,Nightsaver,119,11,6,72,11.3,6.19,0,,,EoN(2014-01-14) Electricity Aq 1yr
542,Nightsaver,119,11,5,72,11.12,6.22,0,,,EoN(2014-01-14) Electricity Aq 1yr
542,Nightsaver,119,11,8,72,11.5,6.04,0,,,EoN(2014-01-14) Electricity Aq 1yr
542,Nightsaver,113,11,7,72,11.44,6.11,0,,,EoN(2014-01-14) Electricity Aq 1yr
542,Nightsaver,113,11,6,72,11.3,6.19,0,,,EoN(2014-01-14) Electricity Aq 1yr
542,Nightsaver,113,11,5,72,11.12,6.22,0,,,EoN(2014-01-14) Electricity Aq 1yr
542,Nightsaver,113,11,8,72,11.5,6.04,0,,,EoN(2014-01-14) Electricity Aq 1yr
542,Nightsaver,140,11,7,72,11.44,6.11,0,,,EoN(2014-01-14) Electricity Aq 1yr
542,Nightsaver,140,11,6,72,11.3,6.19,0,,,EoN(2014-01-14) Electricity Aq 1yr
542,Nightsaver,140,11,5,72,11.12,6.22,0,,,EoN(2014-01-14) Electricity Aq 1yr
542,Nightsaver,140,11,8,72,11.5,6.04,0,,,EoN(2014-01-14) Electricity Aq 1yr
542,Nightsaver,103,11,7,72,11.44,6.11,0,,,EoN(2014-01-14) Electricity Aq 1yr
542,Nightsaver,103,11,6,72,11.3,6.19,0,,,EoN(2014-01-14) Electricity Aq 1yr
542,Nightsaver,103,11,5,72,11.12,6.22,0,,,EoN(2014-01-14) Electricity Aq 1yr
542,Nightsaver,103,11,8,72,11.5,6.04,0,,,EoN(2014-01-14) Electricity Aq 1yr
542,Nightsaver,21,11,7,72,11.44,6.11,0,,,EoN(2014-01-14) Electricity Aq 1yr
542,Nightsaver,21,11,6,72,11.3,6.19,0,,,EoN(2014-01-14) Electricity Aq 1yr
542,Nightsaver,21,11,5,72,11.12,6.22,0,,,EoN(2014-01-14) Electricity Aq 1yr
542,Nightsaver,21,11,8,72,11.5,6.04,0,,,EoN(2014-01-14) Electricity Aq 1yr
653,Nightsaver,3,11,7,72,11.44,6.11,0,,,EoN(2014-01-14) Electricity Aq 1yr
653,Nightsaver,3,11,6,72,11.3,6.19,0,,,EoN(2014-01-14) Electricity Aq 1yr
653,Nightsaver,3,11,5,72,11.12,6.22,0,,,EoN(2014-01-14) Electricity Aq 1yr
653,Nightsaver,3,11,8,72,11.5,6.04,0,,,EoN(2014-01-14) Electricity Aq 1yr
542,Nightsaver,19,11,7,72,11.44,6.11,0,,,EoN(2014-01-14) Electricity Aq 1yr
542,Nightsaver,19,11,6,72,11.3,6.19,0,,,EoN(2014-01-14) Electricity Aq 1yr
542,Nightsaver,19,11,5,72,11.12,6.22,0,,,EoN(2014-01-14) Electricity Aq 1yr
542,Nightsaver,19,11,8,72,11.5,6.04,0,,,EoN(2014-01-14) Electricity Aq 1yr
613,Nightsaver,2,11,7,72,11.44,6.11,0,,,EoN(2014-01-14) Electricity Aq 1yr
613,Nightsaver,2,11,6,72,11.3,6.19,0,,,EoN(2014-01-14) Electricity Aq 1yr
613,Nightsaver,2,11,5,72,11.12,6.22,0,,,EoN(2014-01-14) Electricity Aq 1yr
613,Nightsaver,2,11,8,72,11.5,6.04,0,,,EoN(2014-01-14) Electricity Aq 1yr
613,Nightsaver,3,11,7,72,11.44,6.11,0,,,EoN(2014-01-14) Electricity Aq 1yr
613,Nightsaver,3,11,6,72,11.3,6.19,0,,,EoN(2014-01-14) Electricity Aq 1yr
613,Nightsaver,3,11,5,72,11.12,6.22,0,,,EoN(2014-01-14) Electricity Aq 1yr
613,Nightsaver,3,11,8,72,11.5,6.04,0,,,EoN(2014-01-14) Electricity Aq 1yr
542,Nightsaver,1,11,7,72,11.44,6.11,0,,,EoN(2014-01-14) Electricity Aq 1yr
542,Nightsaver,1,11,6,72,11.3,6.19,0,,,EoN(2014-01-14) Electricity Aq 1yr
542,Nightsaver,1,11,5,72,11.12,6.22,0,,,EoN(2014-01-14) Electricity Aq 1yr
542,Nightsaver,1,11,8,72,11.5,6.04,0,,,EoN(2014-01-14) Electricity Aq 1yr
613,Nightsaver,7,11,7,72,11.44,6.11,0,,,EoN(2014-01-14) Electricity Aq 1yr
613,Nightsaver,7,11,6,72,11.3,6.19,0,,,EoN(2014-01-14) Electricity Aq 1yr
613,Nightsaver,7,11,5,72,11.12,6.22,0,,,EoN(2014-01-14) Electricity Aq 1yr
613,Nightsaver,7,11,8,72,11.5,6.04,0,,,EoN(2014-01-14) Electricity Aq 1yr
653,Nightsaver,2,11,7,72,11.44,6.11,0,,,EoN(2014-01-14) Electricity Aq 1yr
653,Nightsaver,2,11,6,72,11.3,6.19,0,,,EoN(2014-01-14) Electricity Aq 1yr
653,Nightsaver,2,11,5,72,11.12,6.22,0,,,EoN(2014-01-14) Electricity Aq 1yr
653,Nightsaver,2,11,8,72,11.5,6.04,0,,,EoN(2014-01-14) Electricity Aq 1yr
548,Nightsaver,140,11,7,72,11.44,6.11,0,,,EoN(2014-01-14) Electricity Aq 1yr
548,Nightsaver,140,11,6,72,11.3,6.19,0,,,EoN(2014-01-14) Electricity Aq 1yr
548,Nightsaver,140,11,5,72,11.12,6.22,0,,,EoN(2014-01-14) Electricity Aq 1yr
548,Nightsaver,140,11,8,72,11.5,6.04,0,,,EoN(2014-01-14) Electricity Aq 1yr
830,Nightsaver,103,11,7,72,11.44,6.11,0,,,EoN(2014-01-14) Electricity Aq 1yr
830,Nightsaver,103,11,6,72,11.3,6.19,0,,,EoN(2014-01-14) Electricity Aq 1yr
830,Nightsaver,103,11,5,72,11.12,6.22,0,,,EoN(2014-01-14) Electricity Aq 1yr
830,Nightsaver,103,11,8,72,11.5,6.04,0,,,EoN(2014-01-14) Electricity Aq 1yr
830,Nightsaver,101,11,7,72,11.44,6.11,0,,,EoN(2014-01-14) Electricity Aq 1yr
830,Nightsaver,101,11,6,72,11.3,6.19,0,,,EoN(2014-01-14) Electricity Aq 1yr
830,Nightsaver,101,11,5,72,11.12,6.22,0,,,EoN(2014-01-14) Electricity Aq 1yr
830,Nightsaver,101,11,8,72,11.5,6.04,0,,,EoN(2014-01-14) Electricity Aq 1yr
830,Nightsaver,52,11,7,72,11.44,6.11,0,,,EoN(2014-01-14) Electricity Aq 1yr
830,Nightsaver,52,11,6,72,11.3,6.19,0,,,EoN(2014-01-14) Electricity Aq 1yr
830,Nightsaver,52,11,5,72,11.12,6.22,0,,,EoN(2014-01-14) Electricity Aq 1yr
830,Nightsaver,52,11,8,72,11.5,6.04,0,,,EoN(2014-01-14) Electricity Aq 1yr
830,Nightsaver,40,11,7,72,11.44,6.11,0,,,EoN(2014-01-14) Electricity Aq 1yr
830,Nightsaver,40,11,6,72,11.3,6.19,0,,,EoN(2014-01-14) Electricity Aq 1yr
830,Nightsaver,40,11,5,72,11.12,6.22,0,,,EoN(2014-01-14) Electricity Aq 1yr
830,Nightsaver,40,11,8,72,11.5,6.04,0,,,EoN(2014-01-14) Electricity Aq 1yr
830,Nightsaver,19,11,7,72,11.44,6.11,0,,,EoN(2014-01-14) Electricity Aq 1yr
830,Nightsaver,19,11,6,72,11.3,6.19,0,,,EoN(2014-01-14) Electricity Aq 1yr
830,Nightsaver,19,11,5,72,11.12,6.22,0,,,EoN(2014-01-14) Electricity Aq 1yr
830,Nightsaver,19,11,8,72,11.5,6.04,0,,,EoN(2014-01-14) Electricity Aq 1yr
831,Nightsaver,152,11,7,72,11.44,6.11,0,,,EoN(2014-01-14) Electricity Aq 1yr
831,Nightsaver,152,11,6,72,11.3,6.19,0,,,EoN(2014-01-14) Electricity Aq 1yr
831,Nightsaver,152,11,5,72,11.12,6.22,0,,,EoN(2014-01-14) Electricity Aq 1yr
831,Nightsaver,152,11,8,72,11.5,6.04,0,,,EoN(2014-01-14) Electricity Aq 1yr
830,Nightsaver,13,11,7,72,11.44,6.11,0,,,EoN(2014-01-14) Electricity Aq 1yr
830,Nightsaver,13,11,6,72,11.3,6.19,0,,,EoN(2014-01-14) Electricity Aq 1yr
830,Nightsaver,13,11,5,72,11.12,6.22,0,,,EoN(2014-01-14) Electricity Aq 1yr
830,Nightsaver,13,11,8,72,11.5,6.04,0,,,EoN(2014-01-14) Electricity Aq 1yr
830,Nightsaver,3,11,7,72,11.44,6.11,0,,,EoN(2014-01-14) Electricity Aq 1yr
830,Nightsaver,3,11,6,72,11.3,6.19,0,,,EoN(2014-01-14) Electricity Aq 1yr
830,Nightsaver,3,11,5,72,11.12,6.22,0,,,EoN(2014-01-14) Electricity Aq 1yr
830,Nightsaver,3,11,8,72,11.5,6.04,0,,,EoN(2014-01-14) Electricity Aq 1yr
830,Nightsaver,37,11,7,72,11.44,6.11,0,,,EoN(2014-01-14) Electricity Aq 1yr
830,Nightsaver,37,11,6,72,11.3,6.19,0,,,EoN(2014-01-14) Electricity Aq 1yr
830,Nightsaver,37,11,5,72,11.12,6.22,0,,,EoN(2014-01-14) Electricity Aq 1yr
830,Nightsaver,37,11,8,72,11.5,6.04,0,,,EoN(2014-01-14) Electricity Aq 1yr
831,Nightsaver,116,11,7,72,11.44,6.11,0,,,EoN(2014-01-14) Electricity Aq 1yr
831,Nightsaver,116,11,6,72,11.3,6.19,0,,,EoN(2014-01-14) Electricity Aq 1yr
831,Nightsaver,116,11,5,72,11.12,6.22,0,,,EoN(2014-01-14) Electricity Aq 1yr
831,Nightsaver,116,11,8,72,11.5,6.04,0,,,EoN(2014-01-14) Electricity Aq 1yr
831,Nightsaver,3,11,7,72,11.44,6.11,0,,,EoN(2014-01-14) Electricity Aq 1yr
831,Nightsaver,3,11,6,72,11.3,6.19,0,,,EoN(2014-01-14) Electricity Aq 1yr
831,Nightsaver,3,11,5,72,11.12,6.22,0,,,EoN(2014-01-14) Electricity Aq 1yr
831,Nightsaver,3,11,8,72,11.5,6.04,0,,,EoN(2014-01-14) Electricity Aq 1yr
831,Nightsaver,13,11,7,72,11.44,6.11,0,,,EoN(2014-01-14) Electricity Aq 1yr
831,Nightsaver,13,11,6,72,11.3,6.19,0,,,EoN(2014-01-14) Electricity Aq 1yr
831,Nightsaver,13,11,5,72,11.12,6.22,0,,,EoN(2014-01-14) Electricity Aq 1yr
831,Nightsaver,13,11,8,72,11.5,6.04,0,,,EoN(2014-01-14) Electricity Aq 1yr
831,Nightsaver,16,11,7,72,11.44,6.11,0,,,EoN(2014-01-14) Electricity Aq 1yr
831,Nightsaver,16,11,6,72,11.3,6.19,0,,,EoN(2014-01-14) Electricity Aq 1yr
831,Nightsaver,16,11,5,72,11.12,6.22,0,,,EoN(2014-01-14) Electricity Aq 1yr
831,Nightsaver,16,11,8,72,11.5,6.04,0,,,EoN(2014-01-14) Electricity Aq 1yr
831,Nightsaver,19,11,7,72,11.44,6.11,0,,,EoN(2014-01-14) Electricity Aq 1yr
831,Nightsaver,19,11,6,72,11.3,6.19,0,,,EoN(2014-01-14) Electricity Aq 1yr
831,Nightsaver,19,11,5,72,11.12,6.22,0,,,EoN(2014-01-14) Electricity Aq 1yr
831,Nightsaver,19,11,8,72,11.5,6.04,0,,,EoN(2014-01-14) Electricity Aq 1yr
831,Nightsaver,37,11,7,72,11.44,6.11,0,,,EoN(2014-01-14) Electricity Aq 1yr
831,Nightsaver,37,11,6,72,11.3,6.19,0,,,EoN(2014-01-14) Electricity Aq 1yr
831,Nightsaver,37,11,5,72,11.12,6.22,0,,,EoN(2014-01-14) Electricity Aq 1yr
831,Nightsaver,37,11,8,72,11.5,6.04,0,,,EoN(2014-01-14) Electricity Aq 1yr
831,Nightsaver,37,11,7,72,11.44,6.11,0,,,EoN(2014-01-14) Electricity Aq 1yr
831,Nightsaver,37,11,6,72,11.3,6.19,0,,,EoN(2014-01-14) Electricity Aq 1yr
831,Nightsaver,37,11,5,72,11.12,6.22,0,,,EoN(2014-01-14) Electricity Aq 1yr
831,Nightsaver,37,11,8,72,11.5,6.04,0,,,EoN(2014-01-14) Electricity Aq 1yr
831,Nightsaver,40,11,7,72,11.44,6.11,0,,,EoN(2014-01-14) Electricity Aq 1yr
831,Nightsaver,40,11,6,72,11.3,6.19,0,,,EoN(2014-01-14) Electricity Aq 1yr
831,Nightsaver,40,11,5,72,11.12,6.22,0,,,EoN(2014-01-14) Electricity Aq 1yr
831,Nightsaver,40,11,8,72,11.5,6.04,0,,,EoN(2014-01-14) Electricity Aq 1yr
831,Nightsaver,52,11,7,72,11.44,6.11,0,,,EoN(2014-01-14) Electricity Aq 1yr
831,Nightsaver,52,11,6,72,11.3,6.19,0,,,EoN(2014-01-14) Electricity Aq 1yr
831,Nightsaver,52,11,5,72,11.12,6.22,0,,,EoN(2014-01-14) Electricity Aq 1yr
831,Nightsaver,52,11,8,72,11.5,6.04,0,,,EoN(2014-01-14) Electricity Aq 1yr
831,Nightsaver,101,11,7,72,11.44,6.11,0,,,EoN(2014-01-14) Electricity Aq 1yr
831,Nightsaver,101,11,6,72,11.3,6.19,0,,,EoN(2014-01-14) Electricity Aq 1yr
831,Nightsaver,101,11,5,72,11.12,6.22,0,,,EoN(2014-01-14) Electricity Aq 1yr
831,Nightsaver,101,11,8,72,11.5,6.04,0,,,EoN(2014-01-14) Electricity Aq 1yr
830,Nightsaver,140,11,7,72,11.44,6.11,0,,,EoN(2014-01-14) Electricity Aq 1yr
830,Nightsaver,140,11,6,72,11.3,6.19,0,,,EoN(2014-01-14) Electricity Aq 1yr
830,Nightsaver,140,11,5,72,11.12,6.22,0,,,EoN(2014-01-14) Electricity Aq 1yr
830,Nightsaver,140,11,8,72,11.5,6.04,0,,,EoN(2014-01-14) Electricity Aq 1yr
831,Nightsaver,113,11,7,72,11.44,6.11,0,,,EoN(2014-01-14) Electricity Aq 1yr
831,Nightsaver,113,11,6,72,11.3,6.19,0,,,EoN(2014-01-14) Electricity Aq 1yr
831,Nightsaver,113,11,5,72,11.12,6.22,0,,,EoN(2014-01-14) Electricity Aq 1yr
831,Nightsaver,113,11,8,72,11.5,6.04,0,,,EoN(2014-01-14) Electricity Aq 1yr
830,Nightsaver,113,11,7,72,11.44,6.11,0,,,EoN(2014-01-14) Electricity Aq 1yr
830,Nightsaver,113,11,6,72,11.3,6.19,0,,,EoN(2014-01-14) Electricity Aq 1yr
830,Nightsaver,113,11,5,72,11.12,6.22,0,,,EoN(2014-01-14) Electricity Aq 1yr
830,Nightsaver,113,11,8,72,11.5,6.04,0,,,EoN(2014-01-14) Electricity Aq 1yr
831,Nightsaver,119,11,7,72,11.44,6.11,0,,,EoN(2014-01-14) Electricity Aq 1yr
831,Nightsaver,119,11,6,72,11.3,6.19,0,,,EoN(2014-01-14) Electricity Aq 1yr
831,Nightsaver,119,11,5,72,11.12,6.22,0,,,EoN(2014-01-14) Electricity Aq 1yr
831,Nightsaver,119,11,8,72,11.5,6.04,0,,,EoN(2014-01-14) Electricity Aq 1yr
831,Nightsaver,137,11,7,72,11.44,6.11,0,,,EoN(2014-01-14) Electricity Aq 1yr
831,Nightsaver,137,11,6,72,11.3,6.19,0,,,EoN(2014-01-14) Electricity Aq 1yr
831,Nightsaver,137,11,5,72,11.12,6.22,0,,,EoN(2014-01-14) Electricity Aq 1yr
831,Nightsaver,137,11,8,72,11.5,6.04,0,,,EoN(2014-01-14) Electricity Aq 1yr
831,Nightsaver,140,11,7,72,11.44,6.11,0,,,EoN(2014-01-14) Electricity Aq 1yr
831,Nightsaver,140,11,6,72,11.3,6.19,0,,,EoN(2014-01-14) Electricity Aq 1yr
831,Nightsaver,140,11,5,72,11.12,6.22,0,,,EoN(2014-01-14) Electricity Aq 1yr
831,Nightsaver,140,11,8,72,11.5,6.04,0,,,EoN(2014-01-14) Electricity Aq 1yr
830,Nightsaver,16,11,7,72,11.44,6.11,0,,,EoN(2014-01-14) Electricity Aq 1yr
830,Nightsaver,16,11,6,72,11.3,6.19,0,,,EoN(2014-01-14) Electricity Aq 1yr
830,Nightsaver,16,11,5,72,11.12,6.22,0,,,EoN(2014-01-14) Electricity Aq 1yr
830,Nightsaver,16,11,8,72,11.5,6.04,0,,,EoN(2014-01-14) Electricity Aq 1yr
830,Nightsaver,152,11,7,72,11.44,6.11,0,,,EoN(2014-01-14) Electricity Aq 1yr
830,Nightsaver,152,11,6,72,11.3,6.19,0,,,EoN(2014-01-14) Electricity Aq 1yr
830,Nightsaver,152,11,5,72,11.12,6.22,0,,,EoN(2014-01-14) Electricity Aq 1yr
830,Nightsaver,152,11,8,72,11.5,6.04,0,,,EoN(2014-01-14) Electricity Aq 1yr
830,Nightsaver,1,11,7,72,11.44,6.11,0,,,EoN(2014-01-14) Electricity Aq 1yr
830,Nightsaver,1,11,6,72,11.3,6.19,0,,,EoN(2014-01-14) Electricity Aq 1yr
830,Nightsaver,1,11,5,72,11.12,6.22,0,,,EoN(2014-01-14) Electricity Aq 1yr
830,Nightsaver,1,11,8,72,11.5,6.04,0,,,EoN(2014-01-14) Electricity Aq 1yr
830,Nightsaver,137,11,7,72,11.44,6.11,0,,,EoN(2014-01-14) Electricity Aq 1yr
830,Nightsaver,137,11,6,72,11.3,6.19,0,,,EoN(2014-01-14) Electricity Aq 1yr
830,Nightsaver,137,11,5,72,11.12,6.22,0,,,EoN(2014-01-14) Electricity Aq 1yr
830,Nightsaver,137,11,8,72,11.5,6.04,0,,,EoN(2014-01-14) Electricity Aq 1yr
830,Nightsaver,119,11,7,72,11.44,6.11,0,,,EoN(2014-01-14) Electricity Aq 1yr
830,Nightsaver,119,11,6,72,11.3,6.19,0,,,EoN(2014-01-14) Electricity Aq 1yr
830,Nightsaver,119,11,5,72,11.12,6.22,0,,,EoN(2014-01-14) Electricity Aq 1yr
830,Nightsaver,119,11,8,72,11.5,6.04,0,,,EoN(2014-01-14) Electricity Aq 1yr
830,Nightsaver,116,11,7,72,11.44,6.11,0,,,EoN(2014-01-14) Electricity Aq 1yr
830,Nightsaver,116,11,6,72,11.3,6.19,0,,,EoN(2014-01-14) Electricity Aq 1yr
830,Nightsaver,116,11,5,72,11.12,6.22,0,,,EoN(2014-01-14) Electricity Aq 1yr
830,Nightsaver,116,11,8,72,11.5,6.04,0,,,EoN(2014-01-14) Electricity Aq 1yr
831,Nightsaver,103,11,7,72,11.44,6.11,0,,,EoN(2014-01-14) Electricity Aq 1yr
831,Nightsaver,103,11,6,72,11.3,6.19,0,,,EoN(2014-01-14) Electricity Aq 1yr
831,Nightsaver,103,11,5,72,11.12,6.22,0,,,EoN(2014-01-14) Electricity Aq 1yr
831,Nightsaver,103,11,8,72,11.5,6.04,0,,,EoN(2014-01-14) Electricity Aq 1yr
831,Nightsaver,1,11,7,72,11.44,6.11,0,,,EoN(2014-01-14) Electricity Aq 1yr
831,Nightsaver,1,11,6,72,11.3,6.19,0,,,EoN(2014-01-14) Electricity Aq 1yr
831,Nightsaver,1,11,5,72,11.12,6.22,0,,,EoN(2014-01-14) Electricity Aq 1yr
831,Nightsaver,1,11,8,72,11.5,6.04,0,,,EoN(2014-01-14) Electricity Aq 1yr
830,Nightsaver,37,11,7,72,11.44,6.11,0,,,EoN(2014-01-14) Electricity Aq 1yr
830,Nightsaver,37,11,6,72,11.3,6.19,0,,,EoN(2014-01-14) Electricity Aq 1yr
830,Nightsaver,37,11,5,72,11.12,6.22,0,,,EoN(2014-01-14) Electricity Aq 1yr
830,Nightsaver,37,11,8,72,11.5,6.04,0,,,EoN(2014-01-14) Electricity Aq 1yr
111,Nightsaver,3,11,7,72,11.44,6.11,0,,,EoN(2014-01-14) Electricity Aq 1yr
111,Nightsaver,3,11,6,72,11.3,6.19,0,,,EoN(2014-01-14) Electricity Aq 1yr
111,Nightsaver,3,11,5,72,11.12,6.22,0,,,EoN(2014-01-14) Electricity Aq 1yr
111,Nightsaver,3,11,8,72,11.5,6.04,0,,,EoN(2014-01-14) Electricity Aq 1yr
543,Nightsaver,14,11,7,72,11.44,6.11,0,,,EoN(2014-01-14) Electricity Aq 1yr
543,Nightsaver,14,11,6,72,11.3,6.19,0,,,EoN(2014-01-14) Electricity Aq 1yr
543,Nightsaver,14,11,5,72,11.12,6.22,0,,,EoN(2014-01-14) Electricity Aq 1yr
543,Nightsaver,14,11,8,72,11.5,6.04,0,,,EoN(2014-01-14) Electricity Aq 1yr
543,Nightsaver,13,11,7,72,11.44,6.11,0,,,EoN(2014-01-14) Electricity Aq 1yr
543,Nightsaver,13,11,6,72,11.3,6.19,0,,,EoN(2014-01-14) Electricity Aq 1yr
543,Nightsaver,13,11,5,72,11.12,6.22,0,,,EoN(2014-01-14) Electricity Aq 1yr
543,Nightsaver,13,11,8,72,11.5,6.04,0,,,EoN(2014-01-14) Electricity Aq 1yr
543,Nightsaver,12,11,7,72,11.44,6.11,0,,,EoN(2014-01-14) Electricity Aq 1yr
543,Nightsaver,12,11,6,72,11.3,6.19,0,,,EoN(2014-01-14) Electricity Aq 1yr
543,Nightsaver,12,11,5,72,11.12,6.22,0,,,EoN(2014-01-14) Electricity Aq 1yr
543,Nightsaver,12,11,8,72,11.5,6.04,0,,,EoN(2014-01-14) Electricity Aq 1yr
543,Nightsaver,4,11,7,72,11.44,6.11,0,,,EoN(2014-01-14) Electricity Aq 1yr
543,Nightsaver,4,11,6,72,11.3,6.19,0,,,EoN(2014-01-14) Electricity Aq 1yr
543,Nightsaver,4,11,5,72,11.12,6.22,0,,,EoN(2014-01-14) Electricity Aq 1yr
543,Nightsaver,4,11,8,72,11.5,6.04,0,,,EoN(2014-01-14) Electricity Aq 1yr
111,Nightsaver,2,11,7,72,11.44,6.11,0,,,EoN(2014-01-14) Electricity Aq 1yr
111,Nightsaver,2,11,6,72,11.3,6.19,0,,,EoN(2014-01-14) Electricity Aq 1yr
111,Nightsaver,2,11,5,72,11.12,6.22,0,,,EoN(2014-01-14) Electricity Aq 1yr
111,Nightsaver,2,11,8,72,11.5,6.04,0,,,EoN(2014-01-14) Electricity Aq 1yr
543,Nightsaver,1,11,7,72,11.44,6.11,0,,,EoN(2014-01-14) Electricity Aq 1yr
543,Nightsaver,1,11,6,72,11.3,6.19,0,,,EoN(2014-01-14) Electricity Aq 1yr
543,Nightsaver,1,11,5,72,11.12,6.22,0,,,EoN(2014-01-14) Electricity Aq 1yr
543,Nightsaver,1,11,8,72,11.5,6.04,0,,,EoN(2014-01-14) Electricity Aq 1yr
543,Nightsaver,17,11,7,72,11.44,6.11,0,,,EoN(2014-01-14) Electricity Aq 1yr
543,Nightsaver,17,11,6,72,11.3,6.19,0,,,EoN(2014-01-14) Electricity Aq 1yr
543,Nightsaver,17,11,5,72,11.12,6.22,0,,,EoN(2014-01-14) Electricity Aq 1yr
543,Nightsaver,17,11,8,72,11.5,6.04,0,,,EoN(2014-01-14) Electricity Aq 1yr
654,Nightsaver,2,11,7,72,11.44,6.11,0,,,EoN(2014-01-14) Electricity Aq 1yr
654,Nightsaver,2,11,6,72,11.3,6.19,0,,,EoN(2014-01-14) Electricity Aq 1yr
654,Nightsaver,2,11,5,72,11.12,6.22,0,,,EoN(2014-01-14) Electricity Aq 1yr
654,Nightsaver,2,11,8,72,11.5,6.04,0,,,EoN(2014-01-14) Electricity Aq 1yr
107,Nightsaver,8,11,7,72,11.44,6.11,0,,,EoN(2014-01-14) Electricity Aq 1yr
107,Nightsaver,8,11,6,72,11.3,6.19,0,,,EoN(2014-01-14) Electricity Aq 1yr
107,Nightsaver,8,11,5,72,11.12,6.22,0,,,EoN(2014-01-14) Electricity Aq 1yr
107,Nightsaver,8,11,8,72,11.5,6.04,0,,,EoN(2014-01-14) Electricity Aq 1yr
549,Nightsaver,1,11,7,72,11.44,6.11,0,,,EoN(2014-01-14) Electricity Aq 1yr
549,Nightsaver,1,11,6,72,11.3,6.19,0,,,EoN(2014-01-14) Electricity Aq 1yr
549,Nightsaver,1,11,5,72,11.12,6.22,0,,,EoN(2014-01-14) Electricity Aq 1yr
549,Nightsaver,1,11,8,72,11.5,6.04,0,,,EoN(2014-01-14) Electricity Aq 1yr
549,Nightsaver,3,11,7,72,11.44,6.11,0,,,EoN(2014-01-14) Electricity Aq 1yr
549,Nightsaver,3,11,6,72,11.3,6.19,0,,,EoN(2014-01-14) Electricity Aq 1yr
549,Nightsaver,3,11,5,72,11.12,6.22,0,,,EoN(2014-01-14) Electricity Aq 1yr
549,Nightsaver,3,11,8,72,11.5,6.04,0,,,EoN(2014-01-14) Electricity Aq 1yr
549,Nightsaver,4,11,7,72,11.44,6.11,0,,,EoN(2014-01-14) Electricity Aq 1yr
549,Nightsaver,4,11,6,72,11.3,6.19,0,,,EoN(2014-01-14) Electricity Aq 1yr
549,Nightsaver,4,11,5,72,11.12,6.22,0,,,EoN(2014-01-14) Electricity Aq 1yr
549,Nightsaver,4,11,8,72,11.5,6.04,0,,,EoN(2014-01-14) Electricity Aq 1yr
543,Nightsaver,3,11,7,72,11.44,6.11,0,,,EoN(2014-01-14) Electricity Aq 1yr
543,Nightsaver,3,11,6,72,11.3,6.19,0,,,EoN(2014-01-14) Electricity Aq 1yr
543,Nightsaver,3,11,5,72,11.12,6.22,0,,,EoN(2014-01-14) Electricity Aq 1yr
543,Nightsaver,3,11,8,72,11.5,6.04,0,,,EoN(2014-01-14) Electricity Aq 1yr
543,Nightsaver,20,11,7,72,11.44,6.11,0,,,EoN(2014-01-14) Electricity Aq 1yr
543,Nightsaver,20,11,6,72,11.3,6.19,0,,,EoN(2014-01-14) Electricity Aq 1yr
543,Nightsaver,20,11,5,72,11.12,6.22,0,,,EoN(2014-01-14) Electricity Aq 1yr
543,Nightsaver,20,11,8,72,11.5,6.04,0,,,EoN(2014-01-14) Electricity Aq 1yr
543,Nightsaver,34,11,7,72,11.44,6.11,0,,,EoN(2014-01-14) Electricity Aq 1yr
543,Nightsaver,34,11,6,72,11.3,6.19,0,,,EoN(2014-01-14) Electricity Aq 1yr
543,Nightsaver,34,11,5,72,11.12,6.22,0,,,EoN(2014-01-14) Electricity Aq 1yr
543,Nightsaver,34,11,8,72,11.5,6.04,0,,,EoN(2014-01-14) Electricity Aq 1yr
543,Nightsaver,37,11,7,72,11.44,6.11,0,,,EoN(2014-01-14) Electricity Aq 1yr
543,Nightsaver,37,11,6,72,11.3,6.19,0,,,EoN(2014-01-14) Electricity Aq 1yr
543,Nightsaver,37,11,5,72,11.12,6.22,0,,,EoN(2014-01-14) Electricity Aq 1yr
543,Nightsaver,37,11,8,72,11.5,6.04,0,,,EoN(2014-01-14) Electricity Aq 1yr
543,Nightsaver,101,11,7,72,11.44,6.11,0,,,EoN(2014-01-14) Electricity Aq 1yr
543,Nightsaver,101,11,6,72,11.3,6.19,0,,,EoN(2014-01-14) Electricity Aq 1yr
543,Nightsaver,101,11,5,72,11.12,6.22,0,,,EoN(2014-01-14) Electricity Aq 1yr
543,Nightsaver,101,11,8,72,11.5,6.04,0,,,EoN(2014-01-14) Electricity Aq 1yr
549,Nightsaver,20,11,7,72,11.44,6.11,0,,,EoN(2014-01-14) Electricity Aq 1yr
549,Nightsaver,20,11,6,72,11.3,6.19,0,,,EoN(2014-01-14) Electricity Aq 1yr
549,Nightsaver,20,11,5,72,11.12,6.22,0,,,EoN(2014-01-14) Electricity Aq 1yr
549,Nightsaver,20,11,8,72,11.5,6.04,0,,,EoN(2014-01-14) Electricity Aq 1yr
543,Nightsaver,26,11,7,72,11.44,6.11,0,,,EoN(2014-01-14) Electricity Aq 1yr
543,Nightsaver,26,11,6,72,11.3,6.19,0,,,EoN(2014-01-14) Electricity Aq 1yr
543,Nightsaver,26,11,5,72,11.12,6.22,0,,,EoN(2014-01-14) Electricity Aq 1yr
543,Nightsaver,26,11,8,72,11.5,6.04,0,,,EoN(2014-01-14) Electricity Aq 1yr
107,Nightsaver,3,11,7,72,11.44,6.11,0,,,EoN(2014-01-14) Electricity Aq 1yr
107,Nightsaver,3,11,6,72,11.3,6.19,0,,,EoN(2014-01-14) Electricity Aq 1yr
107,Nightsaver,3,11,5,72,11.12,6.22,0,,,EoN(2014-01-14) Electricity Aq 1yr
107,Nightsaver,3,11,8,72,11.5,6.04,0,,,EoN(2014-01-14) Electricity Aq 1yr
649,Nightsaver,2,11,7,72,11.44,6.11,0,,,EoN(2014-01-14) Electricity Aq 1yr
649,Nightsaver,2,11,6,72,11.3,6.19,0,,,EoN(2014-01-14) Electricity Aq 1yr
649,Nightsaver,2,11,5,72,11.12,6.22,0,,,EoN(2014-01-14) Electricity Aq 1yr
649,Nightsaver,2,11,8,72,11.5,6.04,0,,,EoN(2014-01-14) Electricity Aq 1yr
543,Nightsaver,24,11,7,72,11.44,6.11,0,,,EoN(2014-01-14) Electricity Aq 1yr
543,Nightsaver,24,11,6,72,11.3,6.19,0,,,EoN(2014-01-14) Electricity Aq 1yr
543,Nightsaver,24,11,5,72,11.12,6.22,0,,,EoN(2014-01-14) Electricity Aq 1yr
543,Nightsaver,24,11,8,72,11.5,6.04,0,,,EoN(2014-01-14) Electricity Aq 1yr
543,Nightsaver,15,11,7,72,11.44,6.11,0,,,EoN(2014-01-14) Electricity Aq 1yr
543,Nightsaver,15,11,6,72,11.3,6.19,0,,,EoN(2014-01-14) Electricity Aq 1yr
543,Nightsaver,15,11,5,72,11.12,6.22,0,,,EoN(2014-01-14) Electricity Aq 1yr
543,Nightsaver,15,11,8,72,11.5,6.04,0,,,EoN(2014-01-14) Electricity Aq 1yr
543,Nightsaver,18,11,7,72,11.44,6.11,0,,,EoN(2014-01-14) Electricity Aq 1yr
543,Nightsaver,18,11,6,72,11.3,6.19,0,,,EoN(2014-01-14) Electricity Aq 1yr
543,Nightsaver,18,11,5,72,11.12,6.22,0,,,EoN(2014-01-14) Electricity Aq 1yr
543,Nightsaver,18,11,8,72,11.5,6.04,0,,,EoN(2014-01-14) Electricity Aq 1yr
151,Nightsaver,2,11,7,72,11.44,6.11,0,,,EoN(2014-01-14) Electricity Aq 1yr
151,Nightsaver,2,11,6,72,11.3,6.19,0,,,EoN(2014-01-14) Electricity Aq 1yr
151,Nightsaver,2,11,5,72,11.12,6.22,0,,,EoN(2014-01-14) Electricity Aq 1yr
151,Nightsaver,2,11,8,72,11.5,6.04,0,,,EoN(2014-01-14) Electricity Aq 1yr
151,Nightsaver,3,11,7,72,11.44,6.11,0,,,EoN(2014-01-14) Electricity Aq 1yr
151,Nightsaver,3,11,6,72,11.3,6.19,0,,,EoN(2014-01-14) Electricity Aq 1yr
151,Nightsaver,3,11,5,72,11.12,6.22,0,,,EoN(2014-01-14) Electricity Aq 1yr
151,Nightsaver,3,11,8,72,11.5,6.04,0,,,EoN(2014-01-14) Electricity Aq 1yr
151,Nightsaver,8,11,7,72,11.44,6.11,0,,,EoN(2014-01-14) Electricity Aq 1yr
151,Nightsaver,8,11,6,72,11.3,6.19,0,,,EoN(2014-01-14) Electricity Aq 1yr
151,Nightsaver,8,11,5,72,11.12,6.22,0,,,EoN(2014-01-14) Electricity Aq 1yr
151,Nightsaver,8,11,8,72,11.5,6.04,0,,,EoN(2014-01-14) Electricity Aq 1yr
111,Nightsaver,8,11,7,72,11.44,6.11,0,,,EoN(2014-01-14) Electricity Aq 1yr
111,Nightsaver,8,11,6,72,11.3,6.19,0,,,EoN(2014-01-14) Electricity Aq 1yr
111,Nightsaver,8,11,5,72,11.12,6.22,0,,,EoN(2014-01-14) Electricity Aq 1yr
111,Nightsaver,8,11,8,72,11.5,6.04,0,,,EoN(2014-01-14) Electricity Aq 1yr
543,Nightsaver,16,11,7,72,11.44,6.11,0,,,EoN(2014-01-14) Electricity Aq 1yr
543,Nightsaver,16,11,6,72,11.3,6.19,0,,,EoN(2014-01-14) Electricity Aq 1yr
543,Nightsaver,16,11,5,72,11.12,6.22,0,,,EoN(2014-01-14) Electricity Aq 1yr
543,Nightsaver,16,11,8,72,11.5,6.04,0,,,EoN(2014-01-14) Electricity Aq 1yr
543,Nightsaver,104,11,7,72,11.44,6.11,0,,,EoN(2014-01-14) Electricity Aq 1yr
543,Nightsaver,104,11,6,72,11.3,6.19,0,,,EoN(2014-01-14) Electricity Aq 1yr
543,Nightsaver,104,11,5,72,11.12,6.22,0,,,EoN(2014-01-14) Electricity Aq 1yr
543,Nightsaver,104,11,8,72,11.5,6.04,0,,,EoN(2014-01-14) Electricity Aq 1yr
543,Nightsaver,137,11,7,72,11.44,6.11,0,,,EoN(2014-01-14) Electricity Aq 1yr
543,Nightsaver,137,11,6,72,11.3,6.19,0,,,EoN(2014-01-14) Electricity Aq 1yr
543,Nightsaver,137,11,5,72,11.12,6.22,0,,,EoN(2014-01-14) Electricity Aq 1yr
543,Nightsaver,137,11,8,72,11.5,6.04,0,,,EoN(2014-01-14) Electricity Aq 1yr
549,Nightsaver,12,11,7,72,11.44,6.11,0,,,EoN(2014-01-14) Electricity Aq 1yr
549,Nightsaver,12,11,6,72,11.3,6.19,0,,,EoN(2014-01-14) Electricity Aq 1yr
549,Nightsaver,12,11,5,72,11.12,6.22,0,,,EoN(2014-01-14) Electricity Aq 1yr
549,Nightsaver,12,11,8,72,11.5,6.04,0,,,EoN(2014-01-14) Electricity Aq 1yr
609,Nightsaver,8,11,7,72,11.44,6.11,0,,,EoN(2014-01-14) Electricity Aq 1yr
609,Nightsaver,8,11,6,72,11.3,6.19,0,,,EoN(2014-01-14) Electricity Aq 1yr
609,Nightsaver,8,11,5,72,11.12,6.22,0,,,EoN(2014-01-14) Electricity Aq 1yr
609,Nightsaver,8,11,8,72,11.5,6.04,0,,,EoN(2014-01-14) Electricity Aq 1yr
549,Nightsaver,17,11,7,72,11.44,6.11,0,,,EoN(2014-01-14) Electricity Aq 1yr
549,Nightsaver,17,11,6,72,11.3,6.19,0,,,EoN(2014-01-14) Electricity Aq 1yr
549,Nightsaver,17,11,5,72,11.12,6.22,0,,,EoN(2014-01-14) Electricity Aq 1yr
549,Nightsaver,17,11,8,72,11.5,6.04,0,,,EoN(2014-01-14) Electricity Aq 1yr
609,Nightsaver,3,11,7,72,11.44,6.11,0,,,EoN(2014-01-14) Electricity Aq 1yr
609,Nightsaver,3,11,6,72,11.3,6.19,0,,,EoN(2014-01-14) Electricity Aq 1yr
609,Nightsaver,3,11,5,72,11.12,6.22,0,,,EoN(2014-01-14) Electricity Aq 1yr
609,Nightsaver,3,11,8,72,11.5,6.04,0,,,EoN(2014-01-14) Electricity Aq 1yr
609,Nightsaver,2,11,7,72,11.44,6.11,0,,,EoN(2014-01-14) Electricity Aq 1yr
609,Nightsaver,2,11,6,72,11.3,6.19,0,,,EoN(2014-01-14) Electricity Aq 1yr
609,Nightsaver,2,11,5,72,11.12,6.22,0,,,EoN(2014-01-14) Electricity Aq 1yr
609,Nightsaver,2,11,8,72,11.5,6.04,0,,,EoN(2014-01-14) Electricity Aq 1yr
614,Nightsaver,2,11,7,72,11.44,6.11,0,,,EoN(2014-01-14) Electricity Aq 1yr
614,Nightsaver,2,11,6,72,11.3,6.19,0,,,EoN(2014-01-14) Electricity Aq 1yr
614,Nightsaver,2,11,5,72,11.12,6.22,0,,,EoN(2014-01-14) Electricity Aq 1yr
614,Nightsaver,2,11,8,72,11.5,6.04,0,,,EoN(2014-01-14) Electricity Aq 1yr
614,Nightsaver,8,11,7,72,11.44,6.11,0,,,EoN(2014-01-14) Electricity Aq 1yr
614,Nightsaver,8,11,6,72,11.3,6.19,0,,,EoN(2014-01-14) Electricity Aq 1yr
614,Nightsaver,8,11,5,72,11.12,6.22,0,,,EoN(2014-01-14) Electricity Aq 1yr
614,Nightsaver,8,11,8,72,11.5,6.04,0,,,EoN(2014-01-14) Electricity Aq 1yr
549,Nightsaver,134,11,7,72,11.44,6.11,0,,,EoN(2014-01-14) Electricity Aq 1yr
549,Nightsaver,134,11,6,72,11.3,6.19,0,,,EoN(2014-01-14) Electricity Aq 1yr
549,Nightsaver,134,11,5,72,11.12,6.22,0,,,EoN(2014-01-14) Electricity Aq 1yr
549,Nightsaver,134,11,8,72,11.5,6.04,0,,,EoN(2014-01-14) Electricity Aq 1yr
147,Nightsaver,2,11,7,72,11.44,6.11,0,,,EoN(2014-01-14) Electricity Aq 1yr
147,Nightsaver,2,11,6,72,11.3,6.19,0,,,EoN(2014-01-14) Electricity Aq 1yr
147,Nightsaver,2,11,5,72,11.12,6.22,0,,,EoN(2014-01-14) Electricity Aq 1yr
147,Nightsaver,2,11,8,72,11.5,6.04,0,,,EoN(2014-01-14) Electricity Aq 1yr
549,Nightsaver,137,11,7,72,11.44,6.11,0,,,EoN(2014-01-14) Electricity Aq 1yr
549,Nightsaver,137,11,6,72,11.3,6.19,0,,,EoN(2014-01-14) Electricity Aq 1yr
549,Nightsaver,137,11,5,72,11.12,6.22,0,,,EoN(2014-01-14) Electricity Aq 1yr
549,Nightsaver,137,11,8,72,11.5,6.04,0,,,EoN(2014-01-14) Electricity Aq 1yr
543,Nightsaver,134,11,7,72,11.44,6.11,0,,,EoN(2014-01-14) Electricity Aq 1yr
543,Nightsaver,134,11,6,72,11.3,6.19,0,,,EoN(2014-01-14) Electricity Aq 1yr
543,Nightsaver,134,11,5,72,11.12,6.22,0,,,EoN(2014-01-14) Electricity Aq 1yr
543,Nightsaver,134,11,8,72,11.5,6.04,0,,,EoN(2014-01-14) Electricity Aq 1yr
543,Nightsaver,116,11,7,72,11.44,6.11,0,,,EoN(2014-01-14) Electricity Aq 1yr
543,Nightsaver,116,11,6,72,11.3,6.19,0,,,EoN(2014-01-14) Electricity Aq 1yr
543,Nightsaver,116,11,5,72,11.12,6.22,0,,,EoN(2014-01-14) Electricity Aq 1yr
543,Nightsaver,116,11,8,72,11.5,6.04,0,,,EoN(2014-01-14) Electricity Aq 1yr
649,Nightsaver,3,11,7,72,11.44,6.11,0,,,EoN(2014-01-14) Electricity Aq 1yr
649,Nightsaver,3,11,6,72,11.3,6.19,0,,,EoN(2014-01-14) Electricity Aq 1yr
649,Nightsaver,3,11,5,72,11.12,6.22,0,,,EoN(2014-01-14) Electricity Aq 1yr
649,Nightsaver,3,11,8,72,11.5,6.04,0,,,EoN(2014-01-14) Electricity Aq 1yr
649,Nightsaver,8,11,7,72,11.44,6.11,0,,,EoN(2014-01-14) Electricity Aq 1yr
649,Nightsaver,8,11,6,72,11.3,6.19,0,,,EoN(2014-01-14) Electricity Aq 1yr
649,Nightsaver,8,11,5,72,11.12,6.22,0,,,EoN(2014-01-14) Electricity Aq 1yr
649,Nightsaver,8,11,8,72,11.5,6.04,0,,,EoN(2014-01-14) Electricity Aq 1yr
147,Nightsaver,3,11,7,72,11.44,6.11,0,,,EoN(2014-01-14) Electricity Aq 1yr
147,Nightsaver,3,11,6,72,11.3,6.19,0,,,EoN(2014-01-14) Electricity Aq 1yr
147,Nightsaver,3,11,5,72,11.12,6.22,0,,,EoN(2014-01-14) Electricity Aq 1yr
147,Nightsaver,3,11,8,72,11.5,6.04,0,,,EoN(2014-01-14) Electricity Aq 1yr
147,Nightsaver,8,11,7,72,11.44,6.11,0,,,EoN(2014-01-14) Electricity Aq 1yr
147,Nightsaver,8,11,6,72,11.3,6.19,0,,,EoN(2014-01-14) Electricity Aq 1yr
147,Nightsaver,8,11,5,72,11.12,6.22,0,,,EoN(2014-01-14) Electricity Aq 1yr
147,Nightsaver,8,11,8,72,11.5,6.04,0,,,EoN(2014-01-14) Electricity Aq 1yr
543,Nightsaver,113,11,7,72,11.44,6.11,0,,,EoN(2014-01-14) Electricity Aq 1yr
543,Nightsaver,113,11,6,72,11.3,6.19,0,,,EoN(2014-01-14) Electricity Aq 1yr
543,Nightsaver,113,11,5,72,11.12,6.22,0,,,EoN(2014-01-14) Electricity Aq 1yr
543,Nightsaver,113,11,8,72,11.5,6.04,0,,,EoN(2014-01-14) Electricity Aq 1yr
614,Nightsaver,3,11,7,72,11.44,6.11,0,,,EoN(2014-01-14) Electricity Aq 1yr
614,Nightsaver,3,11,6,72,11.3,6.19,0,,,EoN(2014-01-14) Electricity Aq 1yr
614,Nightsaver,3,11,5,72,11.12,6.22,0,,,EoN(2014-01-14) Electricity Aq 1yr
614,Nightsaver,3,11,8,72,11.5,6.04,0,,,EoN(2014-01-14) Electricity Aq 1yr
549,Nightsaver,13,11,7,72,11.44,6.11,0,,,EoN(2014-01-14) Electricity Aq 1yr
549,Nightsaver,13,11,6,72,11.3,6.19,0,,,EoN(2014-01-14) Electricity Aq 1yr
549,Nightsaver,13,11,5,72,11.12,6.22,0,,,EoN(2014-01-14) Electricity Aq 1yr
549,Nightsaver,13,11,8,72,11.5,6.04,0,,,EoN(2014-01-14) Electricity Aq 1yr
654,Nightsaver,3,11,7,72,11.44,6.11,0,,,EoN(2014-01-14) Electricity Aq 1yr
654,Nightsaver,3,11,6,72,11.3,6.19,0,,,EoN(2014-01-14) Electricity Aq 1yr
654,Nightsaver,3,11,5,72,11.12,6.22,0,,,EoN(2014-01-14) Electricity Aq 1yr
654,Nightsaver,3,11,8,72,11.5,6.04,0,,,EoN(2014-01-14) Electricity Aq 1yr
549,Nightsaver,24,11,7,72,11.44,6.11,0,,,EoN(2014-01-14) Electricity Aq 1yr
549,Nightsaver,24,11,6,72,11.3,6.19,0,,,EoN(2014-01-14) Electricity Aq 1yr
549,Nightsaver,24,11,5,72,11.12,6.22,0,,,EoN(2014-01-14) Electricity Aq 1yr
549,Nightsaver,24,11,8,72,11.5,6.04,0,,,EoN(2014-01-14) Electricity Aq 1yr
549,Nightsaver,116,11,7,72,11.44,6.11,0,,,EoN(2014-01-14) Electricity Aq 1yr
549,Nightsaver,116,11,6,72,11.3,6.19,0,,,EoN(2014-01-14) Electricity Aq 1yr
549,Nightsaver,116,11,5,72,11.12,6.22,0,,,EoN(2014-01-14) Electricity Aq 1yr
549,Nightsaver,116,11,8,72,11.5,6.04,0,,,EoN(2014-01-14) Electricity Aq 1yr
549,Nightsaver,18,11,7,72,11.44,6.11,0,,,EoN(2014-01-14) Electricity Aq 1yr
549,Nightsaver,18,11,6,72,11.3,6.19,0,,,EoN(2014-01-14) Electricity Aq 1yr
549,Nightsaver,18,11,5,72,11.12,6.22,0,,,EoN(2014-01-14) Electricity Aq 1yr
549,Nightsaver,18,11,8,72,11.5,6.04,0,,,EoN(2014-01-14) Electricity Aq 1yr
549,Nightsaver,16,11,7,72,11.44,6.11,0,,,EoN(2014-01-14) Electricity Aq 1yr
549,Nightsaver,16,11,6,72,11.3,6.19,0,,,EoN(2014-01-14) Electricity Aq 1yr
549,Nightsaver,16,11,5,72,11.12,6.22,0,,,EoN(2014-01-14) Electricity Aq 1yr
549,Nightsaver,16,11,8,72,11.5,6.04,0,,,EoN(2014-01-14) Electricity Aq 1yr
654,Nightsaver,8,11,7,72,11.44,6.11,0,,,EoN(2014-01-14) Electricity Aq 1yr
654,Nightsaver,8,11,6,72,11.3,6.19,0,,,EoN(2014-01-14) Electricity Aq 1yr
654,Nightsaver,8,11,5,72,11.12,6.22,0,,,EoN(2014-01-14) Electricity Aq 1yr
654,Nightsaver,8,11,8,72,11.5,6.04,0,,,EoN(2014-01-14) Electricity Aq 1yr
549,Nightsaver,14,11,7,72,11.44,6.11,0,,,EoN(2014-01-14) Electricity Aq 1yr
549,Nightsaver,14,11,6,72,11.3,6.19,0,,,EoN(2014-01-14) Electricity Aq 1yr
549,Nightsaver,14,11,5,72,11.12,6.22,0,,,EoN(2014-01-14) Electricity Aq 1yr
549,Nightsaver,14,11,8,72,11.5,6.04,0,,,EoN(2014-01-14) Electricity Aq 1yr
549,Nightsaver,26,11,7,72,11.44,6.11,0,,,EoN(2014-01-14) Electricity Aq 1yr
549,Nightsaver,26,11,6,72,11.3,6.19,0,,,EoN(2014-01-14) Electricity Aq 1yr
549,Nightsaver,26,11,5,72,11.12,6.22,0,,,EoN(2014-01-14) Electricity Aq 1yr
549,Nightsaver,26,11,8,72,11.5,6.04,0,,,EoN(2014-01-14) Electricity Aq 1yr
107,Nightsaver,2,11,7,72,11.44,6.11,0,,,EoN(2014-01-14) Electricity Aq 1yr
107,Nightsaver,2,11,6,72,11.3,6.19,0,,,EoN(2014-01-14) Electricity Aq 1yr
107,Nightsaver,2,11,5,72,11.12,6.22,0,,,EoN(2014-01-14) Electricity Aq 1yr
107,Nightsaver,2,11,8,72,11.5,6.04,0,,,EoN(2014-01-14) Electricity Aq 1yr
549,Nightsaver,34,11,7,72,11.44,6.11,0,,,EoN(2014-01-14) Electricity Aq 1yr
549,Nightsaver,34,11,6,72,11.3,6.19,0,,,EoN(2014-01-14) Electricity Aq 1yr
549,Nightsaver,34,11,5,72,11.12,6.22,0,,,EoN(2014-01-14) Electricity Aq 1yr
549,Nightsaver,34,11,8,72,11.5,6.04,0,,,EoN(2014-01-14) Electricity Aq 1yr
549,Nightsaver,37,11,7,72,11.44,6.11,0,,,EoN(2014-01-14) Electricity Aq 1yr
549,Nightsaver,37,11,6,72,11.3,6.19,0,,,EoN(2014-01-14) Electricity Aq 1yr
549,Nightsaver,37,11,5,72,11.12,6.22,0,,,EoN(2014-01-14) Electricity Aq 1yr
549,Nightsaver,37,11,8,72,11.5,6.04,0,,,EoN(2014-01-14) Electricity Aq 1yr
549,Nightsaver,101,11,7,72,11.44,6.11,0,,,EoN(2014-01-14) Electricity Aq 1yr
549,Nightsaver,101,11,6,72,11.3,6.19,0,,,EoN(2014-01-14) Electricity Aq 1yr
549,Nightsaver,101,11,5,72,11.12,6.22,0,,,EoN(2014-01-14) Electricity Aq 1yr
549,Nightsaver,101,11,8,72,11.5,6.04,0,,,EoN(2014-01-14) Electricity Aq 1yr
549,Nightsaver,104,11,7,72,11.44,6.11,0,,,EoN(2014-01-14) Electricity Aq 1yr
549,Nightsaver,104,11,6,72,11.3,6.19,0,,,EoN(2014-01-14) Electricity Aq 1yr
549,Nightsaver,104,11,5,72,11.12,6.22,0,,,EoN(2014-01-14) Electricity Aq 1yr
549,Nightsaver,104,11,8,72,11.5,6.04,0,,,EoN(2014-01-14) Electricity Aq 1yr
549,Nightsaver,113,11,7,72,11.44,6.11,0,,,EoN(2014-01-14) Electricity Aq 1yr
549,Nightsaver,113,11,6,72,11.3,6.19,0,,,EoN(2014-01-14) Electricity Aq 1yr
549,Nightsaver,113,11,5,72,11.12,6.22,0,,,EoN(2014-01-14) Electricity Aq 1yr
549,Nightsaver,113,11,8,72,11.5,6.04,0,,,EoN(2014-01-14) Electricity Aq 1yr
549,Nightsaver,15,11,7,72,11.44,6.11,0,,,EoN(2014-01-14) Electricity Aq 1yr
549,Nightsaver,15,11,6,72,11.3,6.19,0,,,EoN(2014-01-14) Electricity Aq 1yr
549,Nightsaver,15,11,5,72,11.12,6.22,0,,,EoN(2014-01-14) Electricity Aq 1yr
549,Nightsaver,15,11,8,72,11.5,6.04,0,,,EoN(2014-01-14) Electricity Aq 1yr
814,Nightsaver,18,11,7,72,11.44,6.11,0,,,EoN(2014-01-14) Electricity Aq 1yr
814,Nightsaver,18,11,6,72,11.3,6.19,0,,,EoN(2014-01-14) Electricity Aq 1yr
814,Nightsaver,18,11,5,72,11.12,6.22,0,,,EoN(2014-01-14) Electricity Aq 1yr
814,Nightsaver,18,11,8,72,11.5,6.04,0,,,EoN(2014-01-14) Electricity Aq 1yr
814,Nightsaver,3,11,7,72,11.44,6.11,0,,,EoN(2014-01-14) Electricity Aq 1yr
814,Nightsaver,3,11,6,72,11.3,6.19,0,,,EoN(2014-01-14) Electricity Aq 1yr
814,Nightsaver,3,11,5,72,11.12,6.22,0,,,EoN(2014-01-14) Electricity Aq 1yr
814,Nightsaver,3,11,8,72,11.5,6.04,0,,,EoN(2014-01-14) Electricity Aq 1yr
814,Nightsaver,4,11,7,72,11.44,6.11,0,,,EoN(2014-01-14) Electricity Aq 1yr
814,Nightsaver,4,11,6,72,11.3,6.19,0,,,EoN(2014-01-14) Electricity Aq 1yr
814,Nightsaver,4,11,5,72,11.12,6.22,0,,,EoN(2014-01-14) Electricity Aq 1yr
814,Nightsaver,4,11,8,72,11.5,6.04,0,,,EoN(2014-01-14) Electricity Aq 1yr
814,Nightsaver,12,11,7,72,11.44,6.11,0,,,EoN(2014-01-14) Electricity Aq 1yr
814,Nightsaver,12,11,6,72,11.3,6.19,0,,,EoN(2014-01-14) Electricity Aq 1yr
814,Nightsaver,12,11,5,72,11.12,6.22,0,,,EoN(2014-01-14) Electricity Aq 1yr
814,Nightsaver,12,11,8,72,11.5,6.04,0,,,EoN(2014-01-14) Electricity Aq 1yr
814,Nightsaver,13,11,7,72,11.44,6.11,0,,,EoN(2014-01-14) Electricity Aq 1yr
814,Nightsaver,13,11,6,72,11.3,6.19,0,,,EoN(2014-01-14) Electricity Aq 1yr
814,Nightsaver,13,11,5,72,11.12,6.22,0,,,EoN(2014-01-14) Electricity Aq 1yr
814,Nightsaver,13,11,8,72,11.5,6.04,0,,,EoN(2014-01-14) Electricity Aq 1yr
815,Nightsaver,26,11,7,72,11.44,6.11,0,,,EoN(2014-01-14) Electricity Aq 1yr
815,Nightsaver,26,11,6,72,11.3,6.19,0,,,EoN(2014-01-14) Electricity Aq 1yr
815,Nightsaver,26,11,5,72,11.12,6.22,0,,,EoN(2014-01-14) Electricity Aq 1yr
815,Nightsaver,26,11,8,72,11.5,6.04,0,,,EoN(2014-01-14) Electricity Aq 1yr
814,Nightsaver,14,11,7,72,11.44,6.11,0,,,EoN(2014-01-14) Electricity Aq 1yr
814,Nightsaver,14,11,6,72,11.3,6.19,0,,,EoN(2014-01-14) Electricity Aq 1yr
814,Nightsaver,14,11,5,72,11.12,6.22,0,,,EoN(2014-01-14) Electricity Aq 1yr
814,Nightsaver,14,11,8,72,11.5,6.04,0,,,EoN(2014-01-14) Electricity Aq 1yr
814,Nightsaver,15,11,7,72,11.44,6.11,0,,,EoN(2014-01-14) Electricity Aq 1yr
814,Nightsaver,15,11,6,72,11.3,6.19,0,,,EoN(2014-01-14) Electricity Aq 1yr
814,Nightsaver,15,11,5,72,11.12,6.22,0,,,EoN(2014-01-14) Electricity Aq 1yr
814,Nightsaver,15,11,8,72,11.5,6.04,0,,,EoN(2014-01-14) Electricity Aq 1yr
814,Nightsaver,1,11,7,72,11.44,6.11,0,,,EoN(2014-01-14) Electricity Aq 1yr
814,Nightsaver,1,11,6,72,11.3,6.19,0,,,EoN(2014-01-14) Electricity Aq 1yr
814,Nightsaver,1,11,5,72,11.12,6.22,0,,,EoN(2014-01-14) Electricity Aq 1yr
814,Nightsaver,1,11,8,72,11.5,6.04,0,,,EoN(2014-01-14) Electricity Aq 1yr
814,Nightsaver,17,11,7,72,11.44,6.11,0,,,EoN(2014-01-14) Electricity Aq 1yr
814,Nightsaver,17,11,6,72,11.3,6.19,0,,,EoN(2014-01-14) Electricity Aq 1yr
814,Nightsaver,17,11,5,72,11.12,6.22,0,,,EoN(2014-01-14) Electricity Aq 1yr
814,Nightsaver,17,11,8,72,11.5,6.04,0,,,EoN(2014-01-14) Electricity Aq 1yr
814,Nightsaver,20,11,7,72,11.44,6.11,0,,,EoN(2014-01-14) Electricity Aq 1yr
814,Nightsaver,20,11,6,72,11.3,6.19,0,,,EoN(2014-01-14) Electricity Aq 1yr
814,Nightsaver,20,11,5,72,11.12,6.22,0,,,EoN(2014-01-14) Electricity Aq 1yr
814,Nightsaver,20,11,8,72,11.5,6.04,0,,,EoN(2014-01-14) Electricity Aq 1yr
814,Nightsaver,24,11,7,72,11.44,6.11,0,,,EoN(2014-01-14) Electricity Aq 1yr
814,Nightsaver,24,11,6,72,11.3,6.19,0,,,EoN(2014-01-14) Electricity Aq 1yr
814,Nightsaver,24,11,5,72,11.12,6.22,0,,,EoN(2014-01-14) Electricity Aq 1yr
814,Nightsaver,24,11,8,72,11.5,6.04,0,,,EoN(2014-01-14) Electricity Aq 1yr
814,Nightsaver,26,11,7,72,11.44,6.11,0,,,EoN(2014-01-14) Electricity Aq 1yr
814,Nightsaver,26,11,6,72,11.3,6.19,0,,,EoN(2014-01-14) Electricity Aq 1yr
814,Nightsaver,26,11,5,72,11.12,6.22,0,,,EoN(2014-01-14) Electricity Aq 1yr
814,Nightsaver,26,11,8,72,11.5,6.04,0,,,EoN(2014-01-14) Electricity Aq 1yr
814,Nightsaver,34,11,7,72,11.44,6.11,0,,,EoN(2014-01-14) Electricity Aq 1yr
814,Nightsaver,34,11,6,72,11.3,6.19,0,,,EoN(2014-01-14) Electricity Aq 1yr
814,Nightsaver,34,11,5,72,11.12,6.22,0,,,EoN(2014-01-14) Electricity Aq 1yr
814,Nightsaver,34,11,8,72,11.5,6.04,0,,,EoN(2014-01-14) Electricity Aq 1yr
814,Nightsaver,37,11,7,72,11.44,6.11,0,,,EoN(2014-01-14) Electricity Aq 1yr
814,Nightsaver,37,11,6,72,11.3,6.19,0,,,EoN(2014-01-14) Electricity Aq 1yr
814,Nightsaver,37,11,5,72,11.12,6.22,0,,,EoN(2014-01-14) Electricity Aq 1yr
814,Nightsaver,37,11,8,72,11.5,6.04,0,,,EoN(2014-01-14) Electricity Aq 1yr
814,Nightsaver,101,11,7,72,11.44,6.11,0,,,EoN(2014-01-14) Electricity Aq 1yr
814,Nightsaver,101,11,6,72,11.3,6.19,0,,,EoN(2014-01-14) Electricity Aq 1yr
814,Nightsaver,101,11,5,72,11.12,6.22,0,,,EoN(2014-01-14) Electricity Aq 1yr
814,Nightsaver,101,11,8,72,11.5,6.04,0,,,EoN(2014-01-14) Electricity Aq 1yr
814,Nightsaver,104,11,7,72,11.44,6.11,0,,,EoN(2014-01-14) Electricity Aq 1yr
814,Nightsaver,104,11,6,72,11.3,6.19,0,,,EoN(2014-01-14) Electricity Aq 1yr
814,Nightsaver,104,11,5,72,11.12,6.22,0,,,EoN(2014-01-14) Electricity Aq 1yr
814,Nightsaver,104,11,8,72,11.5,6.04,0,,,EoN(2014-01-14) Electricity Aq 1yr
814,Nightsaver,113,11,7,72,11.44,6.11,0,,,EoN(2014-01-14) Electricity Aq 1yr
814,Nightsaver,113,11,6,72,11.3,6.19,0,,,EoN(2014-01-14) Electricity Aq 1yr
814,Nightsaver,113,11,5,72,11.12,6.22,0,,,EoN(2014-01-14) Electricity Aq 1yr
814,Nightsaver,113,11,8,72,11.5,6.04,0,,,EoN(2014-01-14) Electricity Aq 1yr
814,Nightsaver,116,11,7,72,11.44,6.11,0,,,EoN(2014-01-14) Electricity Aq 1yr
814,Nightsaver,116,11,6,72,11.3,6.19,0,,,EoN(2014-01-14) Electricity Aq 1yr
814,Nightsaver,116,11,5,72,11.12,6.22,0,,,EoN(2014-01-14) Electricity Aq 1yr
814,Nightsaver,116,11,8,72,11.5,6.04,0,,,EoN(2014-01-14) Electricity Aq 1yr
814,Nightsaver,134,11,7,72,11.44,6.11,0,,,EoN(2014-01-14) Electricity Aq 1yr
814,Nightsaver,134,11,6,72,11.3,6.19,0,,,EoN(2014-01-14) Electricity Aq 1yr
814,Nightsaver,134,11,5,72,11.12,6.22,0,,,EoN(2014-01-14) Electricity Aq 1yr
814,Nightsaver,134,11,8,72,11.5,6.04,0,,,EoN(2014-01-14) Electricity Aq 1yr
814,Nightsaver,137,11,7,72,11.44,6.11,0,,,EoN(2014-01-14) Electricity Aq 1yr
814,Nightsaver,137,11,6,72,11.3,6.19,0,,,EoN(2014-01-14) Electricity Aq 1yr
814,Nightsaver,137,11,5,72,11.12,6.22,0,,,EoN(2014-01-14) Electricity Aq 1yr
814,Nightsaver,137,11,8,72,11.5,6.04,0,,,EoN(2014-01-14) Electricity Aq 1yr
814,Nightsaver,16,11,7,72,11.44,6.11,0,,,EoN(2014-01-14) Electricity Aq 1yr
814,Nightsaver,16,11,6,72,11.3,6.19,0,,,EoN(2014-01-14) Electricity Aq 1yr
814,Nightsaver,16,11,5,72,11.12,6.22,0,,,EoN(2014-01-14) Electricity Aq 1yr
814,Nightsaver,16,11,8,72,11.5,6.04,0,,,EoN(2014-01-14) Electricity Aq 1yr
815,Nightsaver,4,11,7,72,11.44,6.11,0,,,EoN(2014-01-14) Electricity Aq 1yr
815,Nightsaver,4,11,6,72,11.3,6.19,0,,,EoN(2014-01-14) Electricity Aq 1yr
815,Nightsaver,4,11,5,72,11.12,6.22,0,,,EoN(2014-01-14) Electricity Aq 1yr
815,Nightsaver,4,11,8,72,11.5,6.04,0,,,EoN(2014-01-14) Electricity Aq 1yr
815,Nightsaver,104,11,7,72,11.44,6.11,0,,,EoN(2014-01-14) Electricity Aq 1yr
815,Nightsaver,104,11,6,72,11.3,6.19,0,,,EoN(2014-01-14) Electricity Aq 1yr
815,Nightsaver,104,11,5,72,11.12,6.22,0,,,EoN(2014-01-14) Electricity Aq 1yr
815,Nightsaver,104,11,8,72,11.5,6.04,0,,,EoN(2014-01-14) Electricity Aq 1yr
815,Nightsaver,101,11,7,72,11.44,6.11,0,,,EoN(2014-01-14) Electricity Aq 1yr
815,Nightsaver,101,11,6,72,11.3,6.19,0,,,EoN(2014-01-14) Electricity Aq 1yr
815,Nightsaver,101,11,5,72,11.12,6.22,0,,,EoN(2014-01-14) Electricity Aq 1yr
815,Nightsaver,101,11,8,72,11.5,6.04,0,,,EoN(2014-01-14) Electricity Aq 1yr
815,Nightsaver,18,11,7,72,11.44,6.11,0,,,EoN(2014-01-14) Electricity Aq 1yr
815,Nightsaver,18,11,6,72,11.3,6.19,0,,,EoN(2014-01-14) Electricity Aq 1yr
815,Nightsaver,18,11,5,72,11.12,6.22,0,,,EoN(2014-01-14) Electricity Aq 1yr
815,Nightsaver,18,11,8,72,11.5,6.04,0,,,EoN(2014-01-14) Electricity Aq 1yr
815,Nightsaver,16,11,7,72,11.44,6.11,0,,,EoN(2014-01-14) Electricity Aq 1yr
815,Nightsaver,16,11,6,72,11.3,6.19,0,,,EoN(2014-01-14) Electricity Aq 1yr
815,Nightsaver,16,11,5,72,11.12,6.22,0,,,EoN(2014-01-14) Electricity Aq 1yr
815,Nightsaver,16,11,8,72,11.5,6.04,0,,,EoN(2014-01-14) Electricity Aq 1yr
815,Nightsaver,14,11,7,72,11.44,6.11,0,,,EoN(2014-01-14) Electricity Aq 1yr
815,Nightsaver,14,11,6,72,11.3,6.19,0,,,EoN(2014-01-14) Electricity Aq 1yr
815,Nightsaver,14,11,5,72,11.12,6.22,0,,,EoN(2014-01-14) Electricity Aq 1yr
815,Nightsaver,14,11,8,72,11.5,6.04,0,,,EoN(2014-01-14) Electricity Aq 1yr
815,Nightsaver,113,11,7,72,11.44,6.11,0,,,EoN(2014-01-14) Electricity Aq 1yr
815,Nightsaver,113,11,6,72,11.3,6.19,0,,,EoN(2014-01-14) Electricity Aq 1yr
815,Nightsaver,113,11,5,72,11.12,6.22,0,,,EoN(2014-01-14) Electricity Aq 1yr
815,Nightsaver,113,11,8,72,11.5,6.04,0,,,EoN(2014-01-14) Electricity Aq 1yr
815,Nightsaver,12,11,7,72,11.44,6.11,0,,,EoN(2014-01-14) Electricity Aq 1yr
815,Nightsaver,12,11,6,72,11.3,6.19,0,,,EoN(2014-01-14) Electricity Aq 1yr
815,Nightsaver,12,11,5,72,11.12,6.22,0,,,EoN(2014-01-14) Electricity Aq 1yr
815,Nightsaver,12,11,8,72,11.5,6.04,0,,,EoN(2014-01-14) Electricity Aq 1yr
815,Nightsaver,17,11,7,72,11.44,6.11,0,,,EoN(2014-01-14) Electricity Aq 1yr
815,Nightsaver,17,11,6,72,11.3,6.19,0,,,EoN(2014-01-14) Electricity Aq 1yr
815,Nightsaver,17,11,5,72,11.12,6.22,0,,,EoN(2014-01-14) Electricity Aq 1yr
815,Nightsaver,17,11,8,72,11.5,6.04,0,,,EoN(2014-01-14) Electricity Aq 1yr
815,Nightsaver,3,11,7,72,11.44,6.11,0,,,EoN(2014-01-14) Electricity Aq 1yr
815,Nightsaver,3,11,6,72,11.3,6.19,0,,,EoN(2014-01-14) Electricity Aq 1yr
815,Nightsaver,3,11,5,72,11.12,6.22,0,,,EoN(2014-01-14) Electricity Aq 1yr
815,Nightsaver,3,11,8,72,11.5,6.04,0,,,EoN(2014-01-14) Electricity Aq 1yr
815,Nightsaver,1,11,7,72,11.44,6.11,0,,,EoN(2014-01-14) Electricity Aq 1yr
815,Nightsaver,1,11,6,72,11.3,6.19,0,,,EoN(2014-01-14) Electricity Aq 1yr
815,Nightsaver,1,11,5,72,11.12,6.22,0,,,EoN(2014-01-14) Electricity Aq 1yr
815,Nightsaver,1,11,8,72,11.5,6.04,0,,,EoN(2014-01-14) Electricity Aq 1yr
815,Nightsaver,34,11,7,72,11.44,6.11,0,,,EoN(2014-01-14) Electricity Aq 1yr
815,Nightsaver,34,11,6,72,11.3,6.19,0,,,EoN(2014-01-14) Electricity Aq 1yr
815,Nightsaver,34,11,5,72,11.12,6.22,0,,,EoN(2014-01-14) Electricity Aq 1yr
815,Nightsaver,34,11,8,72,11.5,6.04,0,,,EoN(2014-01-14) Electricity Aq 1yr
815,Nightsaver,37,11,7,72,11.44,6.11,0,,,EoN(2014-01-14) Electricity Aq 1yr
815,Nightsaver,37,11,6,72,11.3,6.19,0,,,EoN(2014-01-14) Electricity Aq 1yr
815,Nightsaver,37,11,5,72,11.12,6.22,0,,,EoN(2014-01-14) Electricity Aq 1yr
815,Nightsaver,37,11,8,72,11.5,6.04,0,,,EoN(2014-01-14) Electricity Aq 1yr
815,Nightsaver,13,11,7,72,11.44,6.11,0,,,EoN(2014-01-14) Electricity Aq 1yr
815,Nightsaver,13,11,6,72,11.3,6.19,0,,,EoN(2014-01-14) Electricity Aq 1yr
815,Nightsaver,13,11,5,72,11.12,6.22,0,,,EoN(2014-01-14) Electricity Aq 1yr
815,Nightsaver,13,11,8,72,11.5,6.04,0,,,EoN(2014-01-14) Electricity Aq 1yr
815,Nightsaver,116,11,7,72,11.44,6.11,0,,,EoN(2014-01-14) Electricity Aq 1yr
815,Nightsaver,116,11,6,72,11.3,6.19,0,,,EoN(2014-01-14) Electricity Aq 1yr
815,Nightsaver,116,11,5,72,11.12,6.22,0,,,EoN(2014-01-14) Electricity Aq 1yr
815,Nightsaver,116,11,8,72,11.5,6.04,0,,,EoN(2014-01-14) Electricity Aq 1yr
815,Nightsaver,137,11,7,72,11.44,6.11,0,,,EoN(2014-01-14) Electricity Aq 1yr
815,Nightsaver,137,11,6,72,11.3,6.19,0,,,EoN(2014-01-14) Electricity Aq 1yr
815,Nightsaver,137,11,5,72,11.12,6.22,0,,,EoN(2014-01-14) Electricity Aq 1yr
815,Nightsaver,137,11,8,72,11.5,6.04,0,,,EoN(2014-01-14) Electricity Aq 1yr
815,Nightsaver,24,11,7,72,11.44,6.11,0,,,EoN(2014-01-14) Electricity Aq 1yr
815,Nightsaver,24,11,6,72,11.3,6.19,0,,,EoN(2014-01-14) Electricity Aq 1yr
815,Nightsaver,24,11,5,72,11.12,6.22,0,,,EoN(2014-01-14) Electricity Aq 1yr
815,Nightsaver,24,11,8,72,11.5,6.04,0,,,EoN(2014-01-14) Electricity Aq 1yr
815,Nightsaver,15,11,7,72,11.44,6.11,0,,,EoN(2014-01-14) Electricity Aq 1yr
815,Nightsaver,15,11,6,72,11.3,6.19,0,,,EoN(2014-01-14) Electricity Aq 1yr
815,Nightsaver,15,11,5,72,11.12,6.22,0,,,EoN(2014-01-14) Electricity Aq 1yr
815,Nightsaver,15,11,8,72,11.5,6.04,0,,,EoN(2014-01-14) Electricity Aq 1yr
815,Nightsaver,20,11,7,72,11.44,6.11,0,,,EoN(2014-01-14) Electricity Aq 1yr
815,Nightsaver,20,11,6,72,11.3,6.19,0,,,EoN(2014-01-14) Electricity Aq 1yr
815,Nightsaver,20,11,5,72,11.12,6.22,0,,,EoN(2014-01-14) Electricity Aq 1yr
815,Nightsaver,20,11,8,72,11.5,6.04,0,,,EoN(2014-01-14) Electricity Aq 1yr
815,Nightsaver,134,11,7,72,11.44,6.11,0,,,EoN(2014-01-14) Electricity Aq 1yr
815,Nightsaver,134,11,6,72,11.3,6.19,0,,,EoN(2014-01-14) Electricity Aq 1yr
815,Nightsaver,134,11,5,72,11.12,6.22,0,,,EoN(2014-01-14) Electricity Aq 1yr
815,Nightsaver,134,11,8,72,11.5,6.04,0,,,EoN(2014-01-14) Electricity Aq 1yr
548,Nightsaver,15,11,7,72,11.44,6.11,0,,,EoN(2014-01-14) Electricity Aq 1yr
548,Nightsaver,15,11,6,72,11.3,6.19,0,,,EoN(2014-01-14) Electricity Aq 1yr
548,Nightsaver,15,11,5,72,11.12,6.22,0,,,EoN(2014-01-14) Electricity Aq 1yr
548,Nightsaver,15,11,8,72,11.5,6.04,0,,,EoN(2014-01-14) Electricity Aq 1yr
608,Nightsaver,2,11,7,72,11.44,6.11,0,,,EoN(2014-01-14) Electricity Aq 1yr
608,Nightsaver,2,11,6,72,11.3,6.19,0,,,EoN(2014-01-14) Electricity Aq 1yr
608,Nightsaver,2,11,5,72,11.12,6.22,0,,,EoN(2014-01-14) Electricity Aq 1yr
608,Nightsaver,2,11,8,72,11.5,6.04,0,,,EoN(2014-01-14) Electricity Aq 1yr
548,Nightsaver,14,11,7,72,11.44,6.11,0,,,EoN(2014-01-14) Electricity Aq 1yr
548,Nightsaver,14,11,6,72,11.3,6.19,0,,,EoN(2014-01-14) Electricity Aq 1yr
548,Nightsaver,14,11,5,72,11.12,6.22,0,,,EoN(2014-01-14) Electricity Aq 1yr
548,Nightsaver,14,11,8,72,11.5,6.04,0,,,EoN(2014-01-14) Electricity Aq 1yr
648,Nightsaver,7,11,7,72,11.44,6.11,0,,,EoN(2014-01-14) Electricity Aq 1yr
648,Nightsaver,7,11,6,72,11.3,6.19,0,,,EoN(2014-01-14) Electricity Aq 1yr
648,Nightsaver,7,11,5,72,11.12,6.22,0,,,EoN(2014-01-14) Electricity Aq 1yr
648,Nightsaver,7,11,8,72,11.5,6.04,0,,,EoN(2014-01-14) Electricity Aq 1yr
548,Nightsaver,1,11,7,72,11.44,6.11,0,,,EoN(2014-01-14) Electricity Aq 1yr
548,Nightsaver,1,11,6,72,11.3,6.19,0,,,EoN(2014-01-14) Electricity Aq 1yr
548,Nightsaver,1,11,5,72,11.12,6.22,0,,,EoN(2014-01-14) Electricity Aq 1yr
548,Nightsaver,1,11,8,72,11.5,6.04,0,,,EoN(2014-01-14) Electricity Aq 1yr
608,Nightsaver,7,11,7,72,11.44,6.11,0,,,EoN(2014-01-14) Electricity Aq 1yr
608,Nightsaver,7,11,6,72,11.3,6.19,0,,,EoN(2014-01-14) Electricity Aq 1yr
608,Nightsaver,7,11,5,72,11.12,6.22,0,,,EoN(2014-01-14) Electricity Aq 1yr
608,Nightsaver,7,11,8,72,11.5,6.04,0,,,EoN(2014-01-14) Electricity Aq 1yr
653,Nightsaver,3,11,7,72,11.44,6.11,0,,,EoN(2014-01-14) Electricity Aq 1yr
653,Nightsaver,3,11,6,72,11.3,6.19,0,,,EoN(2014-01-14) Electricity Aq 1yr
653,Nightsaver,3,11,5,72,11.12,6.22,0,,,EoN(2014-01-14) Electricity Aq 1yr
653,Nightsaver,3,11,8,72,11.5,6.04,0,,,EoN(2014-01-14) Electricity Aq 1yr
653,Nightsaver,2,11,7,72,11.44,6.11,0,,,EoN(2014-01-14) Electricity Aq 1yr
653,Nightsaver,2,11,6,72,11.3,6.19,0,,,EoN(2014-01-14) Electricity Aq 1yr
653,Nightsaver,2,11,5,72,11.12,6.22,0,,,EoN(2014-01-14) Electricity Aq 1yr
653,Nightsaver,2,11,8,72,11.5,6.04,0,,,EoN(2014-01-14) Electricity Aq 1yr
548,Nightsaver,3,11,7,72,11.44,6.11,0,,,EoN(2014-01-14) Electricity Aq 1yr
548,Nightsaver,3,11,6,72,11.3,6.19,0,,,EoN(2014-01-14) Electricity Aq 1yr
548,Nightsaver,3,11,5,72,11.12,6.22,0,,,EoN(2014-01-14) Electricity Aq 1yr
548,Nightsaver,3,11,8,72,11.5,6.04,0,,,EoN(2014-01-14) Electricity Aq 1yr
548,Nightsaver,12,11,7,72,11.44,6.11,0,,,EoN(2014-01-14) Electricity Aq 1yr
548,Nightsaver,12,11,6,72,11.3,6.19,0,,,EoN(2014-01-14) Electricity Aq 1yr
548,Nightsaver,12,11,5,72,11.12,6.22,0,,,EoN(2014-01-14) Electricity Aq 1yr
548,Nightsaver,12,11,8,72,11.5,6.04,0,,,EoN(2014-01-14) Electricity Aq 1yr
548,Nightsaver,13,11,7,72,11.44,6.11,0,,,EoN(2014-01-14) Electricity Aq 1yr
548,Nightsaver,13,11,6,72,11.3,6.19,0,,,EoN(2014-01-14) Electricity Aq 1yr
548,Nightsaver,13,11,5,72,11.12,6.22,0,,,EoN(2014-01-14) Electricity Aq 1yr
548,Nightsaver,13,11,8,72,11.5,6.04,0,,,EoN(2014-01-14) Electricity Aq 1yr
608,Nightsaver,3,11,7,72,11.44,6.11,0,,,EoN(2014-01-14) Electricity Aq 1yr
608,Nightsaver,3,11,6,72,11.3,6.19,0,,,EoN(2014-01-14) Electricity Aq 1yr
608,Nightsaver,3,11,5,72,11.12,6.22,0,,,EoN(2014-01-14) Electricity Aq 1yr
608,Nightsaver,3,11,8,72,11.5,6.04,0,,,EoN(2014-01-14) Electricity Aq 1yr
542,Nightsaver,134,11,7,72,11.44,6.11,0,,,EoN(2014-01-14) Electricity Aq 1yr
542,Nightsaver,134,11,6,72,11.3,6.19,0,,,EoN(2014-01-14) Electricity Aq 1yr
542,Nightsaver,134,11,5,72,11.12,6.22,0,,,EoN(2014-01-14) Electricity Aq 1yr
542,Nightsaver,134,11,8,72,11.5,6.04,0,,,EoN(2014-01-14) Electricity Aq 1yr
110,Nightsaver,7,11,7,72,11.44,6.11,0,,,EoN(2014-01-14) Electricity Aq 1yr
110,Nightsaver,7,11,6,72,11.3,6.19,0,,,EoN(2014-01-14) Electricity Aq 1yr
110,Nightsaver,7,11,5,72,11.12,6.22,0,,,EoN(2014-01-14) Electricity Aq 1yr
110,Nightsaver,7,11,8,72,11.5,6.04,0,,,EoN(2014-01-14) Electricity Aq 1yr
653,Nightsaver,7,11,7,72,11.44,6.11,0,,,EoN(2014-01-14) Electricity Aq 1yr
653,Nightsaver,7,11,6,72,11.3,6.19,0,,,EoN(2014-01-14) Electricity Aq 1yr
653,Nightsaver,7,11,5,72,11.12,6.22,0,,,EoN(2014-01-14) Electricity Aq 1yr
653,Nightsaver,7,11,8,72,11.5,6.04,0,,,EoN(2014-01-14) Electricity Aq 1yr
542,Nightsaver,34,11,7,72,11.44,6.11,0,,,EoN(2014-01-14) Electricity Aq 1yr
542,Nightsaver,34,11,6,72,11.3,6.19,0,,,EoN(2014-01-14) Electricity Aq 1yr
542,Nightsaver,34,11,5,72,11.12,6.22,0,,,EoN(2014-01-14) Electricity Aq 1yr
542,Nightsaver,34,11,8,72,11.5,6.04,0,,,EoN(2014-01-14) Electricity Aq 1yr
542,Nightsaver,37,11,7,72,11.44,6.11,0,,,EoN(2014-01-14) Electricity Aq 1yr
542,Nightsaver,37,11,6,72,11.3,6.19,0,,,EoN(2014-01-14) Electricity Aq 1yr
542,Nightsaver,37,11,5,72,11.12,6.22,0,,,EoN(2014-01-14) Electricity Aq 1yr
542,Nightsaver,37,11,8,72,11.5,6.04,0,,,EoN(2014-01-14) Electricity Aq 1yr
542,Nightsaver,40,11,7,72,11.44,6.11,0,,,EoN(2014-01-14) Electricity Aq 1yr
542,Nightsaver,40,11,6,72,11.3,6.19,0,,,EoN(2014-01-14) Electricity Aq 1yr
542,Nightsaver,40,11,5,72,11.12,6.22,0,,,EoN(2014-01-14) Electricity Aq 1yr
542,Nightsaver,40,11,8,72,11.5,6.04,0,,,EoN(2014-01-14) Electricity Aq 1yr
542,Nightsaver,101,11,7,72,11.44,6.11,0,,,EoN(2014-01-14) Electricity Aq 1yr
542,Nightsaver,101,11,6,72,11.3,6.19,0,,,EoN(2014-01-14) Electricity Aq 1yr
542,Nightsaver,101,11,5,72,11.12,6.22,0,,,EoN(2014-01-14) Electricity Aq 1yr
542,Nightsaver,101,11,8,72,11.5,6.04,0,,,EoN(2014-01-14) Electricity Aq 1yr
542,Nightsaver,103,11,7,72,11.44,6.11,0,,,EoN(2014-01-14) Electricity Aq 1yr
542,Nightsaver,103,11,6,72,11.3,6.19,0,,,EoN(2014-01-14) Electricity Aq 1yr
542,Nightsaver,103,11,5,72,11.12,6.22,0,,,EoN(2014-01-14) Electricity Aq 1yr
542,Nightsaver,103,11,8,72,11.5,6.04,0,,,EoN(2014-01-14) Electricity Aq 1yr
110,Nightsaver,3,11,7,72,11.44,6.11,0,,,EoN(2014-01-14) Electricity Aq 1yr
110,Nightsaver,3,11,6,72,11.3,6.19,0,,,EoN(2014-01-14) Electricity Aq 1yr
110,Nightsaver,3,11,5,72,11.12,6.22,0,,,EoN(2014-01-14) Electricity Aq 1yr
110,Nightsaver,3,11,8,72,11.5,6.04,0,,,EoN(2014-01-14) Electricity Aq 1yr
542,Nightsaver,119,11,7,72,11.44,6.11,0,,,EoN(2014-01-14) Electricity Aq 1yr
542,Nightsaver,119,11,6,72,11.3,6.19,0,,,EoN(2014-01-14) Electricity Aq 1yr
542,Nightsaver,119,11,5,72,11.12,6.22,0,,,EoN(2014-01-14) Electricity Aq 1yr
542,Nightsaver,119,11,8,72,11.5,6.04,0,,,EoN(2014-01-14) Electricity Aq 1yr
110,Nightsaver,1,11,7,72,11.44,6.11,0,,,EoN(2014-01-14) Electricity Aq 1yr
110,Nightsaver,1,11,6,72,11.3,6.19,0,,,EoN(2014-01-14) Electricity Aq 1yr
110,Nightsaver,1,11,5,72,11.12,6.22,0,,,EoN(2014-01-14) Electricity Aq 1yr
110,Nightsaver,1,11,8,72,11.5,6.04,0,,,EoN(2014-01-14) Electricity Aq 1yr
542,Nightsaver,140,11,7,72,11.44,6.11,0,,,EoN(2014-01-14) Electricity Aq 1yr
542,Nightsaver,140,11,6,72,11.3,6.19,0,,,EoN(2014-01-14) Electricity Aq 1yr
542,Nightsaver,140,11,5,72,11.12,6.22,0,,,EoN(2014-01-14) Electricity Aq 1yr
542,Nightsaver,140,11,8,72,11.5,6.04,0,,,EoN(2014-01-14) Electricity Aq 1yr
146,Nightsaver,1,11,7,72,11.44,6.11,0,,,EoN(2014-01-14) Electricity Aq 1yr
146,Nightsaver,1,11,6,72,11.3,6.19,0,,,EoN(2014-01-14) Electricity Aq 1yr
146,Nightsaver,1,11,5,72,11.12,6.22,0,,,EoN(2014-01-14) Electricity Aq 1yr
146,Nightsaver,1,11,8,72,11.5,6.04,0,,,EoN(2014-01-14) Electricity Aq 1yr
106,Nightsaver,2,11,7,72,11.44,6.11,0,,,EoN(2014-01-14) Electricity Aq 1yr
106,Nightsaver,2,11,6,72,11.3,6.19,0,,,EoN(2014-01-14) Electricity Aq 1yr
106,Nightsaver,2,11,5,72,11.12,6.22,0,,,EoN(2014-01-14) Electricity Aq 1yr
106,Nightsaver,2,11,8,72,11.5,6.04,0,,,EoN(2014-01-14) Electricity Aq 1yr
106,Nightsaver,3,11,7,72,11.44,6.11,0,,,EoN(2014-01-14) Electricity Aq 1yr
106,Nightsaver,3,11,6,72,11.3,6.19,0,,,EoN(2014-01-14) Electricity Aq 1yr
106,Nightsaver,3,11,5,72,11.12,6.22,0,,,EoN(2014-01-14) Electricity Aq 1yr
106,Nightsaver,3,11,8,72,11.5,6.04,0,,,EoN(2014-01-14) Electricity Aq 1yr
106,Nightsaver,7,11,7,72,11.44,6.11,0,,,EoN(2014-01-14) Electricity Aq 1yr
106,Nightsaver,7,11,6,72,11.3,6.19,0,,,EoN(2014-01-14) Electricity Aq 1yr
106,Nightsaver,7,11,5,72,11.12,6.22,0,,,EoN(2014-01-14) Electricity Aq 1yr
106,Nightsaver,7,11,8,72,11.5,6.04,0,,,EoN(2014-01-14) Electricity Aq 1yr
146,Nightsaver,2,11,7,72,11.44,6.11,0,,,EoN(2014-01-14) Electricity Aq 1yr
146,Nightsaver,2,11,6,72,11.3,6.19,0,,,EoN(2014-01-14) Electricity Aq 1yr
146,Nightsaver,2,11,5,72,11.12,6.22,0,,,EoN(2014-01-14) Electricity Aq 1yr
146,Nightsaver,2,11,8,72,11.5,6.04,0,,,EoN(2014-01-14) Electricity Aq 1yr
146,Nightsaver,3,11,7,72,11.44,6.11,0,,,EoN(2014-01-14) Electricity Aq 1yr
146,Nightsaver,3,11,6,72,11.3,6.19,0,,,EoN(2014-01-14) Electricity Aq 1yr
146,Nightsaver,3,11,5,72,11.12,6.22,0,,,EoN(2014-01-14) Electricity Aq 1yr
146,Nightsaver,3,11,8,72,11.5,6.04,0,,,EoN(2014-01-14) Electricity Aq 1yr
146,Nightsaver,7,11,7,72,11.44,6.11,0,,,EoN(2014-01-14) Electricity Aq 1yr
146,Nightsaver,7,11,6,72,11.3,6.19,0,,,EoN(2014-01-14) Electricity Aq 1yr
146,Nightsaver,7,11,5,72,11.12,6.22,0,,,EoN(2014-01-14) Electricity Aq 1yr
146,Nightsaver,7,11,8,72,11.5,6.04,0,,,EoN(2014-01-14) Electricity Aq 1yr
542,Nightsaver,113,11,7,72,11.44,6.11,0,,,EoN(2014-01-14) Electricity Aq 1yr
542,Nightsaver,113,11,6,72,11.3,6.19,0,,,EoN(2014-01-14) Electricity Aq 1yr
542,Nightsaver,113,11,5,72,11.12,6.22,0,,,EoN(2014-01-14) Electricity Aq 1yr
542,Nightsaver,113,11,8,72,11.5,6.04,0,,,EoN(2014-01-14) Electricity Aq 1yr
548,Nightsaver,103,11,7,72,11.44,6.11,0,,,EoN(2014-01-14) Electricity Aq 1yr
548,Nightsaver,103,11,6,72,11.3,6.19,0,,,EoN(2014-01-14) Electricity Aq 1yr
548,Nightsaver,103,11,5,72,11.12,6.22,0,,,EoN(2014-01-14) Electricity Aq 1yr
548,Nightsaver,103,11,8,72,11.5,6.04,0,,,EoN(2014-01-14) Electricity Aq 1yr
548,Nightsaver,19,11,7,72,11.44,6.11,0,,,EoN(2014-01-14) Electricity Aq 1yr
548,Nightsaver,19,11,6,72,11.3,6.19,0,,,EoN(2014-01-14) Electricity Aq 1yr
548,Nightsaver,19,11,5,72,11.12,6.22,0,,,EoN(2014-01-14) Electricity Aq 1yr
548,Nightsaver,19,11,8,72,11.5,6.04,0,,,EoN(2014-01-14) Electricity Aq 1yr
548,Nightsaver,21,11,7,72,11.44,6.11,0,,,EoN(2014-01-14) Electricity Aq 1yr
548,Nightsaver,21,11,6,72,11.3,6.19,0,,,EoN(2014-01-14) Electricity Aq 1yr
548,Nightsaver,21,11,5,72,11.12,6.22,0,,,EoN(2014-01-14) Electricity Aq 1yr
548,Nightsaver,21,11,8,72,11.5,6.04,0,,,EoN(2014-01-14) Electricity Aq 1yr
548,Nightsaver,23,11,7,72,11.44,6.11,0,,,EoN(2014-01-14) Electricity Aq 1yr
548,Nightsaver,23,11,6,72,11.3,6.19,0,,,EoN(2014-01-14) Electricity Aq 1yr
548,Nightsaver,23,11,5,72,11.12,6.22,0,,,EoN(2014-01-14) Electricity Aq 1yr
548,Nightsaver,23,11,8,72,11.5,6.04,0,,,EoN(2014-01-14) Electricity Aq 1yr
548,Nightsaver,27,11,7,72,11.44,6.11,0,,,EoN(2014-01-14) Electricity Aq 1yr
548,Nightsaver,27,11,6,72,11.3,6.19,0,,,EoN(2014-01-14) Electricity Aq 1yr
548,Nightsaver,27,11,5,72,11.12,6.22,0,,,EoN(2014-01-14) Electricity Aq 1yr
548,Nightsaver,27,11,8,72,11.5,6.04,0,,,EoN(2014-01-14) Electricity Aq 1yr
548,Nightsaver,29,11,7,72,11.44,6.11,0,,,EoN(2014-01-14) Electricity Aq 1yr
548,Nightsaver,29,11,6,72,11.3,6.19,0,,,EoN(2014-01-14) Electricity Aq 1yr
548,Nightsaver,29,11,5,72,11.12,6.22,0,,,EoN(2014-01-14) Electricity Aq 1yr
548,Nightsaver,29,11,8,72,11.5,6.04,0,,,EoN(2014-01-14) Electricity Aq 1yr
548,Nightsaver,34,11,7,72,11.44,6.11,0,,,EoN(2014-01-14) Electricity Aq 1yr
548,Nightsaver,34,11,6,72,11.3,6.19,0,,,EoN(2014-01-14) Electricity Aq 1yr
548,Nightsaver,34,11,5,72,11.12,6.22,0,,,EoN(2014-01-14) Electricity Aq 1yr
548,Nightsaver,34,11,8,72,11.5,6.04,0,,,EoN(2014-01-14) Electricity Aq 1yr
542,Nightsaver,21,11,7,72,11.44,6.11,0,,,EoN(2014-01-14) Electricity Aq 1yr
542,Nightsaver,21,11,6,72,11.3,6.19,0,,,EoN(2014-01-14) Electricity Aq 1yr
542,Nightsaver,21,11,5,72,11.12,6.22,0,,,EoN(2014-01-14) Electricity Aq 1yr
542,Nightsaver,21,11,8,72,11.5,6.04,0,,,EoN(2014-01-14) Electricity Aq 1yr
548,Nightsaver,37,11,7,72,11.44,6.11,0,,,EoN(2014-01-14) Electricity Aq 1yr
548,Nightsaver,37,11,6,72,11.3,6.19,0,,,EoN(2014-01-14) Electricity Aq 1yr
548,Nightsaver,37,11,5,72,11.12,6.22,0,,,EoN(2014-01-14) Electricity Aq 1yr
548,Nightsaver,37,11,8,72,11.5,6.04,0,,,EoN(2014-01-14) Electricity Aq 1yr
150,Nightsaver,2,11,7,72,11.44,6.11,0,,,EoN(2014-01-14) Electricity Aq 1yr
150,Nightsaver,2,11,6,72,11.3,6.19,0,,,EoN(2014-01-14) Electricity Aq 1yr
150,Nightsaver,2,11,5,72,11.12,6.22,0,,,EoN(2014-01-14) Electricity Aq 1yr
150,Nightsaver,2,11,8,72,11.5,6.04,0,,,EoN(2014-01-14) Electricity Aq 1yr
548,Nightsaver,101,11,7,72,11.44,6.11,0,,,EoN(2014-01-14) Electricity Aq 1yr
548,Nightsaver,101,11,6,72,11.3,6.19,0,,,EoN(2014-01-14) Electricity Aq 1yr
548,Nightsaver,101,11,5,72,11.12,6.22,0,,,EoN(2014-01-14) Electricity Aq 1yr
548,Nightsaver,101,11,8,72,11.5,6.04,0,,,EoN(2014-01-14) Electricity Aq 1yr
110,Nightsaver,2,11,7,72,11.44,6.11,0,,,EoN(2014-01-14) Electricity Aq 1yr
110,Nightsaver,2,11,6,72,11.3,6.19,0,,,EoN(2014-01-14) Electricity Aq 1yr
110,Nightsaver,2,11,5,72,11.12,6.22,0,,,EoN(2014-01-14) Electricity Aq 1yr
110,Nightsaver,2,11,8,72,11.5,6.04,0,,,EoN(2014-01-14) Electricity Aq 1yr
548,Nightsaver,113,11,7,72,11.44,6.11,0,,,EoN(2014-01-14) Electricity Aq 1yr
548,Nightsaver,113,11,6,72,11.3,6.19,0,,,EoN(2014-01-14) Electricity Aq 1yr
548,Nightsaver,113,11,5,72,11.12,6.22,0,,,EoN(2014-01-14) Electricity Aq 1yr
548,Nightsaver,113,11,8,72,11.5,6.04,0,,,EoN(2014-01-14) Electricity Aq 1yr
548,Nightsaver,119,11,7,72,11.44,6.11,0,,,EoN(2014-01-14) Electricity Aq 1yr
548,Nightsaver,119,11,6,72,11.3,6.19,0,,,EoN(2014-01-14) Electricity Aq 1yr
548,Nightsaver,119,11,5,72,11.12,6.22,0,,,EoN(2014-01-14) Electricity Aq 1yr
548,Nightsaver,119,11,8,72,11.5,6.04,0,,,EoN(2014-01-14) Electricity Aq 1yr
548,Nightsaver,134,11,7,72,11.44,6.11,0,,,EoN(2014-01-14) Electricity Aq 1yr
548,Nightsaver,134,11,6,72,11.3,6.19,0,,,EoN(2014-01-14) Electricity Aq 1yr
548,Nightsaver,134,11,5,72,11.12,6.22,0,,,EoN(2014-01-14) Electricity Aq 1yr
548,Nightsaver,134,11,8,72,11.5,6.04,0,,,EoN(2014-01-14) Electricity Aq 1yr
548,Nightsaver,140,11,7,72,11.44,6.11,0,,,EoN(2014-01-14) Electricity Aq 1yr
548,Nightsaver,140,11,6,72,11.3,6.19,0,,,EoN(2014-01-14) Electricity Aq 1yr
548,Nightsaver,140,11,5,72,11.12,6.22,0,,,EoN(2014-01-14) Electricity Aq 1yr
548,Nightsaver,140,11,8,72,11.5,6.04,0,,,EoN(2014-01-14) Electricity Aq 1yr
542,Nightsaver,23,11,7,72,11.44,6.11,0,,,EoN(2014-01-14) Electricity Aq 1yr
542,Nightsaver,23,11,6,72,11.3,6.19,0,,,EoN(2014-01-14) Electricity Aq 1yr
542,Nightsaver,23,11,5,72,11.12,6.22,0,,,EoN(2014-01-14) Electricity Aq 1yr
542,Nightsaver,23,11,8,72,11.5,6.04,0,,,EoN(2014-01-14) Electricity Aq 1yr
542,Nightsaver,27,11,7,72,11.44,6.11,0,,,EoN(2014-01-14) Electricity Aq 1yr
542,Nightsaver,27,11,6,72,11.3,6.19,0,,,EoN(2014-01-14) Electricity Aq 1yr
542,Nightsaver,27,11,5,72,11.12,6.22,0,,,EoN(2014-01-14) Electricity Aq 1yr
542,Nightsaver,27,11,8,72,11.5,6.04,0,,,EoN(2014-01-14) Electricity Aq 1yr
542,Nightsaver,29,11,7,72,11.44,6.11,0,,,EoN(2014-01-14) Electricity Aq 1yr
542,Nightsaver,29,11,6,72,11.3,6.19,0,,,EoN(2014-01-14) Electricity Aq 1yr
542,Nightsaver,29,11,5,72,11.12,6.22,0,,,EoN(2014-01-14) Electricity Aq 1yr
542,Nightsaver,29,11,8,72,11.5,6.04,0,,,EoN(2014-01-14) Electricity Aq 1yr
548,Nightsaver,17,11,7,72,11.44,6.11,0,,,EoN(2014-01-14) Electricity Aq 1yr
548,Nightsaver,17,11,6,72,11.3,6.19,0,,,EoN(2014-01-14) Electricity Aq 1yr
548,Nightsaver,17,11,5,72,11.12,6.22,0,,,EoN(2014-01-14) Electricity Aq 1yr
548,Nightsaver,17,11,8,72,11.5,6.04,0,,,EoN(2014-01-14) Electricity Aq 1yr
548,Nightsaver,40,11,7,72,11.44,6.11,0,,,EoN(2014-01-14) Electricity Aq 1yr
548,Nightsaver,40,11,6,72,11.3,6.19,0,,,EoN(2014-01-14) Electricity Aq 1yr
548,Nightsaver,40,11,5,72,11.12,6.22,0,,,EoN(2014-01-14) Electricity Aq 1yr
548,Nightsaver,40,11,8,72,11.5,6.04,0,,,EoN(2014-01-14) Electricity Aq 1yr
613,Nightsaver,7,11,7,72,11.44,6.11,0,,,EoN(2014-01-14) Electricity Aq 1yr
613,Nightsaver,7,11,6,72,11.3,6.19,0,,,EoN(2014-01-14) Electricity Aq 1yr
613,Nightsaver,7,11,5,72,11.12,6.22,0,,,EoN(2014-01-14) Electricity Aq 1yr
613,Nightsaver,7,11,8,72,11.5,6.04,0,,,EoN(2014-01-14) Electricity Aq 1yr
542,Nightsaver,19,11,7,72,11.44,6.11,0,,,EoN(2014-01-14) Electricity Aq 1yr
542,Nightsaver,19,11,6,72,11.3,6.19,0,,,EoN(2014-01-14) Electricity Aq 1yr
542,Nightsaver,19,11,5,72,11.12,6.22,0,,,EoN(2014-01-14) Electricity Aq 1yr
542,Nightsaver,19,11,8,72,11.5,6.04,0,,,EoN(2014-01-14) Electricity Aq 1yr
542,Nightsaver,17,11,7,72,11.44,6.11,0,,,EoN(2014-01-14) Electricity Aq 1yr
542,Nightsaver,17,11,6,72,11.3,6.19,0,,,EoN(2014-01-14) Electricity Aq 1yr
542,Nightsaver,17,11,5,72,11.12,6.22,0,,,EoN(2014-01-14) Electricity Aq 1yr
542,Nightsaver,17,11,8,72,11.5,6.04,0,,,EoN(2014-01-14) Electricity Aq 1yr
542,Nightsaver,15,11,7,72,11.44,6.11,0,,,EoN(2014-01-14) Electricity Aq 1yr
542,Nightsaver,15,11,6,72,11.3,6.19,0,,,EoN(2014-01-14) Electricity Aq 1yr
542,Nightsaver,15,11,5,72,11.12,6.22,0,,,EoN(2014-01-14) Electricity Aq 1yr
542,Nightsaver,15,11,8,72,11.5,6.04,0,,,EoN(2014-01-14) Electricity Aq 1yr
542,Nightsaver,14,11,7,72,11.44,6.11,0,,,EoN(2014-01-14) Electricity Aq 1yr
542,Nightsaver,14,11,6,72,11.3,6.19,0,,,EoN(2014-01-14) Electricity Aq 1yr
542,Nightsaver,14,11,5,72,11.12,6.22,0,,,EoN(2014-01-14) Electricity Aq 1yr
542,Nightsaver,14,11,8,72,11.5,6.04,0,,,EoN(2014-01-14) Electricity Aq 1yr
150,Nightsaver,3,11,7,72,11.44,6.11,0,,,EoN(2014-01-14) Electricity Aq 1yr
150,Nightsaver,3,11,6,72,11.3,6.19,0,,,EoN(2014-01-14) Electricity Aq 1yr
150,Nightsaver,3,11,5,72,11.12,6.22,0,,,EoN(2014-01-14) Electricity Aq 1yr
150,Nightsaver,3,11,8,72,11.5,6.04,0,,,EoN(2014-01-14) Electricity Aq 1yr
542,Nightsaver,13,11,7,72,11.44,6.11,0,,,EoN(2014-01-14) Electricity Aq 1yr
542,Nightsaver,13,11,6,72,11.3,6.19,0,,,EoN(2014-01-14) Electricity Aq 1yr
542,Nightsaver,13,11,5,72,11.12,6.22,0,,,EoN(2014-01-14) Electricity Aq 1yr
542,Nightsaver,13,11,8,72,11.5,6.04,0,,,EoN(2014-01-14) Electricity Aq 1yr
542,Nightsaver,12,11,7,72,11.44,6.11,0,,,EoN(2014-01-14) Electricity Aq 1yr
542,Nightsaver,12,11,6,72,11.3,6.19,0,,,EoN(2014-01-14) Electricity Aq 1yr
542,Nightsaver,12,11,5,72,11.12,6.22,0,,,EoN(2014-01-14) Electricity Aq 1yr
542,Nightsaver,12,11,8,72,11.5,6.04,0,,,EoN(2014-01-14) Electricity Aq 1yr
542,Nightsaver,3,11,7,72,11.44,6.11,0,,,EoN(2014-01-14) Electricity Aq 1yr
542,Nightsaver,3,11,6,72,11.3,6.19,0,,,EoN(2014-01-14) Electricity Aq 1yr
542,Nightsaver,3,11,5,72,11.12,6.22,0,,,EoN(2014-01-14) Electricity Aq 1yr
542,Nightsaver,3,11,8,72,11.5,6.04,0,,,EoN(2014-01-14) Electricity Aq 1yr
542,Nightsaver,1,11,7,72,11.44,6.11,0,,,EoN(2014-01-14) Electricity Aq 1yr
542,Nightsaver,1,11,6,72,11.3,6.19,0,,,EoN(2014-01-14) Electricity Aq 1yr
542,Nightsaver,1,11,5,72,11.12,6.22,0,,,EoN(2014-01-14) Electricity Aq 1yr
542,Nightsaver,1,11,8,72,11.5,6.04,0,,,EoN(2014-01-14) Electricity Aq 1yr
648,Nightsaver,2,11,7,72,11.44,6.11,0,,,EoN(2014-01-14) Electricity Aq 1yr
648,Nightsaver,2,11,6,72,11.3,6.19,0,,,EoN(2014-01-14) Electricity Aq 1yr
648,Nightsaver,2,11,5,72,11.12,6.22,0,,,EoN(2014-01-14) Electricity Aq 1yr
648,Nightsaver,2,11,8,72,11.5,6.04,0,,,EoN(2014-01-14) Electricity Aq 1yr
613,Nightsaver,3,11,7,72,11.44,6.11,0,,,EoN(2014-01-14) Electricity Aq 1yr
613,Nightsaver,3,11,6,72,11.3,6.19,0,,,EoN(2014-01-14) Electricity Aq 1yr
613,Nightsaver,3,11,5,72,11.12,6.22,0,,,EoN(2014-01-14) Electricity Aq 1yr
613,Nightsaver,3,11,8,72,11.5,6.04,0,,,EoN(2014-01-14) Electricity Aq 1yr
648,Nightsaver,3,11,7,72,11.44,6.11,0,,,EoN(2014-01-14) Electricity Aq 1yr
648,Nightsaver,3,11,6,72,11.3,6.19,0,,,EoN(2014-01-14) Electricity Aq 1yr
648,Nightsaver,3,11,5,72,11.12,6.22,0,,,EoN(2014-01-14) Electricity Aq 1yr
648,Nightsaver,3,11,8,72,11.5,6.04,0,,,EoN(2014-01-14) Electricity Aq 1yr
150,Nightsaver,7,11,7,72,11.44,6.11,0,,,EoN(2014-01-14) Electricity Aq 1yr
150,Nightsaver,7,11,6,72,11.3,6.19,0,,,EoN(2014-01-14) Electricity Aq 1yr
150,Nightsaver,7,11,5,72,11.12,6.22,0,,,EoN(2014-01-14) Electricity Aq 1yr
150,Nightsaver,7,11,8,72,11.5,6.04,0,,,EoN(2014-01-14) Electricity Aq 1yr
613,Nightsaver,2,11,7,72,11.44,6.11,0,,,EoN(2014-01-14) Electricity Aq 1yr
613,Nightsaver,2,11,6,72,11.3,6.19,0,,,EoN(2014-01-14) Electricity Aq 1yr
613,Nightsaver,2,11,5,72,11.12,6.22,0,,,EoN(2014-01-14) Electricity Aq 1yr
613,Nightsaver,2,11,8,72,11.5,6.04,0,,,EoN(2014-01-14) Electricity Aq 1yr
831,Nightsaver,52,11,7,72,11.44,6.11,0,,,EoN(2014-01-14) Electricity Aq 1yr
831,Nightsaver,52,11,6,72,11.3,6.19,0,,,EoN(2014-01-14) Electricity Aq 1yr
831,Nightsaver,52,11,5,72,11.12,6.22,0,,,EoN(2014-01-14) Electricity Aq 1yr
831,Nightsaver,52,11,8,72,11.5,6.04,0,,,EoN(2014-01-14) Electricity Aq 1yr
831,Nightsaver,140,11,7,72,11.44,6.11,0,,,EoN(2014-01-14) Electricity Aq 1yr
831,Nightsaver,140,11,6,72,11.3,6.19,0,,,EoN(2014-01-14) Electricity Aq 1yr
831,Nightsaver,140,11,5,72,11.12,6.22,0,,,EoN(2014-01-14) Electricity Aq 1yr
831,Nightsaver,140,11,8,72,11.5,6.04,0,,,EoN(2014-01-14) Electricity Aq 1yr
831,Nightsaver,137,11,7,72,11.44,6.11,0,,,EoN(2014-01-14) Electricity Aq 1yr
831,Nightsaver,137,11,6,72,11.3,6.19,0,,,EoN(2014-01-14) Electricity Aq 1yr
831,Nightsaver,137,11,5,72,11.12,6.22,0,,,EoN(2014-01-14) Electricity Aq 1yr
831,Nightsaver,137,11,8,72,11.5,6.04,0,,,EoN(2014-01-14) Electricity Aq 1yr
831,Nightsaver,119,11,7,72,11.44,6.11,0,,,EoN(2014-01-14) Electricity Aq 1yr
831,Nightsaver,119,11,6,72,11.3,6.19,0,,,EoN(2014-01-14) Electricity Aq 1yr
831,Nightsaver,119,11,5,72,11.12,6.22,0,,,EoN(2014-01-14) Electricity Aq 1yr
831,Nightsaver,119,11,8,72,11.5,6.04,0,,,EoN(2014-01-14) Electricity Aq 1yr
831,Nightsaver,116,11,7,72,11.44,6.11,0,,,EoN(2014-01-14) Electricity Aq 1yr
831,Nightsaver,116,11,6,72,11.3,6.19,0,,,EoN(2014-01-14) Electricity Aq 1yr
831,Nightsaver,116,11,5,72,11.12,6.22,0,,,EoN(2014-01-14) Electricity Aq 1yr
831,Nightsaver,116,11,8,72,11.5,6.04,0,,,EoN(2014-01-14) Electricity Aq 1yr
831,Nightsaver,113,11,7,72,11.44,6.11,0,,,EoN(2014-01-14) Electricity Aq 1yr
831,Nightsaver,113,11,6,72,11.3,6.19,0,,,EoN(2014-01-14) Electricity Aq 1yr
831,Nightsaver,113,11,5,72,11.12,6.22,0,,,EoN(2014-01-14) Electricity Aq 1yr
831,Nightsaver,113,11,8,72,11.5,6.04,0,,,EoN(2014-01-14) Electricity Aq 1yr
830,Nightsaver,113,11,7,72,11.44,6.11,0,,,EoN(2014-01-14) Electricity Aq 1yr
830,Nightsaver,113,11,6,72,11.3,6.19,0,,,EoN(2014-01-14) Electricity Aq 1yr
830,Nightsaver,113,11,5,72,11.12,6.22,0,,,EoN(2014-01-14) Electricity Aq 1yr
830,Nightsaver,113,11,8,72,11.5,6.04,0,,,EoN(2014-01-14) Electricity Aq 1yr
831,Nightsaver,101,11,7,72,11.44,6.11,0,,,EoN(2014-01-14) Electricity Aq 1yr
831,Nightsaver,101,11,6,72,11.3,6.19,0,,,EoN(2014-01-14) Electricity Aq 1yr
831,Nightsaver,101,11,5,72,11.12,6.22,0,,,EoN(2014-01-14) Electricity Aq 1yr
831,Nightsaver,101,11,8,72,11.5,6.04,0,,,EoN(2014-01-14) Electricity Aq 1yr
830,Nightsaver,116,11,7,72,11.44,6.11,0,,,EoN(2014-01-14) Electricity Aq 1yr
830,Nightsaver,116,11,6,72,11.3,6.19,0,,,EoN(2014-01-14) Electricity Aq 1yr
830,Nightsaver,116,11,5,72,11.12,6.22,0,,,EoN(2014-01-14) Electricity Aq 1yr
830,Nightsaver,116,11,8,72,11.5,6.04,0,,,EoN(2014-01-14) Electricity Aq 1yr
831,Nightsaver,40,11,7,72,11.44,6.11,0,,,EoN(2014-01-14) Electricity Aq 1yr
831,Nightsaver,40,11,6,72,11.3,6.19,0,,,EoN(2014-01-14) Electricity Aq 1yr
831,Nightsaver,40,11,5,72,11.12,6.22,0,,,EoN(2014-01-14) Electricity Aq 1yr
831,Nightsaver,40,11,8,72,11.5,6.04,0,,,EoN(2014-01-14) Electricity Aq 1yr
831,Nightsaver,37,11,7,72,11.44,6.11,0,,,EoN(2014-01-14) Electricity Aq 1yr
831,Nightsaver,37,11,6,72,11.3,6.19,0,,,EoN(2014-01-14) Electricity Aq 1yr
831,Nightsaver,37,11,5,72,11.12,6.22,0,,,EoN(2014-01-14) Electricity Aq 1yr
831,Nightsaver,37,11,8,72,11.5,6.04,0,,,EoN(2014-01-14) Electricity Aq 1yr
831,Nightsaver,37,11,7,72,11.44,6.11,0,,,EoN(2014-01-14) Electricity Aq 1yr
831,Nightsaver,37,11,6,72,11.3,6.19,0,,,EoN(2014-01-14) Electricity Aq 1yr
831,Nightsaver,37,11,5,72,11.12,6.22,0,,,EoN(2014-01-14) Electricity Aq 1yr
831,Nightsaver,37,11,8,72,11.5,6.04,0,,,EoN(2014-01-14) Electricity Aq 1yr
831,Nightsaver,19,11,7,72,11.44,6.11,0,,,EoN(2014-01-14) Electricity Aq 1yr
831,Nightsaver,19,11,6,72,11.3,6.19,0,,,EoN(2014-01-14) Electricity Aq 1yr
831,Nightsaver,19,11,5,72,11.12,6.22,0,,,EoN(2014-01-14) Electricity Aq 1yr
831,Nightsaver,19,11,8,72,11.5,6.04,0,,,EoN(2014-01-14) Electricity Aq 1yr
831,Nightsaver,16,11,7,72,11.44,6.11,0,,,EoN(2014-01-14) Electricity Aq 1yr
831,Nightsaver,16,11,6,72,11.3,6.19,0,,,EoN(2014-01-14) Electricity Aq 1yr
831,Nightsaver,16,11,5,72,11.12,6.22,0,,,EoN(2014-01-14) Electricity Aq 1yr
831,Nightsaver,16,11,8,72,11.5,6.04,0,,,EoN(2014-01-14) Electricity Aq 1yr
831,Nightsaver,13,11,7,72,11.44,6.11,0,,,EoN(2014-01-14) Electricity Aq 1yr
831,Nightsaver,13,11,6,72,11.3,6.19,0,,,EoN(2014-01-14) Electricity Aq 1yr
831,Nightsaver,13,11,5,72,11.12,6.22,0,,,EoN(2014-01-14) Electricity Aq 1yr
831,Nightsaver,13,11,8,72,11.5,6.04,0,,,EoN(2014-01-14) Electricity Aq 1yr
831,Nightsaver,3,11,7,72,11.44,6.11,0,,,EoN(2014-01-14) Electricity Aq 1yr
831,Nightsaver,3,11,6,72,11.3,6.19,0,,,EoN(2014-01-14) Electricity Aq 1yr
831,Nightsaver,3,11,5,72,11.12,6.22,0,,,EoN(2014-01-14) Electricity Aq 1yr
831,Nightsaver,3,11,8,72,11.5,6.04,0,,,EoN(2014-01-14) Electricity Aq 1yr
831,Nightsaver,103,11,7,72,11.44,6.11,0,,,EoN(2014-01-14) Electricity Aq 1yr
831,Nightsaver,103,11,6,72,11.3,6.19,0,,,EoN(2014-01-14) Electricity Aq 1yr
831,Nightsaver,103,11,5,72,11.12,6.22,0,,,EoN(2014-01-14) Electricity Aq 1yr
831,Nightsaver,103,11,8,72,11.5,6.04,0,,,EoN(2014-01-14) Electricity Aq 1yr
830,Nightsaver,19,11,7,72,11.44,6.11,0,,,EoN(2014-01-14) Electricity Aq 1yr
830,Nightsaver,19,11,6,72,11.3,6.19,0,,,EoN(2014-01-14) Electricity Aq 1yr
830,Nightsaver,19,11,5,72,11.12,6.22,0,,,EoN(2014-01-14) Electricity Aq 1yr
830,Nightsaver,19,11,8,72,11.5,6.04,0,,,EoN(2014-01-14) Electricity Aq 1yr
830,Nightsaver,152,11,7,72,11.44,6.11,0,,,EoN(2014-01-14) Electricity Aq 1yr
830,Nightsaver,152,11,6,72,11.3,6.19,0,,,EoN(2014-01-14) Electricity Aq 1yr
830,Nightsaver,152,11,5,72,11.12,6.22,0,,,EoN(2014-01-14) Electricity Aq 1yr
830,Nightsaver,152,11,8,72,11.5,6.04,0,,,EoN(2014-01-14) Electricity Aq 1yr
830,Nightsaver,101,11,7,72,11.44,6.11,0,,,EoN(2014-01-14) Electricity Aq 1yr
830,Nightsaver,101,11,6,72,11.3,6.19,0,,,EoN(2014-01-14) Electricity Aq 1yr
830,Nightsaver,101,11,5,72,11.12,6.22,0,,,EoN(2014-01-14) Electricity Aq 1yr
830,Nightsaver,101,11,8,72,11.5,6.04,0,,,EoN(2014-01-14) Electricity Aq 1yr
830,Nightsaver,52,11,7,72,11.44,6.11,0,,,EoN(2014-01-14) Electricity Aq 1yr
830,Nightsaver,52,11,6,72,11.3,6.19,0,,,EoN(2014-01-14) Electricity Aq 1yr
830,Nightsaver,52,11,5,72,11.12,6.22,0,,,EoN(2014-01-14) Electricity Aq 1yr
830,Nightsaver,52,11,8,72,11.5,6.04,0,,,EoN(2014-01-14) Electricity Aq 1yr
830,Nightsaver,40,11,7,72,11.44,6.11,0,,,EoN(2014-01-14) Electricity Aq 1yr
830,Nightsaver,40,11,6,72,11.3,6.19,0,,,EoN(2014-01-14) Electricity Aq 1yr
830,Nightsaver,40,11,5,72,11.12,6.22,0,,,EoN(2014-01-14) Electricity Aq 1yr
830,Nightsaver,40,11,8,72,11.5,6.04,0,,,EoN(2014-01-14) Electricity Aq 1yr
830,Nightsaver,37,11,7,72,11.44,6.11,0,,,EoN(2014-01-14) Electricity Aq 1yr
830,Nightsaver,37,11,6,72,11.3,6.19,0,,,EoN(2014-01-14) Electricity Aq 1yr
830,Nightsaver,37,11,5,72,11.12,6.22,0,,,EoN(2014-01-14) Electricity Aq 1yr
830,Nightsaver,37,11,8,72,11.5,6.04,0,,,EoN(2014-01-14) Electricity Aq 1yr
831,Nightsaver,152,11,7,72,11.44,6.11,0,,,EoN(2014-01-14) Electricity Aq 1yr
831,Nightsaver,152,11,6,72,11.3,6.19,0,,,EoN(2014-01-14) Electricity Aq 1yr
831,Nightsaver,152,11,5,72,11.12,6.22,0,,,EoN(2014-01-14) Electricity Aq 1yr
831,Nightsaver,152,11,8,72,11.5,6.04,0,,,EoN(2014-01-14) Electricity Aq 1yr
831,Nightsaver,1,11,7,72,11.44,6.11,0,,,EoN(2014-01-14) Electricity Aq 1yr
831,Nightsaver,1,11,6,72,11.3,6.19,0,,,EoN(2014-01-14) Electricity Aq 1yr
831,Nightsaver,1,11,5,72,11.12,6.22,0,,,EoN(2014-01-14) Electricity Aq 1yr
831,Nightsaver,1,11,8,72,11.5,6.04,0,,,EoN(2014-01-14) Electricity Aq 1yr
830,Nightsaver,140,11,7,72,11.44,6.11,0,,,EoN(2014-01-14) Electricity Aq 1yr
830,Nightsaver,140,11,6,72,11.3,6.19,0,,,EoN(2014-01-14) Electricity Aq 1yr
830,Nightsaver,140,11,5,72,11.12,6.22,0,,,EoN(2014-01-14) Electricity Aq 1yr
830,Nightsaver,140,11,8,72,11.5,6.04,0,,,EoN(2014-01-14) Electricity Aq 1yr
830,Nightsaver,16,11,7,72,11.44,6.11,0,,,EoN(2014-01-14) Electricity Aq 1yr
830,Nightsaver,16,11,6,72,11.3,6.19,0,,,EoN(2014-01-14) Electricity Aq 1yr
830,Nightsaver,16,11,5,72,11.12,6.22,0,,,EoN(2014-01-14) Electricity Aq 1yr
830,Nightsaver,16,11,8,72,11.5,6.04,0,,,EoN(2014-01-14) Electricity Aq 1yr
830,Nightsaver,13,11,7,72,11.44,6.11,0,,,EoN(2014-01-14) Electricity Aq 1yr
830,Nightsaver,13,11,6,72,11.3,6.19,0,,,EoN(2014-01-14) Electricity Aq 1yr
830,Nightsaver,13,11,5,72,11.12,6.22,0,,,EoN(2014-01-14) Electricity Aq 1yr
830,Nightsaver,13,11,8,72,11.5,6.04,0,,,EoN(2014-01-14) Electricity Aq 1yr
830,Nightsaver,3,11,7,72,11.44,6.11,0,,,EoN(2014-01-14) Electricity Aq 1yr
830,Nightsaver,3,11,6,72,11.3,6.19,0,,,EoN(2014-01-14) Electricity Aq 1yr
830,Nightsaver,3,11,5,72,11.12,6.22,0,,,EoN(2014-01-14) Electricity Aq 1yr
830,Nightsaver,3,11,8,72,11.5,6.04,0,,,EoN(2014-01-14) Electricity Aq 1yr
830,Nightsaver,1,11,7,72,11.44,6.11,0,,,EoN(2014-01-14) Electricity Aq 1yr
830,Nightsaver,1,11,6,72,11.3,6.19,0,,,EoN(2014-01-14) Electricity Aq 1yr
830,Nightsaver,1,11,5,72,11.12,6.22,0,,,EoN(2014-01-14) Electricity Aq 1yr
830,Nightsaver,1,11,8,72,11.5,6.04,0,,,EoN(2014-01-14) Electricity Aq 1yr
830,Nightsaver,103,11,7,72,11.44,6.11,0,,,EoN(2014-01-14) Electricity Aq 1yr
830,Nightsaver,103,11,6,72,11.3,6.19,0,,,EoN(2014-01-14) Electricity Aq 1yr
830,Nightsaver,103,11,5,72,11.12,6.22,0,,,EoN(2014-01-14) Electricity Aq 1yr
830,Nightsaver,103,11,8,72,11.5,6.04,0,,,EoN(2014-01-14) Electricity Aq 1yr
830,Nightsaver,137,11,7,72,11.44,6.11,0,,,EoN(2014-01-14) Electricity Aq 1yr
830,Nightsaver,137,11,6,72,11.3,6.19,0,,,EoN(2014-01-14) Electricity Aq 1yr
830,Nightsaver,137,11,5,72,11.12,6.22,0,,,EoN(2014-01-14) Electricity Aq 1yr
830,Nightsaver,137,11,8,72,11.5,6.04,0,,,EoN(2014-01-14) Electricity Aq 1yr
830,Nightsaver,119,11,7,72,11.44,6.11,0,,,EoN(2014-01-14) Electricity Aq 1yr
830,Nightsaver,119,11,6,72,11.3,6.19,0,,,EoN(2014-01-14) Electricity Aq 1yr
830,Nightsaver,119,11,5,72,11.12,6.22,0,,,EoN(2014-01-14) Electricity Aq 1yr
830,Nightsaver,119,11,8,72,11.5,6.04,0,,,EoN(2014-01-14) Electricity Aq 1yr
830,Nightsaver,37,11,7,72,11.44,6.11,0,,,EoN(2014-01-14) Electricity Aq 1yr
830,Nightsaver,37,11,6,72,11.3,6.19,0,,,EoN(2014-01-14) Electricity Aq 1yr
830,Nightsaver,37,11,5,72,11.12,6.22,0,,,EoN(2014-01-14) Electricity Aq 1yr
830,Nightsaver,37,11,8,72,11.5,6.04,0,,,EoN(2014-01-14) Electricity Aq 1yr
548,Nightsaver,23,11,7,72,11.44,6.11,0,,,EoN(2014-01-14) Electricity Aq 1yr
548,Nightsaver,23,11,6,72,11.3,6.19,0,,,EoN(2014-01-14) Electricity Aq 1yr
548,Nightsaver,23,11,5,72,11.12,6.22,0,,,EoN(2014-01-14) Electricity Aq 1yr
548,Nightsaver,23,11,8,72,11.5,6.04,0,,,EoN(2014-01-14) Electricity Aq 1yr
548,Nightsaver,140,11,7,72,11.44,6.11,0,,,EoN(2014-01-14) Electricity Aq 1yr
548,Nightsaver,140,11,6,72,11.3,6.19,0,,,EoN(2014-01-14) Electricity Aq 1yr
548,Nightsaver,140,11,5,72,11.12,6.22,0,,,EoN(2014-01-14) Electricity Aq 1yr
548,Nightsaver,140,11,8,72,11.5,6.04,0,,,EoN(2014-01-14) Electricity Aq 1yr
548,Nightsaver,134,11,7,72,11.44,6.11,0,,,EoN(2014-01-14) Electricity Aq 1yr
548,Nightsaver,134,11,6,72,11.3,6.19,0,,,EoN(2014-01-14) Electricity Aq 1yr
548,Nightsaver,134,11,5,72,11.12,6.22,0,,,EoN(2014-01-14) Electricity Aq 1yr
548,Nightsaver,134,11,8,72,11.5,6.04,0,,,EoN(2014-01-14) Electricity Aq 1yr
542,Nightsaver,113,11,7,72,11.44,6.11,0,,,EoN(2014-01-14) Electricity Aq 1yr
542,Nightsaver,113,11,6,72,11.3,6.19,0,,,EoN(2014-01-14) Electricity Aq 1yr
542,Nightsaver,113,11,5,72,11.12,6.22,0,,,EoN(2014-01-14) Electricity Aq 1yr
542,Nightsaver,113,11,8,72,11.5,6.04,0,,,EoN(2014-01-14) Electricity Aq 1yr
548,Nightsaver,113,11,7,72,11.44,6.11,0,,,EoN(2014-01-14) Electricity Aq 1yr
548,Nightsaver,113,11,6,72,11.3,6.19,0,,,EoN(2014-01-14) Electricity Aq 1yr
548,Nightsaver,113,11,5,72,11.12,6.22,0,,,EoN(2014-01-14) Electricity Aq 1yr
548,Nightsaver,113,11,8,72,11.5,6.04,0,,,EoN(2014-01-14) Electricity Aq 1yr
548,Nightsaver,103,11,7,72,11.44,6.11,0,,,EoN(2014-01-14) Electricity Aq 1yr
548,Nightsaver,103,11,6,72,11.3,6.19,0,,,EoN(2014-01-14) Electricity Aq 1yr
548,Nightsaver,103,11,5,72,11.12,6.22,0,,,EoN(2014-01-14) Electricity Aq 1yr
548,Nightsaver,103,11,8,72,11.5,6.04,0,,,EoN(2014-01-14) Electricity Aq 1yr
106,Nightsaver,3,11,7,72,11.44,6.11,0,,,EoN(2014-01-14) Electricity Aq 1yr
106,Nightsaver,3,11,6,72,11.3,6.19,0,,,EoN(2014-01-14) Electricity Aq 1yr
106,Nightsaver,3,11,5,72,11.12,6.22,0,,,EoN(2014-01-14) Electricity Aq 1yr
106,Nightsaver,3,11,8,72,11.5,6.04,0,,,EoN(2014-01-14) Electricity Aq 1yr
106,Nightsaver,7,11,7,72,11.44,6.11,0,,,EoN(2014-01-14) Electricity Aq 1yr
106,Nightsaver,7,11,6,72,11.3,6.19,0,,,EoN(2014-01-14) Electricity Aq 1yr
106,Nightsaver,7,11,5,72,11.12,6.22,0,,,EoN(2014-01-14) Electricity Aq 1yr
106,Nightsaver,7,11,8,72,11.5,6.04,0,,,EoN(2014-01-14) Electricity Aq 1yr
548,Nightsaver,101,11,7,72,11.44,6.11,0,,,EoN(2014-01-14) Electricity Aq 1yr
548,Nightsaver,101,11,6,72,11.3,6.19,0,,,EoN(2014-01-14) Electricity Aq 1yr
548,Nightsaver,101,11,5,72,11.12,6.22,0,,,EoN(2014-01-14) Electricity Aq 1yr
548,Nightsaver,101,11,8,72,11.5,6.04,0,,,EoN(2014-01-14) Electricity Aq 1yr
548,Nightsaver,40,11,7,72,11.44,6.11,0,,,EoN(2014-01-14) Electricity Aq 1yr
548,Nightsaver,40,11,6,72,11.3,6.19,0,,,EoN(2014-01-14) Electricity Aq 1yr
548,Nightsaver,40,11,5,72,11.12,6.22,0,,,EoN(2014-01-14) Electricity Aq 1yr
548,Nightsaver,40,11,8,72,11.5,6.04,0,,,EoN(2014-01-14) Electricity Aq 1yr
548,Nightsaver,37,11,7,72,11.44,6.11,0,,,EoN(2014-01-14) Electricity Aq 1yr
548,Nightsaver,37,11,6,72,11.3,6.19,0,,,EoN(2014-01-14) Electricity Aq 1yr
548,Nightsaver,37,11,5,72,11.12,6.22,0,,,EoN(2014-01-14) Electricity Aq 1yr
548,Nightsaver,37,11,8,72,11.5,6.04,0,,,EoN(2014-01-14) Electricity Aq 1yr
548,Nightsaver,34,11,7,72,11.44,6.11,0,,,EoN(2014-01-14) Electricity Aq 1yr
548,Nightsaver,34,11,6,72,11.3,6.19,0,,,EoN(2014-01-14) Electricity Aq 1yr
548,Nightsaver,34,11,5,72,11.12,6.22,0,,,EoN(2014-01-14) Electricity Aq 1yr
548,Nightsaver,34,11,8,72,11.5,6.04,0,,,EoN(2014-01-14) Electricity Aq 1yr
542,Nightsaver,101,11,7,72,11.44,6.11,0,,,EoN(2014-01-14) Electricity Aq 1yr
542,Nightsaver,101,11,6,72,11.3,6.19,0,,,EoN(2014-01-14) Electricity Aq 1yr
542,Nightsaver,101,11,5,72,11.12,6.22,0,,,EoN(2014-01-14) Electricity Aq 1yr
542,Nightsaver,101,11,8,72,11.5,6.04,0,,,EoN(2014-01-14) Electricity Aq 1yr
548,Nightsaver,27,11,7,72,11.44,6.11,0,,,EoN(2014-01-14) Electricity Aq 1yr
548,Nightsaver,27,11,6,72,11.3,6.19,0,,,EoN(2014-01-14) Electricity Aq 1yr
548,Nightsaver,27,11,5,72,11.12,6.22,0,,,EoN(2014-01-14) Electricity Aq 1yr
548,Nightsaver,27,11,8,72,11.5,6.04,0,,,EoN(2014-01-14) Electricity Aq 1yr
542,Nightsaver,40,11,7,72,11.44,6.11,0,,,EoN(2014-01-14) Electricity Aq 1yr
542,Nightsaver,40,11,6,72,11.3,6.19,0,,,EoN(2014-01-14) Electricity Aq 1yr
542,Nightsaver,40,11,5,72,11.12,6.22,0,,,EoN(2014-01-14) Electricity Aq 1yr
542,Nightsaver,40,11,8,72,11.5,6.04,0,,,EoN(2014-01-14) Electricity Aq 1yr
548,Nightsaver,21,11,7,72,11.44,6.11,0,,,EoN(2014-01-14) Electricity Aq 1yr
548,Nightsaver,21,11,6,72,11.3,6.19,0,,,EoN(2014-01-14) Electricity Aq 1yr
548,Nightsaver,21,11,5,72,11.12,6.22,0,,,EoN(2014-01-14) Electricity Aq 1yr
548,Nightsaver,21,11,8,72,11.5,6.04,0,,,EoN(2014-01-14) Electricity Aq 1yr
548,Nightsaver,19,11,7,72,11.44,6.11,0,,,EoN(2014-01-14) Electricity Aq 1yr
548,Nightsaver,19,11,6,72,11.3,6.19,0,,,EoN(2014-01-14) Electricity Aq 1yr
548,Nightsaver,19,11,5,72,11.12,6.22,0,,,EoN(2014-01-14) Electricity Aq 1yr
548,Nightsaver,19,11,8,72,11.5,6.04,0,,,EoN(2014-01-14) Electricity Aq 1yr
548,Nightsaver,17,11,7,72,11.44,6.11,0,,,EoN(2014-01-14) Electricity Aq 1yr
548,Nightsaver,17,11,6,72,11.3,6.19,0,,,EoN(2014-01-14) Electricity Aq 1yr
548,Nightsaver,17,11,5,72,11.12,6.22,0,,,EoN(2014-01-14) Electricity Aq 1yr
548,Nightsaver,17,11,8,72,11.5,6.04,0,,,EoN(2014-01-14) Electricity Aq 1yr
548,Nightsaver,15,11,7,72,11.44,6.11,0,,,EoN(2014-01-14) Electricity Aq 1yr
548,Nightsaver,15,11,6,72,11.3,6.19,0,,,EoN(2014-01-14) Electricity Aq 1yr
548,Nightsaver,15,11,5,72,11.12,6.22,0,,,EoN(2014-01-14) Electricity Aq 1yr
548,Nightsaver,15,11,8,72,11.5,6.04,0,,,EoN(2014-01-14) Electricity Aq 1yr
548,Nightsaver,14,11,7,72,11.44,6.11,0,,,EoN(2014-01-14) Electricity Aq 1yr
548,Nightsaver,14,11,6,72,11.3,6.19,0,,,EoN(2014-01-14) Electricity Aq 1yr
548,Nightsaver,14,11,5,72,11.12,6.22,0,,,EoN(2014-01-14) Electricity Aq 1yr
548,Nightsaver,14,11,8,72,11.5,6.04,0,,,EoN(2014-01-14) Electricity Aq 1yr
548,Nightsaver,13,11,7,72,11.44,6.11,0,,,EoN(2014-01-14) Electricity Aq 1yr
548,Nightsaver,13,11,6,72,11.3,6.19,0,,,EoN(2014-01-14) Electricity Aq 1yr
548,Nightsaver,13,11,5,72,11.12,6.22,0,,,EoN(2014-01-14) Electricity Aq 1yr
548,Nightsaver,13,11,8,72,11.5,6.04,0,,,EoN(2014-01-14) Electricity Aq 1yr
548,Nightsaver,12,11,7,72,11.44,6.11,0,,,EoN(2014-01-14) Electricity Aq 1yr
548,Nightsaver,12,11,6,72,11.3,6.19,0,,,EoN(2014-01-14) Electricity Aq 1yr
548,Nightsaver,12,11,5,72,11.12,6.22,0,,,EoN(2014-01-14) Electricity Aq 1yr
548,Nightsaver,12,11,8,72,11.5,6.04,0,,,EoN(2014-01-14) Electricity Aq 1yr
548,Nightsaver,3,11,7,72,11.44,6.11,0,,,EoN(2014-01-14) Electricity Aq 1yr
548,Nightsaver,3,11,6,72,11.3,6.19,0,,,EoN(2014-01-14) Electricity Aq 1yr
548,Nightsaver,3,11,5,72,11.12,6.22,0,,,EoN(2014-01-14) Electricity Aq 1yr
548,Nightsaver,3,11,8,72,11.5,6.04,0,,,EoN(2014-01-14) Electricity Aq 1yr
548,Nightsaver,1,11,7,72,11.44,6.11,0,,,EoN(2014-01-14) Electricity Aq 1yr
548,Nightsaver,1,11,6,72,11.3,6.19,0,,,EoN(2014-01-14) Electricity Aq 1yr
548,Nightsaver,1,11,5,72,11.12,6.22,0,,,EoN(2014-01-14) Electricity Aq 1yr
548,Nightsaver,1,11,8,72,11.5,6.04,0,,,EoN(2014-01-14) Electricity Aq 1yr
542,Nightsaver,119,11,7,72,11.44,6.11,0,,,EoN(2014-01-14) Electricity Aq 1yr
542,Nightsaver,119,11,6,72,11.3,6.19,0,,,EoN(2014-01-14) Electricity Aq 1yr
542,Nightsaver,119,11,5,72,11.12,6.22,0,,,EoN(2014-01-14) Electricity Aq 1yr
542,Nightsaver,119,11,8,72,11.5,6.04,0,,,EoN(2014-01-14) Electricity Aq 1yr
542,Nightsaver,134,11,7,72,11.44,6.11,0,,,EoN(2014-01-14) Electricity Aq 1yr
542,Nightsaver,134,11,6,72,11.3,6.19,0,,,EoN(2014-01-14) Electricity Aq 1yr
542,Nightsaver,134,11,5,72,11.12,6.22,0,,,EoN(2014-01-14) Electricity Aq 1yr
542,Nightsaver,134,11,8,72,11.5,6.04,0,,,EoN(2014-01-14) Electricity Aq 1yr
542,Nightsaver,140,11,7,72,11.44,6.11,0,,,EoN(2014-01-14) Electricity Aq 1yr
542,Nightsaver,140,11,6,72,11.3,6.19,0,,,EoN(2014-01-14) Electricity Aq 1yr
542,Nightsaver,140,11,5,72,11.12,6.22,0,,,EoN(2014-01-14) Electricity Aq 1yr
542,Nightsaver,140,11,8,72,11.5,6.04,0,,,EoN(2014-01-14) Electricity Aq 1yr
548,Nightsaver,29,11,7,72,11.44,6.11,0,,,EoN(2014-01-14) Electricity Aq 1yr
548,Nightsaver,29,11,6,72,11.3,6.19,0,,,EoN(2014-01-14) Electricity Aq 1yr
548,Nightsaver,29,11,5,72,11.12,6.22,0,,,EoN(2014-01-14) Electricity Aq 1yr
548,Nightsaver,29,11,8,72,11.5,6.04,0,,,EoN(2014-01-14) Electricity Aq 1yr
542,Nightsaver,3,11,7,72,11.44,6.11,0,,,EoN(2014-01-14) Electricity Aq 1yr
542,Nightsaver,3,11,6,72,11.3,6.19,0,,,EoN(2014-01-14) Electricity Aq 1yr
542,Nightsaver,3,11,5,72,11.12,6.22,0,,,EoN(2014-01-14) Electricity Aq 1yr
542,Nightsaver,3,11,8,72,11.5,6.04,0,,,EoN(2014-01-14) Electricity Aq 1yr
608,Nightsaver,2,11,7,72,11.44,6.11,0,,,EoN(2014-01-14) Electricity Aq 1yr
608,Nightsaver,2,11,6,72,11.3,6.19,0,,,EoN(2014-01-14) Electricity Aq 1yr
608,Nightsaver,2,11,5,72,11.12,6.22,0,,,EoN(2014-01-14) Electricity Aq 1yr
608,Nightsaver,2,11,8,72,11.5,6.04,0,,,EoN(2014-01-14) Electricity Aq 1yr
146,Nightsaver,3,11,7,72,11.44,6.11,0,,,EoN(2014-01-14) Electricity Aq 1yr
146,Nightsaver,3,11,6,72,11.3,6.19,0,,,EoN(2014-01-14) Electricity Aq 1yr
146,Nightsaver,3,11,5,72,11.12,6.22,0,,,EoN(2014-01-14) Electricity Aq 1yr
146,Nightsaver,3,11,8,72,11.5,6.04,0,,,EoN(2014-01-14) Electricity Aq 1yr
542,Nightsaver,29,11,7,72,11.44,6.11,0,,,EoN(2014-01-14) Electricity Aq 1yr
542,Nightsaver,29,11,6,72,11.3,6.19,0,,,EoN(2014-01-14) Electricity Aq 1yr
542,Nightsaver,29,11,5,72,11.12,6.22,0,,,EoN(2014-01-14) Electricity Aq 1yr
542,Nightsaver,29,11,8,72,11.5,6.04,0,,,EoN(2014-01-14) Electricity Aq 1yr
542,Nightsaver,27,11,7,72,11.44,6.11,0,,,EoN(2014-01-14) Electricity Aq 1yr
542,Nightsaver,27,11,6,72,11.3,6.19,0,,,EoN(2014-01-14) Electricity Aq 1yr
542,Nightsaver,27,11,5,72,11.12,6.22,0,,,EoN(2014-01-14) Electricity Aq 1yr
542,Nightsaver,27,11,8,72,11.5,6.04,0,,,EoN(2014-01-14) Electricity Aq 1yr
542,Nightsaver,23,11,7,72,11.44,6.11,0,,,EoN(2014-01-14) Electricity Aq 1yr
542,Nightsaver,23,11,6,72,11.3,6.19,0,,,EoN(2014-01-14) Electricity Aq 1yr
542,Nightsaver,23,11,5,72,11.12,6.22,0,,,EoN(2014-01-14) Electricity Aq 1yr
542,Nightsaver,23,11,8,72,11.5,6.04,0,,,EoN(2014-01-14) Electricity Aq 1yr
542,Nightsaver,21,11,7,72,11.44,6.11,0,,,EoN(2014-01-14) Electricity Aq 1yr
542,Nightsaver,21,11,6,72,11.3,6.19,0,,,EoN(2014-01-14) Electricity Aq 1yr
542,Nightsaver,21,11,5,72,11.12,6.22,0,,,EoN(2014-01-14) Electricity Aq 1yr
542,Nightsaver,21,11,8,72,11.5,6.04,0,,,EoN(2014-01-14) Electricity Aq 1yr
106,Nightsaver,2,11,7,72,11.44,6.11,0,,,EoN(2014-01-14) Electricity Aq 1yr
106,Nightsaver,2,11,6,72,11.3,6.19,0,,,EoN(2014-01-14) Electricity Aq 1yr
106,Nightsaver,2,11,5,72,11.12,6.22,0,,,EoN(2014-01-14) Electricity Aq 1yr
106,Nightsaver,2,11,8,72,11.5,6.04,0,,,EoN(2014-01-14) Electricity Aq 1yr
106,Nightsaver,1,11,7,72,11.44,6.11,0,,,EoN(2014-01-14) Electricity Aq 1yr
106,Nightsaver,1,11,6,72,11.3,6.19,0,,,EoN(2014-01-14) Electricity Aq 1yr
106,Nightsaver,1,11,5,72,11.12,6.22,0,,,EoN(2014-01-14) Electricity Aq 1yr
106,Nightsaver,1,11,8,72,11.5,6.04,0,,,EoN(2014-01-14) Electricity Aq 1yr
542,Nightsaver,19,11,7,72,11.44,6.11,0,,,EoN(2014-01-14) Electricity Aq 1yr
542,Nightsaver,19,11,6,72,11.3,6.19,0,,,EoN(2014-01-14) Electricity Aq 1yr
542,Nightsaver,19,11,5,72,11.12,6.22,0,,,EoN(2014-01-14) Electricity Aq 1yr
542,Nightsaver,19,11,8,72,11.5,6.04,0,,,EoN(2014-01-14) Electricity Aq 1yr
542,Nightsaver,17,11,7,72,11.44,6.11,0,,,EoN(2014-01-14) Electricity Aq 1yr
542,Nightsaver,17,11,6,72,11.3,6.19,0,,,EoN(2014-01-14) Electricity Aq 1yr
542,Nightsaver,17,11,5,72,11.12,6.22,0,,,EoN(2014-01-14) Electricity Aq 1yr
542,Nightsaver,17,11,8,72,11.5,6.04,0,,,EoN(2014-01-14) Electricity Aq 1yr
542,Nightsaver,15,11,7,72,11.44,6.11,0,,,EoN(2014-01-14) Electricity Aq 1yr
542,Nightsaver,15,11,6,72,11.3,6.19,0,,,EoN(2014-01-14) Electricity Aq 1yr
542,Nightsaver,15,11,5,72,11.12,6.22,0,,,EoN(2014-01-14) Electricity Aq 1yr
542,Nightsaver,15,11,8,72,11.5,6.04,0,,,EoN(2014-01-14) Electricity Aq 1yr
542,Nightsaver,14,11,7,72,11.44,6.11,0,,,EoN(2014-01-14) Electricity Aq 1yr
542,Nightsaver,14,11,6,72,11.3,6.19,0,,,EoN(2014-01-14) Electricity Aq 1yr
542,Nightsaver,14,11,5,72,11.12,6.22,0,,,EoN(2014-01-14) Electricity Aq 1yr
542,Nightsaver,14,11,8,72,11.5,6.04,0,,,EoN(2014-01-14) Electricity Aq 1yr
542,Nightsaver,103,11,7,72,11.44,6.11,0,,,EoN(2014-01-14) Electricity Aq 1yr
542,Nightsaver,103,11,6,72,11.3,6.19,0,,,EoN(2014-01-14) Electricity Aq 1yr
542,Nightsaver,103,11,5,72,11.12,6.22,0,,,EoN(2014-01-14) Electricity Aq 1yr
542,Nightsaver,103,11,8,72,11.5,6.04,0,,,EoN(2014-01-14) Electricity Aq 1yr
542,Nightsaver,12,11,7,72,11.44,6.11,0,,,EoN(2014-01-14) Electricity Aq 1yr
542,Nightsaver,12,11,6,72,11.3,6.19,0,,,EoN(2014-01-14) Electricity Aq 1yr
542,Nightsaver,12,11,5,72,11.12,6.22,0,,,EoN(2014-01-14) Electricity Aq 1yr
542,Nightsaver,12,11,8,72,11.5,6.04,0,,,EoN(2014-01-14) Electricity Aq 1yr
146,Nightsaver,2,11,7,72,11.44,6.11,0,,,EoN(2014-01-14) Electricity Aq 1yr
146,Nightsaver,2,11,6,72,11.3,6.19,0,,,EoN(2014-01-14) Electricity Aq 1yr
146,Nightsaver,2,11,5,72,11.12,6.22,0,,,EoN(2014-01-14) Electricity Aq 1yr
146,Nightsaver,2,11,8,72,11.5,6.04,0,,,EoN(2014-01-14) Electricity Aq 1yr
542,Nightsaver,1,11,7,72,11.44,6.11,0,,,EoN(2014-01-14) Electricity Aq 1yr
542,Nightsaver,1,11,6,72,11.3,6.19,0,,,EoN(2014-01-14) Electricity Aq 1yr
542,Nightsaver,1,11,5,72,11.12,6.22,0,,,EoN(2014-01-14) Electricity Aq 1yr
542,Nightsaver,1,11,8,72,11.5,6.04,0,,,EoN(2014-01-14) Electricity Aq 1yr
608,Nightsaver,3,11,7,72,11.44,6.11,0,,,EoN(2014-01-14) Electricity Aq 1yr
608,Nightsaver,3,11,6,72,11.3,6.19,0,,,EoN(2014-01-14) Electricity Aq 1yr
608,Nightsaver,3,11,5,72,11.12,6.22,0,,,EoN(2014-01-14) Electricity Aq 1yr
608,Nightsaver,3,11,8,72,11.5,6.04,0,,,EoN(2014-01-14) Electricity Aq 1yr
613,Nightsaver,7,11,7,72,11.44,6.11,0,,,EoN(2014-01-14) Electricity Aq 1yr
613,Nightsaver,7,11,6,72,11.3,6.19,0,,,EoN(2014-01-14) Electricity Aq 1yr
613,Nightsaver,7,11,5,72,11.12,6.22,0,,,EoN(2014-01-14) Electricity Aq 1yr
613,Nightsaver,7,11,8,72,11.5,6.04,0,,,EoN(2014-01-14) Electricity Aq 1yr
613,Nightsaver,3,11,7,72,11.44,6.11,0,,,EoN(2014-01-14) Electricity Aq 1yr
613,Nightsaver,3,11,6,72,11.3,6.19,0,,,EoN(2014-01-14) Electricity Aq 1yr
613,Nightsaver,3,11,5,72,11.12,6.22,0,,,EoN(2014-01-14) Electricity Aq 1yr
613,Nightsaver,3,11,8,72,11.5,6.04,0,,,EoN(2014-01-14) Electricity Aq 1yr
608,Nightsaver,7,11,7,72,11.44,6.11,0,,,EoN(2014-01-14) Electricity Aq 1yr
608,Nightsaver,7,11,6,72,11.3,6.19,0,,,EoN(2014-01-14) Electricity Aq 1yr
608,Nightsaver,7,11,5,72,11.12,6.22,0,,,EoN(2014-01-14) Electricity Aq 1yr
608,Nightsaver,7,11,8,72,11.5,6.04,0,,,EoN(2014-01-14) Electricity Aq 1yr
613,Nightsaver,2,11,7,72,11.44,6.11,0,,,EoN(2014-01-14) Electricity Aq 1yr
613,Nightsaver,2,11,6,72,11.3,6.19,0,,,EoN(2014-01-14) Electricity Aq 1yr
613,Nightsaver,2,11,5,72,11.12,6.22,0,,,EoN(2014-01-14) Electricity Aq 1yr
613,Nightsaver,2,11,8,72,11.5,6.04,0,,,EoN(2014-01-14) Electricity Aq 1yr
548,Nightsaver,119,11,7,72,11.44,6.11,0,,,EoN(2014-01-14) Electricity Aq 1yr
548,Nightsaver,119,11,6,72,11.3,6.19,0,,,EoN(2014-01-14) Electricity Aq 1yr
548,Nightsaver,119,11,5,72,11.12,6.22,0,,,EoN(2014-01-14) Electricity Aq 1yr
548,Nightsaver,119,11,8,72,11.5,6.04,0,,,EoN(2014-01-14) Electricity Aq 1yr
146,Nightsaver,7,11,7,72,11.44,6.11,0,,,EoN(2014-01-14) Electricity Aq 1yr
146,Nightsaver,7,11,6,72,11.3,6.19,0,,,EoN(2014-01-14) Electricity Aq 1yr
146,Nightsaver,7,11,5,72,11.12,6.22,0,,,EoN(2014-01-14) Electricity Aq 1yr
146,Nightsaver,7,11,8,72,11.5,6.04,0,,,EoN(2014-01-14) Electricity Aq 1yr
542,Nightsaver,34,11,7,72,11.44,6.11,0,,,EoN(2014-01-14) Electricity Aq 1yr
542,Nightsaver,34,11,6,72,11.3,6.19,0,,,EoN(2014-01-14) Electricity Aq 1yr
542,Nightsaver,34,11,5,72,11.12,6.22,0,,,EoN(2014-01-14) Electricity Aq 1yr
542,Nightsaver,34,11,8,72,11.5,6.04,0,,,EoN(2014-01-14) Electricity Aq 1yr
110,Nightsaver,7,11,7,72,11.44,6.11,0,,,EoN(2014-01-14) Electricity Aq 1yr
110,Nightsaver,7,11,6,72,11.3,6.19,0,,,EoN(2014-01-14) Electricity Aq 1yr
110,Nightsaver,7,11,5,72,11.12,6.22,0,,,EoN(2014-01-14) Electricity Aq 1yr
110,Nightsaver,7,11,8,72,11.5,6.04,0,,,EoN(2014-01-14) Electricity Aq 1yr
110,Nightsaver,3,11,7,72,11.44,6.11,0,,,EoN(2014-01-14) Electricity Aq 1yr
110,Nightsaver,3,11,6,72,11.3,6.19,0,,,EoN(2014-01-14) Electricity Aq 1yr
110,Nightsaver,3,11,5,72,11.12,6.22,0,,,EoN(2014-01-14) Electricity Aq 1yr
110,Nightsaver,3,11,8,72,11.5,6.04,0,,,EoN(2014-01-14) Electricity Aq 1yr
110,Nightsaver,2,11,7,72,11.44,6.11,0,,,EoN(2014-01-14) Electricity Aq 1yr
110,Nightsaver,2,11,6,72,11.3,6.19,0,,,EoN(2014-01-14) Electricity Aq 1yr
110,Nightsaver,2,11,5,72,11.12,6.22,0,,,EoN(2014-01-14) Electricity Aq 1yr
110,Nightsaver,2,11,8,72,11.5,6.04,0,,,EoN(2014-01-14) Electricity Aq 1yr
542,Nightsaver,37,11,7,72,11.44,6.11,0,,,EoN(2014-01-14) Electricity Aq 1yr
542,Nightsaver,37,11,6,72,11.3,6.19,0,,,EoN(2014-01-14) Electricity Aq 1yr
542,Nightsaver,37,11,5,72,11.12,6.22,0,,,EoN(2014-01-14) Electricity Aq 1yr
542,Nightsaver,37,11,8,72,11.5,6.04,0,,,EoN(2014-01-14) Electricity Aq 1yr
542,Nightsaver,13,11,7,72,11.44,6.11,0,,,EoN(2014-01-14) Electricity Aq 1yr
542,Nightsaver,13,11,6,72,11.3,6.19,0,,,EoN(2014-01-14) Electricity Aq 1yr
542,Nightsaver,13,11,5,72,11.12,6.22,0,,,EoN(2014-01-14) Electricity Aq 1yr
542,Nightsaver,13,11,8,72,11.5,6.04,0,,,EoN(2014-01-14) Electricity Aq 1yr
648,Nightsaver,7,11,7,72,11.44,6.11,0,,,EoN(2014-01-14) Electricity Aq 1yr
648,Nightsaver,7,11,6,72,11.3,6.19,0,,,EoN(2014-01-14) Electricity Aq 1yr
648,Nightsaver,7,11,5,72,11.12,6.22,0,,,EoN(2014-01-14) Electricity Aq 1yr
648,Nightsaver,7,11,8,72,11.5,6.04,0,,,EoN(2014-01-14) Electricity Aq 1yr
653,Nightsaver,7,11,7,72,11.44,6.11,0,,,EoN(2014-01-14) Electricity Aq 1yr
653,Nightsaver,7,11,6,72,11.3,6.19,0,,,EoN(2014-01-14) Electricity Aq 1yr
653,Nightsaver,7,11,5,72,11.12,6.22,0,,,EoN(2014-01-14) Electricity Aq 1yr
653,Nightsaver,7,11,8,72,11.5,6.04,0,,,EoN(2014-01-14) Electricity Aq 1yr
653,Nightsaver,3,11,7,72,11.44,6.11,0,,,EoN(2014-01-14) Electricity Aq 1yr
653,Nightsaver,3,11,6,72,11.3,6.19,0,,,EoN(2014-01-14) Electricity Aq 1yr
653,Nightsaver,3,11,5,72,11.12,6.22,0,,,EoN(2014-01-14) Electricity Aq 1yr
653,Nightsaver,3,11,8,72,11.5,6.04,0,,,EoN(2014-01-14) Electricity Aq 1yr
648,Nightsaver,3,11,7,72,11.44,6.11,0,,,EoN(2014-01-14) Electricity Aq 1yr
648,Nightsaver,3,11,6,72,11.3,6.19,0,,,EoN(2014-01-14) Electricity Aq 1yr
648,Nightsaver,3,11,5,72,11.12,6.22,0,,,EoN(2014-01-14) Electricity Aq 1yr
648,Nightsaver,3,11,8,72,11.5,6.04,0,,,EoN(2014-01-14) Electricity Aq 1yr
648,Nightsaver,2,11,7,72,11.44,6.11,0,,,EoN(2014-01-14) Electricity Aq 1yr
648,Nightsaver,2,11,6,72,11.3,6.19,0,,,EoN(2014-01-14) Electricity Aq 1yr
648,Nightsaver,2,11,5,72,11.12,6.22,0,,,EoN(2014-01-14) Electricity Aq 1yr
648,Nightsaver,2,11,8,72,11.5,6.04,0,,,EoN(2014-01-14) Electricity Aq 1yr
653,Nightsaver,2,11,7,72,11.44,6.11,0,,,EoN(2014-01-14) Electricity Aq 1yr
653,Nightsaver,2,11,6,72,11.3,6.19,0,,,EoN(2014-01-14) Electricity Aq 1yr
653,Nightsaver,2,11,5,72,11.12,6.22,0,,,EoN(2014-01-14) Electricity Aq 1yr
653,Nightsaver,2,11,8,72,11.5,6.04,0,,,EoN(2014-01-14) Electricity Aq 1yr
150,Nightsaver,3,11,7,72,11.44,6.11,0,,,EoN(2014-01-14) Electricity Aq 1yr
150,Nightsaver,3,11,6,72,11.3,6.19,0,,,EoN(2014-01-14) Electricity Aq 1yr
150,Nightsaver,3,11,5,72,11.12,6.22,0,,,EoN(2014-01-14) Electricity Aq 1yr
150,Nightsaver,3,11,8,72,11.5,6.04,0,,,EoN(2014-01-14) Electricity Aq 1yr
150,Nightsaver,7,11,7,72,11.44,6.11,0,,,EoN(2014-01-14) Electricity Aq 1yr
150,Nightsaver,7,11,6,72,11.3,6.19,0,,,EoN(2014-01-14) Electricity Aq 1yr
150,Nightsaver,7,11,5,72,11.12,6.22,0,,,EoN(2014-01-14) Electricity Aq 1yr
150,Nightsaver,7,11,8,72,11.5,6.04,0,,,EoN(2014-01-14) Electricity Aq 1yr
150,Nightsaver,2,11,7,72,11.44,6.11,0,,,EoN(2014-01-14) Electricity Aq 1yr
150,Nightsaver,2,11,6,72,11.3,6.19,0,,,EoN(2014-01-14) Electricity Aq 1yr
150,Nightsaver,2,11,5,72,11.12,6.22,0,,,EoN(2014-01-14) Electricity Aq 1yr
150,Nightsaver,2,11,8,72,11.5,6.04,0,,,EoN(2014-01-14) Electricity Aq 1yr
831,Nightsaver,16,11,7,72,11.44,6.11,0,,,EoN(2014-01-14) Electricity Aq 1yr
831,Nightsaver,16,11,6,72,11.3,6.19,0,,,EoN(2014-01-14) Electricity Aq 1yr
831,Nightsaver,16,11,5,72,11.12,6.22,0,,,EoN(2014-01-14) Electricity Aq 1yr
831,Nightsaver,16,11,8,72,11.5,6.04,0,,,EoN(2014-01-14) Electricity Aq 1yr
831,Nightsaver,40,11,7,72,11.44,6.11,0,,,EoN(2014-01-14) Electricity Aq 1yr
831,Nightsaver,40,11,6,72,11.3,6.19,0,,,EoN(2014-01-14) Electricity Aq 1yr
831,Nightsaver,40,11,5,72,11.12,6.22,0,,,EoN(2014-01-14) Electricity Aq 1yr
831,Nightsaver,40,11,8,72,11.5,6.04,0,,,EoN(2014-01-14) Electricity Aq 1yr
830,Nightsaver,1,11,7,72,11.44,6.11,0,,,EoN(2014-01-14) Electricity Aq 1yr
830,Nightsaver,1,11,6,72,11.3,6.19,0,,,EoN(2014-01-14) Electricity Aq 1yr
830,Nightsaver,1,11,5,72,11.12,6.22,0,,,EoN(2014-01-14) Electricity Aq 1yr
830,Nightsaver,1,11,8,72,11.5,6.04,0,,,EoN(2014-01-14) Electricity Aq 1yr
831,Nightsaver,152,11,7,72,11.44,6.11,0,,,EoN(2014-01-14) Electricity Aq 1yr
831,Nightsaver,152,11,6,72,11.3,6.19,0,,,EoN(2014-01-14) Electricity Aq 1yr
831,Nightsaver,152,11,5,72,11.12,6.22,0,,,EoN(2014-01-14) Electricity Aq 1yr
831,Nightsaver,152,11,8,72,11.5,6.04,0,,,EoN(2014-01-14) Electricity Aq 1yr
831,Nightsaver,119,11,7,72,11.44,6.11,0,,,EoN(2014-01-14) Electricity Aq 1yr
831,Nightsaver,119,11,6,72,11.3,6.19,0,,,EoN(2014-01-14) Electricity Aq 1yr
831,Nightsaver,119,11,5,72,11.12,6.22,0,,,EoN(2014-01-14) Electricity Aq 1yr
831,Nightsaver,119,11,8,72,11.5,6.04,0,,,EoN(2014-01-14) Electricity Aq 1yr
831,Nightsaver,116,11,7,72,11.44,6.11,0,,,EoN(2014-01-14) Electricity Aq 1yr
831,Nightsaver,116,11,6,72,11.3,6.19,0,,,EoN(2014-01-14) Electricity Aq 1yr
831,Nightsaver,116,11,5,72,11.12,6.22,0,,,EoN(2014-01-14) Electricity Aq 1yr
831,Nightsaver,116,11,8,72,11.5,6.04,0,,,EoN(2014-01-14) Electricity Aq 1yr
831,Nightsaver,113,11,7,72,11.44,6.11,0,,,EoN(2014-01-14) Electricity Aq 1yr
831,Nightsaver,113,11,6,72,11.3,6.19,0,,,EoN(2014-01-14) Electricity Aq 1yr
831,Nightsaver,113,11,5,72,11.12,6.22,0,,,EoN(2014-01-14) Electricity Aq 1yr
831,Nightsaver,113,11,8,72,11.5,6.04,0,,,EoN(2014-01-14) Electricity Aq 1yr
831,Nightsaver,103,11,7,72,11.44,6.11,0,,,EoN(2014-01-14) Electricity Aq 1yr
831,Nightsaver,103,11,6,72,11.3,6.19,0,,,EoN(2014-01-14) Electricity Aq 1yr
831,Nightsaver,103,11,5,72,11.12,6.22,0,,,EoN(2014-01-14) Electricity Aq 1yr
831,Nightsaver,103,11,8,72,11.5,6.04,0,,,EoN(2014-01-14) Electricity Aq 1yr
831,Nightsaver,3,11,7,72,11.44,6.11,0,,,EoN(2014-01-14) Electricity Aq 1yr
831,Nightsaver,3,11,6,72,11.3,6.19,0,,,EoN(2014-01-14) Electricity Aq 1yr
831,Nightsaver,3,11,5,72,11.12,6.22,0,,,EoN(2014-01-14) Electricity Aq 1yr
831,Nightsaver,3,11,8,72,11.5,6.04,0,,,EoN(2014-01-14) Electricity Aq 1yr
831,Nightsaver,52,11,7,72,11.44,6.11,0,,,EoN(2014-01-14) Electricity Aq 1yr
831,Nightsaver,52,11,6,72,11.3,6.19,0,,,EoN(2014-01-14) Electricity Aq 1yr
831,Nightsaver,52,11,5,72,11.12,6.22,0,,,EoN(2014-01-14) Electricity Aq 1yr
831,Nightsaver,52,11,8,72,11.5,6.04,0,,,EoN(2014-01-14) Electricity Aq 1yr
831,Nightsaver,1,11,7,72,11.44,6.11,0,,,EoN(2014-01-14) Electricity Aq 1yr
831,Nightsaver,1,11,6,72,11.3,6.19,0,,,EoN(2014-01-14) Electricity Aq 1yr
831,Nightsaver,1,11,5,72,11.12,6.22,0,,,EoN(2014-01-14) Electricity Aq 1yr
831,Nightsaver,1,11,8,72,11.5,6.04,0,,,EoN(2014-01-14) Electricity Aq 1yr
831,Nightsaver,37,11,7,72,11.44,6.11,0,,,EoN(2014-01-14) Electricity Aq 1yr
831,Nightsaver,37,11,6,72,11.3,6.19,0,,,EoN(2014-01-14) Electricity Aq 1yr
831,Nightsaver,37,11,5,72,11.12,6.22,0,,,EoN(2014-01-14) Electricity Aq 1yr
831,Nightsaver,37,11,8,72,11.5,6.04,0,,,EoN(2014-01-14) Electricity Aq 1yr
831,Nightsaver,37,11,7,72,11.44,6.11,0,,,EoN(2014-01-14) Electricity Aq 1yr
831,Nightsaver,37,11,6,72,11.3,6.19,0,,,EoN(2014-01-14) Electricity Aq 1yr
831,Nightsaver,37,11,5,72,11.12,6.22,0,,,EoN(2014-01-14) Electricity Aq 1yr
831,Nightsaver,37,11,8,72,11.5,6.04,0,,,EoN(2014-01-14) Electricity Aq 1yr
831,Nightsaver,19,11,7,72,11.44,6.11,0,,,EoN(2014-01-14) Electricity Aq 1yr
831,Nightsaver,19,11,6,72,11.3,6.19,0,,,EoN(2014-01-14) Electricity Aq 1yr
831,Nightsaver,19,11,5,72,11.12,6.22,0,,,EoN(2014-01-14) Electricity Aq 1yr
831,Nightsaver,19,11,8,72,11.5,6.04,0,,,EoN(2014-01-14) Electricity Aq 1yr
831,Nightsaver,140,11,7,72,11.44,6.11,0,,,EoN(2014-01-14) Electricity Aq 1yr
831,Nightsaver,140,11,6,72,11.3,6.19,0,,,EoN(2014-01-14) Electricity Aq 1yr
831,Nightsaver,140,11,5,72,11.12,6.22,0,,,EoN(2014-01-14) Electricity Aq 1yr
831,Nightsaver,140,11,8,72,11.5,6.04,0,,,EoN(2014-01-14) Electricity Aq 1yr
831,Nightsaver,13,11,7,72,11.44,6.11,0,,,EoN(2014-01-14) Electricity Aq 1yr
831,Nightsaver,13,11,6,72,11.3,6.19,0,,,EoN(2014-01-14) Electricity Aq 1yr
831,Nightsaver,13,11,5,72,11.12,6.22,0,,,EoN(2014-01-14) Electricity Aq 1yr
831,Nightsaver,13,11,8,72,11.5,6.04,0,,,EoN(2014-01-14) Electricity Aq 1yr
831,Nightsaver,137,11,7,72,11.44,6.11,0,,,EoN(2014-01-14) Electricity Aq 1yr
831,Nightsaver,137,11,6,72,11.3,6.19,0,,,EoN(2014-01-14) Electricity Aq 1yr
831,Nightsaver,137,11,5,72,11.12,6.22,0,,,EoN(2014-01-14) Electricity Aq 1yr
831,Nightsaver,137,11,8,72,11.5,6.04,0,,,EoN(2014-01-14) Electricity Aq 1yr
831,Nightsaver,101,11,7,72,11.44,6.11,0,,,EoN(2014-01-14) Electricity Aq 1yr
831,Nightsaver,101,11,6,72,11.3,6.19,0,,,EoN(2014-01-14) Electricity Aq 1yr
831,Nightsaver,101,11,5,72,11.12,6.22,0,,,EoN(2014-01-14) Electricity Aq 1yr
831,Nightsaver,101,11,8,72,11.5,6.04,0,,,EoN(2014-01-14) Electricity Aq 1yr
830,Nightsaver,52,11,7,72,11.44,6.11,0,,,EoN(2014-01-14) Electricity Aq 1yr
830,Nightsaver,52,11,6,72,11.3,6.19,0,,,EoN(2014-01-14) Electricity Aq 1yr
830,Nightsaver,52,11,5,72,11.12,6.22,0,,,EoN(2014-01-14) Electricity Aq 1yr
830,Nightsaver,52,11,8,72,11.5,6.04,0,,,EoN(2014-01-14) Electricity Aq 1yr
830,Nightsaver,3,11,7,72,11.44,6.11,0,,,EoN(2014-01-14) Electricity Aq 1yr
830,Nightsaver,3,11,6,72,11.3,6.19,0,,,EoN(2014-01-14) Electricity Aq 1yr
830,Nightsaver,3,11,5,72,11.12,6.22,0,,,EoN(2014-01-14) Electricity Aq 1yr
830,Nightsaver,3,11,8,72,11.5,6.04,0,,,EoN(2014-01-14) Electricity Aq 1yr
830,Nightsaver,16,11,7,72,11.44,6.11,0,,,EoN(2014-01-14) Electricity Aq 1yr
830,Nightsaver,16,11,6,72,11.3,6.19,0,,,EoN(2014-01-14) Electricity Aq 1yr
830,Nightsaver,16,11,5,72,11.12,6.22,0,,,EoN(2014-01-14) Electricity Aq 1yr
830,Nightsaver,16,11,8,72,11.5,6.04,0,,,EoN(2014-01-14) Electricity Aq 1yr
830,Nightsaver,19,11,7,72,11.44,6.11,0,,,EoN(2014-01-14) Electricity Aq 1yr
830,Nightsaver,19,11,6,72,11.3,6.19,0,,,EoN(2014-01-14) Electricity Aq 1yr
830,Nightsaver,19,11,5,72,11.12,6.22,0,,,EoN(2014-01-14) Electricity Aq 1yr
830,Nightsaver,19,11,8,72,11.5,6.04,0,,,EoN(2014-01-14) Electricity Aq 1yr
830,Nightsaver,37,11,7,72,11.44,6.11,0,,,EoN(2014-01-14) Electricity Aq 1yr
830,Nightsaver,37,11,6,72,11.3,6.19,0,,,EoN(2014-01-14) Electricity Aq 1yr
830,Nightsaver,37,11,5,72,11.12,6.22,0,,,EoN(2014-01-14) Electricity Aq 1yr
830,Nightsaver,37,11,8,72,11.5,6.04,0,,,EoN(2014-01-14) Electricity Aq 1yr
830,Nightsaver,13,11,7,72,11.44,6.11,0,,,EoN(2014-01-14) Electricity Aq 1yr
830,Nightsaver,13,11,6,72,11.3,6.19,0,,,EoN(2014-01-14) Electricity Aq 1yr
830,Nightsaver,13,11,5,72,11.12,6.22,0,,,EoN(2014-01-14) Electricity Aq 1yr
830,Nightsaver,13,11,8,72,11.5,6.04,0,,,EoN(2014-01-14) Electricity Aq 1yr
830,Nightsaver,40,11,7,72,11.44,6.11,0,,,EoN(2014-01-14) Electricity Aq 1yr
830,Nightsaver,40,11,6,72,11.3,6.19,0,,,EoN(2014-01-14) Electricity Aq 1yr
830,Nightsaver,40,11,5,72,11.12,6.22,0,,,EoN(2014-01-14) Electricity Aq 1yr
830,Nightsaver,40,11,8,72,11.5,6.04,0,,,EoN(2014-01-14) Electricity Aq 1yr
830,Nightsaver,101,11,7,72,11.44,6.11,0,,,EoN(2014-01-14) Electricity Aq 1yr
830,Nightsaver,101,11,6,72,11.3,6.19,0,,,EoN(2014-01-14) Electricity Aq 1yr
830,Nightsaver,101,11,5,72,11.12,6.22,0,,,EoN(2014-01-14) Electricity Aq 1yr
830,Nightsaver,101,11,8,72,11.5,6.04,0,,,EoN(2014-01-14) Electricity Aq 1yr
830,Nightsaver,103,11,7,72,11.44,6.11,0,,,EoN(2014-01-14) Electricity Aq 1yr
830,Nightsaver,103,11,6,72,11.3,6.19,0,,,EoN(2014-01-14) Electricity Aq 1yr
830,Nightsaver,103,11,5,72,11.12,6.22,0,,,EoN(2014-01-14) Electricity Aq 1yr
830,Nightsaver,103,11,8,72,11.5,6.04,0,,,EoN(2014-01-14) Electricity Aq 1yr
830,Nightsaver,113,11,7,72,11.44,6.11,0,,,EoN(2014-01-14) Electricity Aq 1yr
830,Nightsaver,113,11,6,72,11.3,6.19,0,,,EoN(2014-01-14) Electricity Aq 1yr
830,Nightsaver,113,11,5,72,11.12,6.22,0,,,EoN(2014-01-14) Electricity Aq 1yr
830,Nightsaver,113,11,8,72,11.5,6.04,0,,,EoN(2014-01-14) Electricity Aq 1yr
830,Nightsaver,116,11,7,72,11.44,6.11,0,,,EoN(2014-01-14) Electricity Aq 1yr
830,Nightsaver,116,11,6,72,11.3,6.19,0,,,EoN(2014-01-14) Electricity Aq 1yr
830,Nightsaver,116,11,5,72,11.12,6.22,0,,,EoN(2014-01-14) Electricity Aq 1yr
830,Nightsaver,116,11,8,72,11.5,6.04,0,,,EoN(2014-01-14) Electricity Aq 1yr
830,Nightsaver,119,11,7,72,11.44,6.11,0,,,EoN(2014-01-14) Electricity Aq 1yr
830,Nightsaver,119,11,6,72,11.3,6.19,0,,,EoN(2014-01-14) Electricity Aq 1yr
830,Nightsaver,119,11,5,72,11.12,6.22,0,,,EoN(2014-01-14) Electricity Aq 1yr
830,Nightsaver,119,11,8,72,11.5,6.04,0,,,EoN(2014-01-14) Electricity Aq 1yr
830,Nightsaver,137,11,7,72,11.44,6.11,0,,,EoN(2014-01-14) Electricity Aq 1yr
830,Nightsaver,137,11,6,72,11.3,6.19,0,,,EoN(2014-01-14) Electricity Aq 1yr
830,Nightsaver,137,11,5,72,11.12,6.22,0,,,EoN(2014-01-14) Electricity Aq 1yr
830,Nightsaver,137,11,8,72,11.5,6.04,0,,,EoN(2014-01-14) Electricity Aq 1yr
830,Nightsaver,140,11,7,72,11.44,6.11,0,,,EoN(2014-01-14) Electricity Aq 1yr
830,Nightsaver,140,11,6,72,11.3,6.19,0,,,EoN(2014-01-14) Electricity Aq 1yr
830,Nightsaver,140,11,5,72,11.12,6.22,0,,,EoN(2014-01-14) Electricity Aq 1yr
830,Nightsaver,140,11,8,72,11.5,6.04,0,,,EoN(2014-01-14) Electricity Aq 1yr
830,Nightsaver,152,11,7,72,11.44,6.11,0,,,EoN(2014-01-14) Electricity Aq 1yr
830,Nightsaver,152,11,6,72,11.3,6.19,0,,,EoN(2014-01-14) Electricity Aq 1yr
830,Nightsaver,152,11,5,72,11.12,6.22,0,,,EoN(2014-01-14) Electricity Aq 1yr
830,Nightsaver,152,11,8,72,11.5,6.04,0,,,EoN(2014-01-14) Electricity Aq 1yr
830,Nightsaver,37,11,7,72,11.44,6.11,0,,,EoN(2014-01-14) Electricity Aq 1yr
830,Nightsaver,37,11,6,72,11.3,6.19,0,,,EoN(2014-01-14) Electricity Aq 1yr
830,Nightsaver,37,11,5,72,11.12,6.22,0,,,EoN(2014-01-14) Electricity Aq 1yr
830,Nightsaver,37,11,8,72,11.5,6.04,0,,,EoN(2014-01-14) Electricity Aq 1yr
548,Nightsaver,14,11,7,72,11.44,6.11,0,,,EoN(2014-01-14) Electricity Aq 1yr
548,Nightsaver,14,11,6,72,11.3,6.19,0,,,EoN(2014-01-14) Electricity Aq 1yr
548,Nightsaver,14,11,5,72,11.12,6.22,0,,,EoN(2014-01-14) Electricity Aq 1yr
548,Nightsaver,14,11,8,72,11.5,6.04,0,,,EoN(2014-01-14) Electricity Aq 1yr
548,Nightsaver,13,11,7,72,11.44,6.11,0,,,EoN(2014-01-14) Electricity Aq 1yr
548,Nightsaver,13,11,6,72,11.3,6.19,0,,,EoN(2014-01-14) Electricity Aq 1yr
548,Nightsaver,13,11,5,72,11.12,6.22,0,,,EoN(2014-01-14) Electricity Aq 1yr
548,Nightsaver,13,11,8,72,11.5,6.04,0,,,EoN(2014-01-14) Electricity Aq 1yr
548,Nightsaver,12,11,7,72,11.44,6.11,0,,,EoN(2014-01-14) Electricity Aq 1yr
548,Nightsaver,12,11,6,72,11.3,6.19,0,,,EoN(2014-01-14) Electricity Aq 1yr
548,Nightsaver,12,11,5,72,11.12,6.22,0,,,EoN(2014-01-14) Electricity Aq 1yr
548,Nightsaver,12,11,8,72,11.5,6.04,0,,,EoN(2014-01-14) Electricity Aq 1yr
548,Nightsaver,3,11,7,72,11.44,6.11,0,,,EoN(2014-01-14) Electricity Aq 1yr
548,Nightsaver,3,11,6,72,11.3,6.19,0,,,EoN(2014-01-14) Electricity Aq 1yr
548,Nightsaver,3,11,5,72,11.12,6.22,0,,,EoN(2014-01-14) Electricity Aq 1yr
548,Nightsaver,3,11,8,72,11.5,6.04,0,,,EoN(2014-01-14) Electricity Aq 1yr
548,Nightsaver,1,11,7,72,11.44,6.11,0,,,EoN(2014-01-14) Electricity Aq 1yr
548,Nightsaver,1,11,6,72,11.3,6.19,0,,,EoN(2014-01-14) Electricity Aq 1yr
548,Nightsaver,1,11,5,72,11.12,6.22,0,,,EoN(2014-01-14) Electricity Aq 1yr
548,Nightsaver,1,11,8,72,11.5,6.04,0,,,EoN(2014-01-14) Electricity Aq 1yr
542,Nightsaver,13,11,7,72,11.44,6.11,0,,,EoN(2014-01-14) Electricity Aq 1yr
542,Nightsaver,13,11,6,72,11.3,6.19,0,,,EoN(2014-01-14) Electricity Aq 1yr
542,Nightsaver,13,11,5,72,11.12,6.22,0,,,EoN(2014-01-14) Electricity Aq 1yr
542,Nightsaver,13,11,8,72,11.5,6.04,0,,,EoN(2014-01-14) Electricity Aq 1yr
542,Nightsaver,14,11,7,72,11.44,6.11,0,,,EoN(2014-01-14) Electricity Aq 1yr
542,Nightsaver,14,11,6,72,11.3,6.19,0,,,EoN(2014-01-14) Electricity Aq 1yr
542,Nightsaver,14,11,5,72,11.12,6.22,0,,,EoN(2014-01-14) Electricity Aq 1yr
542,Nightsaver,14,11,8,72,11.5,6.04,0,,,EoN(2014-01-14) Electricity Aq 1yr
542,Nightsaver,103,11,7,72,11.44,6.11,0,,,EoN(2014-01-14) Electricity Aq 1yr
542,Nightsaver,103,11,6,72,11.3,6.19,0,,,EoN(2014-01-14) Electricity Aq 1yr
542,Nightsaver,103,11,5,72,11.12,6.22,0,,,EoN(2014-01-14) Electricity Aq 1yr
542,Nightsaver,103,11,8,72,11.5,6.04,0,,,EoN(2014-01-14) Electricity Aq 1yr
548,Nightsaver,15,11,7,72,11.44,6.11,0,,,EoN(2014-01-14) Electricity Aq 1yr
548,Nightsaver,15,11,6,72,11.3,6.19,0,,,EoN(2014-01-14) Electricity Aq 1yr
548,Nightsaver,15,11,5,72,11.12,6.22,0,,,EoN(2014-01-14) Electricity Aq 1yr
548,Nightsaver,15,11,8,72,11.5,6.04,0,,,EoN(2014-01-14) Electricity Aq 1yr
542,Nightsaver,40,11,7,72,11.44,6.11,0,,,EoN(2014-01-14) Electricity Aq 1yr
542,Nightsaver,40,11,6,72,11.3,6.19,0,,,EoN(2014-01-14) Electricity Aq 1yr
542,Nightsaver,40,11,5,72,11.12,6.22,0,,,EoN(2014-01-14) Electricity Aq 1yr
542,Nightsaver,40,11,8,72,11.5,6.04,0,,,EoN(2014-01-14) Electricity Aq 1yr
608,Nightsaver,7,11,7,72,11.44,6.11,0,,,EoN(2014-01-14) Electricity Aq 1yr
608,Nightsaver,7,11,6,72,11.3,6.19,0,,,EoN(2014-01-14) Electricity Aq 1yr
608,Nightsaver,7,11,5,72,11.12,6.22,0,,,EoN(2014-01-14) Electricity Aq 1yr
608,Nightsaver,7,11,8,72,11.5,6.04,0,,,EoN(2014-01-14) Electricity Aq 1yr
542,Nightsaver,37,11,7,72,11.44,6.11,0,,,EoN(2014-01-14) Electricity Aq 1yr
542,Nightsaver,37,11,6,72,11.3,6.19,0,,,EoN(2014-01-14) Electricity Aq 1yr
542,Nightsaver,37,11,5,72,11.12,6.22,0,,,EoN(2014-01-14) Electricity Aq 1yr
542,Nightsaver,37,11,8,72,11.5,6.04,0,,,EoN(2014-01-14) Electricity Aq 1yr
542,Nightsaver,34,11,7,72,11.44,6.11,0,,,EoN(2014-01-14) Electricity Aq 1yr
542,Nightsaver,34,11,6,72,11.3,6.19,0,,,EoN(2014-01-14) Electricity Aq 1yr
542,Nightsaver,34,11,5,72,11.12,6.22,0,,,EoN(2014-01-14) Electricity Aq 1yr
542,Nightsaver,34,11,8,72,11.5,6.04,0,,,EoN(2014-01-14) Electricity Aq 1yr
542,Nightsaver,29,11,7,72,11.44,6.11,0,,,EoN(2014-01-14) Electricity Aq 1yr
542,Nightsaver,29,11,6,72,11.3,6.19,0,,,EoN(2014-01-14) Electricity Aq 1yr
542,Nightsaver,29,11,5,72,11.12,6.22,0,,,EoN(2014-01-14) Electricity Aq 1yr
542,Nightsaver,29,11,8,72,11.5,6.04,0,,,EoN(2014-01-14) Electricity Aq 1yr
110,Nightsaver,3,11,7,72,11.44,6.11,0,,,EoN(2014-01-14) Electricity Aq 1yr
110,Nightsaver,3,11,6,72,11.3,6.19,0,,,EoN(2014-01-14) Electricity Aq 1yr
110,Nightsaver,3,11,5,72,11.12,6.22,0,,,EoN(2014-01-14) Electricity Aq 1yr
110,Nightsaver,3,11,8,72,11.5,6.04,0,,,EoN(2014-01-14) Electricity Aq 1yr
542,Nightsaver,27,11,7,72,11.44,6.11,0,,,EoN(2014-01-14) Electricity Aq 1yr
542,Nightsaver,27,11,6,72,11.3,6.19,0,,,EoN(2014-01-14) Electricity Aq 1yr
542,Nightsaver,27,11,5,72,11.12,6.22,0,,,EoN(2014-01-14) Electricity Aq 1yr
542,Nightsaver,27,11,8,72,11.5,6.04,0,,,EoN(2014-01-14) Electricity Aq 1yr
542,Nightsaver,23,11,7,72,11.44,6.11,0,,,EoN(2014-01-14) Electricity Aq 1yr
542,Nightsaver,23,11,6,72,11.3,6.19,0,,,EoN(2014-01-14) Electricity Aq 1yr
542,Nightsaver,23,11,5,72,11.12,6.22,0,,,EoN(2014-01-14) Electricity Aq 1yr
542,Nightsaver,23,11,8,72,11.5,6.04,0,,,EoN(2014-01-14) Electricity Aq 1yr
542,Nightsaver,21,11,7,72,11.44,6.11,0,,,EoN(2014-01-14) Electricity Aq 1yr
542,Nightsaver,21,11,6,72,11.3,6.19,0,,,EoN(2014-01-14) Electricity Aq 1yr
542,Nightsaver,21,11,5,72,11.12,6.22,0,,,EoN(2014-01-14) Electricity Aq 1yr
542,Nightsaver,21,11,8,72,11.5,6.04,0,,,EoN(2014-01-14) Electricity Aq 1yr
106,Nightsaver,1,11,7,72,11.44,6.11,0,,,EoN(2014-01-14) Electricity Aq 1yr
106,Nightsaver,1,11,6,72,11.3,6.19,0,,,EoN(2014-01-14) Electricity Aq 1yr
106,Nightsaver,1,11,5,72,11.12,6.22,0,,,EoN(2014-01-14) Electricity Aq 1yr
106,Nightsaver,1,11,8,72,11.5,6.04,0,,,EoN(2014-01-14) Electricity Aq 1yr
106,Nightsaver,2,11,7,72,11.44,6.11,0,,,EoN(2014-01-14) Electricity Aq 1yr
106,Nightsaver,2,11,6,72,11.3,6.19,0,,,EoN(2014-01-14) Electricity Aq 1yr
106,Nightsaver,2,11,5,72,11.12,6.22,0,,,EoN(2014-01-14) Electricity Aq 1yr
106,Nightsaver,2,11,8,72,11.5,6.04,0,,,EoN(2014-01-14) Electricity Aq 1yr
106,Nightsaver,7,11,7,72,11.44,6.11,0,,,EoN(2014-01-14) Electricity Aq 1yr
106,Nightsaver,7,11,6,72,11.3,6.19,0,,,EoN(2014-01-14) Electricity Aq 1yr
106,Nightsaver,7,11,5,72,11.12,6.22,0,,,EoN(2014-01-14) Electricity Aq 1yr
106,Nightsaver,7,11,8,72,11.5,6.04,0,,,EoN(2014-01-14) Electricity Aq 1yr
542,Nightsaver,19,11,7,72,11.44,6.11,0,,,EoN(2014-01-14) Electricity Aq 1yr
542,Nightsaver,19,11,6,72,11.3,6.19,0,,,EoN(2014-01-14) Electricity Aq 1yr
542,Nightsaver,19,11,5,72,11.12,6.22,0,,,EoN(2014-01-14) Electricity Aq 1yr
542,Nightsaver,19,11,8,72,11.5,6.04,0,,,EoN(2014-01-14) Electricity Aq 1yr
542,Nightsaver,101,11,7,72,11.44,6.11,0,,,EoN(2014-01-14) Electricity Aq 1yr
542,Nightsaver,101,11,6,72,11.3,6.19,0,,,EoN(2014-01-14) Electricity Aq 1yr
542,Nightsaver,101,11,5,72,11.12,6.22,0,,,EoN(2014-01-14) Electricity Aq 1yr
542,Nightsaver,101,11,8,72,11.5,6.04,0,,,EoN(2014-01-14) Electricity Aq 1yr
548,Nightsaver,40,11,7,72,11.44,6.11,0,,,EoN(2014-01-14) Electricity Aq 1yr
548,Nightsaver,40,11,6,72,11.3,6.19,0,,,EoN(2014-01-14) Electricity Aq 1yr
548,Nightsaver,40,11,5,72,11.12,6.22,0,,,EoN(2014-01-14) Electricity Aq 1yr
548,Nightsaver,40,11,8,72,11.5,6.04,0,,,EoN(2014-01-14) Electricity Aq 1yr
548,Nightsaver,134,11,7,72,11.44,6.11,0,,,EoN(2014-01-14) Electricity Aq 1yr
548,Nightsaver,134,11,6,72,11.3,6.19,0,,,EoN(2014-01-14) Electricity Aq 1yr
548,Nightsaver,134,11,5,72,11.12,6.22,0,,,EoN(2014-01-14) Electricity Aq 1yr
548,Nightsaver,134,11,8,72,11.5,6.04,0,,,EoN(2014-01-14) Electricity Aq 1yr
548,Nightsaver,119,11,7,72,11.44,6.11,0,,,EoN(2014-01-14) Electricity Aq 1yr
548,Nightsaver,119,11,6,72,11.3,6.19,0,,,EoN(2014-01-14) Electricity Aq 1yr
548,Nightsaver,119,11,5,72,11.12,6.22,0,,,EoN(2014-01-14) Electricity Aq 1yr
548,Nightsaver,119,11,8,72,11.5,6.04,0,,,EoN(2014-01-14) Electricity Aq 1yr
548,Nightsaver,113,11,7,72,11.44,6.11,0,,,EoN(2014-01-14) Electricity Aq 1yr
548,Nightsaver,113,11,6,72,11.3,6.19,0,,,EoN(2014-01-14) Electricity Aq 1yr
548,Nightsaver,113,11,5,72,11.12,6.22,0,,,EoN(2014-01-14) Electricity Aq 1yr
548,Nightsaver,113,11,8,72,11.5,6.04,0,,,EoN(2014-01-14) Electricity Aq 1yr
548,Nightsaver,103,11,7,72,11.44,6.11,0,,,EoN(2014-01-14) Electricity Aq 1yr
548,Nightsaver,103,11,6,72,11.3,6.19,0,,,EoN(2014-01-14) Electricity Aq 1yr
548,Nightsaver,103,11,5,72,11.12,6.22,0,,,EoN(2014-01-14) Electricity Aq 1yr
548,Nightsaver,103,11,8,72,11.5,6.04,0,,,EoN(2014-01-14) Electricity Aq 1yr
542,Nightsaver,140,11,7,72,11.44,6.11,0,,,EoN(2014-01-14) Electricity Aq 1yr
542,Nightsaver,140,11,6,72,11.3,6.19,0,,,EoN(2014-01-14) Electricity Aq 1yr
542,Nightsaver,140,11,5,72,11.12,6.22,0,,,EoN(2014-01-14) Electricity Aq 1yr
542,Nightsaver,140,11,8,72,11.5,6.04,0,,,EoN(2014-01-14) Electricity Aq 1yr
542,Nightsaver,134,11,7,72,11.44,6.11,0,,,EoN(2014-01-14) Electricity Aq 1yr
542,Nightsaver,134,11,6,72,11.3,6.19,0,,,EoN(2014-01-14) Electricity Aq 1yr
542,Nightsaver,134,11,5,72,11.12,6.22,0,,,EoN(2014-01-14) Electricity Aq 1yr
542,Nightsaver,134,11,8,72,11.5,6.04,0,,,EoN(2014-01-14) Electricity Aq 1yr
110,Nightsaver,2,11,7,72,11.44,6.11,0,,,EoN(2014-01-14) Electricity Aq 1yr
110,Nightsaver,2,11,6,72,11.3,6.19,0,,,EoN(2014-01-14) Electricity Aq 1yr
110,Nightsaver,2,11,5,72,11.12,6.22,0,,,EoN(2014-01-14) Electricity Aq 1yr
110,Nightsaver,2,11,8,72,11.5,6.04,0,,,EoN(2014-01-14) Electricity Aq 1yr
542,Nightsaver,119,11,7,72,11.44,6.11,0,,,EoN(2014-01-14) Electricity Aq 1yr
542,Nightsaver,119,11,6,72,11.3,6.19,0,,,EoN(2014-01-14) Electricity Aq 1yr
542,Nightsaver,119,11,5,72,11.12,6.22,0,,,EoN(2014-01-14) Electricity Aq 1yr
542,Nightsaver,119,11,8,72,11.5,6.04,0,,,EoN(2014-01-14) Electricity Aq 1yr
542,Nightsaver,113,11,7,72,11.44,6.11,0,,,EoN(2014-01-14) Electricity Aq 1yr
542,Nightsaver,113,11,6,72,11.3,6.19,0,,,EoN(2014-01-14) Electricity Aq 1yr
542,Nightsaver,113,11,5,72,11.12,6.22,0,,,EoN(2014-01-14) Electricity Aq 1yr
542,Nightsaver,113,11,8,72,11.5,6.04,0,,,EoN(2014-01-14) Electricity Aq 1yr
548,Nightsaver,17,11,7,72,11.44,6.11,0,,,EoN(2014-01-14) Electricity Aq 1yr
548,Nightsaver,17,11,6,72,11.3,6.19,0,,,EoN(2014-01-14) Electricity Aq 1yr
548,Nightsaver,17,11,5,72,11.12,6.22,0,,,EoN(2014-01-14) Electricity Aq 1yr
548,Nightsaver,17,11,8,72,11.5,6.04,0,,,EoN(2014-01-14) Electricity Aq 1yr
548,Nightsaver,101,11,7,72,11.44,6.11,0,,,EoN(2014-01-14) Electricity Aq 1yr
548,Nightsaver,101,11,6,72,11.3,6.19,0,,,EoN(2014-01-14) Electricity Aq 1yr
548,Nightsaver,101,11,5,72,11.12,6.22,0,,,EoN(2014-01-14) Electricity Aq 1yr
548,Nightsaver,101,11,8,72,11.5,6.04,0,,,EoN(2014-01-14) Electricity Aq 1yr
548,Nightsaver,21,11,7,72,11.44,6.11,0,,,EoN(2014-01-14) Electricity Aq 1yr
548,Nightsaver,21,11,6,72,11.3,6.19,0,,,EoN(2014-01-14) Electricity Aq 1yr
548,Nightsaver,21,11,5,72,11.12,6.22,0,,,EoN(2014-01-14) Electricity Aq 1yr
548,Nightsaver,21,11,8,72,11.5,6.04,0,,,EoN(2014-01-14) Electricity Aq 1yr
548,Nightsaver,37,11,7,72,11.44,6.11,0,,,EoN(2014-01-14) Electricity Aq 1yr
548,Nightsaver,37,11,6,72,11.3,6.19,0,,,EoN(2014-01-14) Electricity Aq 1yr
548,Nightsaver,37,11,5,72,11.12,6.22,0,,,EoN(2014-01-14) Electricity Aq 1yr
548,Nightsaver,37,11,8,72,11.5,6.04,0,,,EoN(2014-01-14) Electricity Aq 1yr
548,Nightsaver,34,11,7,72,11.44,6.11,0,,,EoN(2014-01-14) Electricity Aq 1yr
548,Nightsaver,34,11,6,72,11.3,6.19,0,,,EoN(2014-01-14) Electricity Aq 1yr
548,Nightsaver,34,11,5,72,11.12,6.22,0,,,EoN(2014-01-14) Electricity Aq 1yr
548,Nightsaver,34,11,8,72,11.5,6.04,0,,,EoN(2014-01-14) Electricity Aq 1yr
548,Nightsaver,29,11,7,72,11.44,6.11,0,,,EoN(2014-01-14) Electricity Aq 1yr
548,Nightsaver,29,11,6,72,11.3,6.19,0,,,EoN(2014-01-14) Electricity Aq 1yr
548,Nightsaver,29,11,5,72,11.12,6.22,0,,,EoN(2014-01-14) Electricity Aq 1yr
548,Nightsaver,29,11,8,72,11.5,6.04,0,,,EoN(2014-01-14) Electricity Aq 1yr
548,Nightsaver,27,11,7,72,11.44,6.11,0,,,EoN(2014-01-14) Electricity Aq 1yr
548,Nightsaver,27,11,6,72,11.3,6.19,0,,,EoN(2014-01-14) Electricity Aq 1yr
548,Nightsaver,27,11,5,72,11.12,6.22,0,,,EoN(2014-01-14) Electricity Aq 1yr
548,Nightsaver,27,11,8,72,11.5,6.04,0,,,EoN(2014-01-14) Electricity Aq 1yr
548,Nightsaver,23,11,7,72,11.44,6.11,0,,,EoN(2014-01-14) Electricity Aq 1yr
548,Nightsaver,23,11,6,72,11.3,6.19,0,,,EoN(2014-01-14) Electricity Aq 1yr
548,Nightsaver,23,11,5,72,11.12,6.22,0,,,EoN(2014-01-14) Electricity Aq 1yr
548,Nightsaver,23,11,8,72,11.5,6.04,0,,,EoN(2014-01-14) Electricity Aq 1yr
548,Nightsaver,140,11,7,72,11.44,6.11,0,,,EoN(2014-01-14) Electricity Aq 1yr
548,Nightsaver,140,11,6,72,11.3,6.19,0,,,EoN(2014-01-14) Electricity Aq 1yr
548,Nightsaver,140,11,5,72,11.12,6.22,0,,,EoN(2014-01-14) Electricity Aq 1yr
548,Nightsaver,140,11,8,72,11.5,6.04,0,,,EoN(2014-01-14) Electricity Aq 1yr
110,Nightsaver,7,11,7,72,11.44,6.11,0,,,EoN(2014-01-14) Electricity Aq 1yr
110,Nightsaver,7,11,6,72,11.3,6.19,0,,,EoN(2014-01-14) Electricity Aq 1yr
110,Nightsaver,7,11,5,72,11.12,6.22,0,,,EoN(2014-01-14) Electricity Aq 1yr
110,Nightsaver,7,11,8,72,11.5,6.04,0,,,EoN(2014-01-14) Electricity Aq 1yr
608,Nightsaver,3,11,7,72,11.44,6.11,0,,,EoN(2014-01-14) Electricity Aq 1yr
608,Nightsaver,3,11,6,72,11.3,6.19,0,,,EoN(2014-01-14) Electricity Aq 1yr
608,Nightsaver,3,11,5,72,11.12,6.22,0,,,EoN(2014-01-14) Electricity Aq 1yr
608,Nightsaver,3,11,8,72,11.5,6.04,0,,,EoN(2014-01-14) Electricity Aq 1yr
542,Nightsaver,17,11,7,72,11.44,6.11,0,,,EoN(2014-01-14) Electricity Aq 1yr
542,Nightsaver,17,11,6,72,11.3,6.19,0,,,EoN(2014-01-14) Electricity Aq 1yr
542,Nightsaver,17,11,5,72,11.12,6.22,0,,,EoN(2014-01-14) Electricity Aq 1yr
542,Nightsaver,17,11,8,72,11.5,6.04,0,,,EoN(2014-01-14) Electricity Aq 1yr
548,Nightsaver,19,11,7,72,11.44,6.11,0,,,EoN(2014-01-14) Electricity Aq 1yr
548,Nightsaver,19,11,6,72,11.3,6.19,0,,,EoN(2014-01-14) Electricity Aq 1yr
548,Nightsaver,19,11,5,72,11.12,6.22,0,,,EoN(2014-01-14) Electricity Aq 1yr
548,Nightsaver,19,11,8,72,11.5,6.04,0,,,EoN(2014-01-14) Electricity Aq 1yr
542,Nightsaver,12,11,7,72,11.44,6.11,0,,,EoN(2014-01-14) Electricity Aq 1yr
542,Nightsaver,12,11,6,72,11.3,6.19,0,,,EoN(2014-01-14) Electricity Aq 1yr
542,Nightsaver,12,11,5,72,11.12,6.22,0,,,EoN(2014-01-14) Electricity Aq 1yr
542,Nightsaver,12,11,8,72,11.5,6.04,0,,,EoN(2014-01-14) Electricity Aq 1yr
150,Nightsaver,3,11,7,72,11.44,6.11,0,,,EoN(2014-01-14) Electricity Aq 1yr
150,Nightsaver,3,11,6,72,11.3,6.19,0,,,EoN(2014-01-14) Electricity Aq 1yr
150,Nightsaver,3,11,5,72,11.12,6.22,0,,,EoN(2014-01-14) Electricity Aq 1yr
150,Nightsaver,3,11,8,72,11.5,6.04,0,,,EoN(2014-01-14) Electricity Aq 1yr
648,Nightsaver,2,11,7,72,11.44,6.11,0,,,EoN(2014-01-14) Electricity Aq 1yr
648,Nightsaver,2,11,6,72,11.3,6.19,0,,,EoN(2014-01-14) Electricity Aq 1yr
648,Nightsaver,2,11,5,72,11.12,6.22,0,,,EoN(2014-01-14) Electricity Aq 1yr
648,Nightsaver,2,11,8,72,11.5,6.04,0,,,EoN(2014-01-14) Electricity Aq 1yr
106,Nightsaver,3,11,7,72,11.44,6.11,0,,,EoN(2014-01-14) Electricity Aq 1yr
106,Nightsaver,3,11,6,72,11.3,6.19,0,,,EoN(2014-01-14) Electricity Aq 1yr
106,Nightsaver,3,11,5,72,11.12,6.22,0,,,EoN(2014-01-14) Electricity Aq 1yr
106,Nightsaver,3,11,8,72,11.5,6.04,0,,,EoN(2014-01-14) Electricity Aq 1yr
150,Nightsaver,7,11,7,72,11.44,6.11,0,,,EoN(2014-01-14) Electricity Aq 1yr
150,Nightsaver,7,11,6,72,11.3,6.19,0,,,EoN(2014-01-14) Electricity Aq 1yr
150,Nightsaver,7,11,5,72,11.12,6.22,0,,,EoN(2014-01-14) Electricity Aq 1yr
150,Nightsaver,7,11,8,72,11.5,6.04,0,,,EoN(2014-01-14) Electricity Aq 1yr
653,Nightsaver,3,11,7,72,11.44,6.11,0,,,EoN(2014-01-14) Electricity Aq 1yr
653,Nightsaver,3,11,6,72,11.3,6.19,0,,,EoN(2014-01-14) Electricity Aq 1yr
653,Nightsaver,3,11,5,72,11.12,6.22,0,,,EoN(2014-01-14) Electricity Aq 1yr
653,Nightsaver,3,11,8,72,11.5,6.04,0,,,EoN(2014-01-14) Electricity Aq 1yr
653,Nightsaver,7,11,7,72,11.44,6.11,0,,,EoN(2014-01-14) Electricity Aq 1yr
653,Nightsaver,7,11,6,72,11.3,6.19,0,,,EoN(2014-01-14) Electricity Aq 1yr
653,Nightsaver,7,11,5,72,11.12,6.22,0,,,EoN(2014-01-14) Electricity Aq 1yr
653,Nightsaver,7,11,8,72,11.5,6.04,0,,,EoN(2014-01-14) Electricity Aq 1yr
146,Nightsaver,2,11,7,72,11.44,6.11,0,,,EoN(2014-01-14) Electricity Aq 1yr
146,Nightsaver,2,11,6,72,11.3,6.19,0,,,EoN(2014-01-14) Electricity Aq 1yr
146,Nightsaver,2,11,5,72,11.12,6.22,0,,,EoN(2014-01-14) Electricity Aq 1yr
146,Nightsaver,2,11,8,72,11.5,6.04,0,,,EoN(2014-01-14) Electricity Aq 1yr
146,Nightsaver,3,11,7,72,11.44,6.11,0,,,EoN(2014-01-14) Electricity Aq 1yr
146,Nightsaver,3,11,6,72,11.3,6.19,0,,,EoN(2014-01-14) Electricity Aq 1yr
146,Nightsaver,3,11,5,72,11.12,6.22,0,,,EoN(2014-01-14) Electricity Aq 1yr
146,Nightsaver,3,11,8,72,11.5,6.04,0,,,EoN(2014-01-14) Electricity Aq 1yr
146,Nightsaver,7,11,7,72,11.44,6.11,0,,,EoN(2014-01-14) Electricity Aq 1yr
146,Nightsaver,7,11,6,72,11.3,6.19,0,,,EoN(2014-01-14) Electricity Aq 1yr
146,Nightsaver,7,11,5,72,11.12,6.22,0,,,EoN(2014-01-14) Electricity Aq 1yr
146,Nightsaver,7,11,8,72,11.5,6.04,0,,,EoN(2014-01-14) Electricity Aq 1yr
648,Nightsaver,3,11,7,72,11.44,6.11,0,,,EoN(2014-01-14) Electricity Aq 1yr
648,Nightsaver,3,11,6,72,11.3,6.19,0,,,EoN(2014-01-14) Electricity Aq 1yr
648,Nightsaver,3,11,5,72,11.12,6.22,0,,,EoN(2014-01-14) Electricity Aq 1yr
648,Nightsaver,3,11,8,72,11.5,6.04,0,,,EoN(2014-01-14) Electricity Aq 1yr
653,Nightsaver,2,11,7,72,11.44,6.11,0,,,EoN(2014-01-14) Electricity Aq 1yr
653,Nightsaver,2,11,6,72,11.3,6.19,0,,,EoN(2014-01-14) Electricity Aq 1yr
653,Nightsaver,2,11,5,72,11.12,6.22,0,,,EoN(2014-01-14) Electricity Aq 1yr
653,Nightsaver,2,11,8,72,11.5,6.04,0,,,EoN(2014-01-14) Electricity Aq 1yr
150,Nightsaver,2,11,7,72,11.44,6.11,0,,,EoN(2014-01-14) Electricity Aq 1yr
150,Nightsaver,2,11,6,72,11.3,6.19,0,,,EoN(2014-01-14) Electricity Aq 1yr
150,Nightsaver,2,11,5,72,11.12,6.22,0,,,EoN(2014-01-14) Electricity Aq 1yr
150,Nightsaver,2,11,8,72,11.5,6.04,0,,,EoN(2014-01-14) Electricity Aq 1yr
542,Nightsaver,1,11,7,72,11.44,6.11,0,,,EoN(2014-01-14) Electricity Aq 1yr
542,Nightsaver,1,11,6,72,11.3,6.19,0,,,EoN(2014-01-14) Electricity Aq 1yr
542,Nightsaver,1,11,5,72,11.12,6.22,0,,,EoN(2014-01-14) Electricity Aq 1yr
542,Nightsaver,1,11,8,72,11.5,6.04,0,,,EoN(2014-01-14) Electricity Aq 1yr
613,Nightsaver,3,11,7,72,11.44,6.11,0,,,EoN(2014-01-14) Electricity Aq 1yr
613,Nightsaver,3,11,6,72,11.3,6.19,0,,,EoN(2014-01-14) Electricity Aq 1yr
613,Nightsaver,3,11,5,72,11.12,6.22,0,,,EoN(2014-01-14) Electricity Aq 1yr
613,Nightsaver,3,11,8,72,11.5,6.04,0,,,EoN(2014-01-14) Electricity Aq 1yr
613,Nightsaver,2,11,7,72,11.44,6.11,0,,,EoN(2014-01-14) Electricity Aq 1yr
613,Nightsaver,2,11,6,72,11.3,6.19,0,,,EoN(2014-01-14) Electricity Aq 1yr
613,Nightsaver,2,11,5,72,11.12,6.22,0,,,EoN(2014-01-14) Electricity Aq 1yr
613,Nightsaver,2,11,8,72,11.5,6.04,0,,,EoN(2014-01-14) Electricity Aq 1yr
648,Nightsaver,7,11,7,72,11.44,6.11,0,,,EoN(2014-01-14) Electricity Aq 1yr
648,Nightsaver,7,11,6,72,11.3,6.19,0,,,EoN(2014-01-14) Electricity Aq 1yr
648,Nightsaver,7,11,5,72,11.12,6.22,0,,,EoN(2014-01-14) Electricity Aq 1yr
648,Nightsaver,7,11,8,72,11.5,6.04,0,,,EoN(2014-01-14) Electricity Aq 1yr
608,Nightsaver,2,11,7,72,11.44,6.11,0,,,EoN(2014-01-14) Electricity Aq 1yr
608,Nightsaver,2,11,6,72,11.3,6.19,0,,,EoN(2014-01-14) Electricity Aq 1yr
608,Nightsaver,2,11,5,72,11.12,6.22,0,,,EoN(2014-01-14) Electricity Aq 1yr
608,Nightsaver,2,11,8,72,11.5,6.04,0,,,EoN(2014-01-14) Electricity Aq 1yr
613,Nightsaver,7,11,7,72,11.44,6.11,0,,,EoN(2014-01-14) Electricity Aq 1yr
613,Nightsaver,7,11,6,72,11.3,6.19,0,,,EoN(2014-01-14) Electricity Aq 1yr
613,Nightsaver,7,11,5,72,11.12,6.22,0,,,EoN(2014-01-14) Electricity Aq 1yr
613,Nightsaver,7,11,8,72,11.5,6.04,0,,,EoN(2014-01-14) Electricity Aq 1yr
542,Nightsaver,15,11,7,72,11.44,6.11,0,,,EoN(2014-01-14) Electricity Aq 1yr
542,Nightsaver,15,11,6,72,11.3,6.19,0,,,EoN(2014-01-14) Electricity Aq 1yr
542,Nightsaver,15,11,5,72,11.12,6.22,0,,,EoN(2014-01-14) Electricity Aq 1yr
542,Nightsaver,15,11,8,72,11.5,6.04,0,,,EoN(2014-01-14) Electricity Aq 1yr
542,Nightsaver,3,11,7,72,11.44,6.11,0,,,EoN(2014-01-14) Electricity Aq 1yr
542,Nightsaver,3,11,6,72,11.3,6.19,0,,,EoN(2014-01-14) Electricity Aq 1yr
542,Nightsaver,3,11,5,72,11.12,6.22,0,,,EoN(2014-01-14) Electricity Aq 1yr
542,Nightsaver,3,11,8,72,11.5,6.04,0,,,EoN(2014-01-14) Electricity Aq 1yr
831,Nightsaver,37,11,7,72,11.44,6.11,0,,,EoN(2014-01-14) Electricity Aq 1yr
831,Nightsaver,37,11,6,72,11.3,6.19,0,,,EoN(2014-01-14) Electricity Aq 1yr
831,Nightsaver,37,11,5,72,11.12,6.22,0,,,EoN(2014-01-14) Electricity Aq 1yr
831,Nightsaver,37,11,8,72,11.5,6.04,0,,,EoN(2014-01-14) Electricity Aq 1yr
830,Nightsaver,37,11,7,72,11.44,6.11,0,,,EoN(2014-01-14) Electricity Aq 1yr
830,Nightsaver,37,11,6,72,11.3,6.19,0,,,EoN(2014-01-14) Electricity Aq 1yr
830,Nightsaver,37,11,5,72,11.12,6.22,0,,,EoN(2014-01-14) Electricity Aq 1yr
830,Nightsaver,37,11,8,72,11.5,6.04,0,,,EoN(2014-01-14) Electricity Aq 1yr
830,Nightsaver,37,11,7,72,11.44,6.11,0,,,EoN(2014-01-14) Electricity Aq 1yr
830,Nightsaver,37,11,6,72,11.3,6.19,0,,,EoN(2014-01-14) Electricity Aq 1yr
830,Nightsaver,37,11,5,72,11.12,6.22,0,,,EoN(2014-01-14) Electricity Aq 1yr
830,Nightsaver,37,11,8,72,11.5,6.04,0,,,EoN(2014-01-14) Electricity Aq 1yr
830,Nightsaver,19,11,7,72,11.44,6.11,0,,,EoN(2014-01-14) Electricity Aq 1yr
830,Nightsaver,19,11,6,72,11.3,6.19,0,,,EoN(2014-01-14) Electricity Aq 1yr
830,Nightsaver,19,11,5,72,11.12,6.22,0,,,EoN(2014-01-14) Electricity Aq 1yr
830,Nightsaver,19,11,8,72,11.5,6.04,0,,,EoN(2014-01-14) Electricity Aq 1yr
830,Nightsaver,16,11,7,72,11.44,6.11,0,,,EoN(2014-01-14) Electricity Aq 1yr
830,Nightsaver,16,11,6,72,11.3,6.19,0,,,EoN(2014-01-14) Electricity Aq 1yr
830,Nightsaver,16,11,5,72,11.12,6.22,0,,,EoN(2014-01-14) Electricity Aq 1yr
830,Nightsaver,16,11,8,72,11.5,6.04,0,,,EoN(2014-01-14) Electricity Aq 1yr
830,Nightsaver,13,11,7,72,11.44,6.11,0,,,EoN(2014-01-14) Electricity Aq 1yr
830,Nightsaver,13,11,6,72,11.3,6.19,0,,,EoN(2014-01-14) Electricity Aq 1yr
830,Nightsaver,13,11,5,72,11.12,6.22,0,,,EoN(2014-01-14) Electricity Aq 1yr
830,Nightsaver,13,11,8,72,11.5,6.04,0,,,EoN(2014-01-14) Electricity Aq 1yr
830,Nightsaver,3,11,7,72,11.44,6.11,0,,,EoN(2014-01-14) Electricity Aq 1yr
830,Nightsaver,3,11,6,72,11.3,6.19,0,,,EoN(2014-01-14) Electricity Aq 1yr
830,Nightsaver,3,11,5,72,11.12,6.22,0,,,EoN(2014-01-14) Electricity Aq 1yr
830,Nightsaver,3,11,8,72,11.5,6.04,0,,,EoN(2014-01-14) Electricity Aq 1yr
830,Nightsaver,1,11,7,72,11.44,6.11,0,,,EoN(2014-01-14) Electricity Aq 1yr
830,Nightsaver,1,11,6,72,11.3,6.19,0,,,EoN(2014-01-14) Electricity Aq 1yr
830,Nightsaver,1,11,5,72,11.12,6.22,0,,,EoN(2014-01-14) Electricity Aq 1yr
830,Nightsaver,1,11,8,72,11.5,6.04,0,,,EoN(2014-01-14) Electricity Aq 1yr
831,Nightsaver,3,11,7,72,11.44,6.11,0,,,EoN(2014-01-14) Electricity Aq 1yr
831,Nightsaver,3,11,6,72,11.3,6.19,0,,,EoN(2014-01-14) Electricity Aq 1yr
831,Nightsaver,3,11,5,72,11.12,6.22,0,,,EoN(2014-01-14) Electricity Aq 1yr
831,Nightsaver,3,11,8,72,11.5,6.04,0,,,EoN(2014-01-14) Electricity Aq 1yr
831,Nightsaver,13,11,7,72,11.44,6.11,0,,,EoN(2014-01-14) Electricity Aq 1yr
831,Nightsaver,13,11,6,72,11.3,6.19,0,,,EoN(2014-01-14) Electricity Aq 1yr
831,Nightsaver,13,11,5,72,11.12,6.22,0,,,EoN(2014-01-14) Electricity Aq 1yr
831,Nightsaver,13,11,8,72,11.5,6.04,0,,,EoN(2014-01-14) Electricity Aq 1yr
830,Nightsaver,40,11,7,72,11.44,6.11,0,,,EoN(2014-01-14) Electricity Aq 1yr
830,Nightsaver,40,11,6,72,11.3,6.19,0,,,EoN(2014-01-14) Electricity Aq 1yr
830,Nightsaver,40,11,5,72,11.12,6.22,0,,,EoN(2014-01-14) Electricity Aq 1yr
830,Nightsaver,40,11,8,72,11.5,6.04,0,,,EoN(2014-01-14) Electricity Aq 1yr
831,Nightsaver,19,11,7,72,11.44,6.11,0,,,EoN(2014-01-14) Electricity Aq 1yr
831,Nightsaver,19,11,6,72,11.3,6.19,0,,,EoN(2014-01-14) Electricity Aq 1yr
831,Nightsaver,19,11,5,72,11.12,6.22,0,,,EoN(2014-01-14) Electricity Aq 1yr
831,Nightsaver,19,11,8,72,11.5,6.04,0,,,EoN(2014-01-14) Electricity Aq 1yr
831,Nightsaver,1,11,7,72,11.44,6.11,0,,,EoN(2014-01-14) Electricity Aq 1yr
831,Nightsaver,1,11,6,72,11.3,6.19,0,,,EoN(2014-01-14) Electricity Aq 1yr
831,Nightsaver,1,11,5,72,11.12,6.22,0,,,EoN(2014-01-14) Electricity Aq 1yr
831,Nightsaver,1,11,8,72,11.5,6.04,0,,,EoN(2014-01-14) Electricity Aq 1yr
831,Nightsaver,37,11,7,72,11.44,6.11,0,,,EoN(2014-01-14) Electricity Aq 1yr
831,Nightsaver,37,11,6,72,11.3,6.19,0,,,EoN(2014-01-14) Electricity Aq 1yr
831,Nightsaver,37,11,5,72,11.12,6.22,0,,,EoN(2014-01-14) Electricity Aq 1yr
831,Nightsaver,37,11,8,72,11.5,6.04,0,,,EoN(2014-01-14) Electricity Aq 1yr
831,Nightsaver,40,11,7,72,11.44,6.11,0,,,EoN(2014-01-14) Electricity Aq 1yr
831,Nightsaver,40,11,6,72,11.3,6.19,0,,,EoN(2014-01-14) Electricity Aq 1yr
831,Nightsaver,40,11,5,72,11.12,6.22,0,,,EoN(2014-01-14) Electricity Aq 1yr
831,Nightsaver,40,11,8,72,11.5,6.04,0,,,EoN(2014-01-14) Electricity Aq 1yr
831,Nightsaver,52,11,7,72,11.44,6.11,0,,,EoN(2014-01-14) Electricity Aq 1yr
831,Nightsaver,52,11,6,72,11.3,6.19,0,,,EoN(2014-01-14) Electricity Aq 1yr
831,Nightsaver,52,11,5,72,11.12,6.22,0,,,EoN(2014-01-14) Electricity Aq 1yr
831,Nightsaver,52,11,8,72,11.5,6.04,0,,,EoN(2014-01-14) Electricity Aq 1yr
831,Nightsaver,101,11,7,72,11.44,6.11,0,,,EoN(2014-01-14) Electricity Aq 1yr
831,Nightsaver,101,11,6,72,11.3,6.19,0,,,EoN(2014-01-14) Electricity Aq 1yr
831,Nightsaver,101,11,5,72,11.12,6.22,0,,,EoN(2014-01-14) Electricity Aq 1yr
831,Nightsaver,101,11,8,72,11.5,6.04,0,,,EoN(2014-01-14) Electricity Aq 1yr
831,Nightsaver,103,11,7,72,11.44,6.11,0,,,EoN(2014-01-14) Electricity Aq 1yr
831,Nightsaver,103,11,6,72,11.3,6.19,0,,,EoN(2014-01-14) Electricity Aq 1yr
831,Nightsaver,103,11,5,72,11.12,6.22,0,,,EoN(2014-01-14) Electricity Aq 1yr
831,Nightsaver,103,11,8,72,11.5,6.04,0,,,EoN(2014-01-14) Electricity Aq 1yr
831,Nightsaver,113,11,7,72,11.44,6.11,0,,,EoN(2014-01-14) Electricity Aq 1yr
831,Nightsaver,113,11,6,72,11.3,6.19,0,,,EoN(2014-01-14) Electricity Aq 1yr
831,Nightsaver,113,11,5,72,11.12,6.22,0,,,EoN(2014-01-14) Electricity Aq 1yr
831,Nightsaver,113,11,8,72,11.5,6.04,0,,,EoN(2014-01-14) Electricity Aq 1yr
831,Nightsaver,116,11,7,72,11.44,6.11,0,,,EoN(2014-01-14) Electricity Aq 1yr
831,Nightsaver,116,11,6,72,11.3,6.19,0,,,EoN(2014-01-14) Electricity Aq 1yr
831,Nightsaver,116,11,5,72,11.12,6.22,0,,,EoN(2014-01-14) Electricity Aq 1yr
831,Nightsaver,116,11,8,72,11.5,6.04,0,,,EoN(2014-01-14) Electricity Aq 1yr
831,Nightsaver,119,11,7,72,11.44,6.11,0,,,EoN(2014-01-14) Electricity Aq 1yr
831,Nightsaver,119,11,6,72,11.3,6.19,0,,,EoN(2014-01-14) Electricity Aq 1yr
831,Nightsaver,119,11,5,72,11.12,6.22,0,,,EoN(2014-01-14) Electricity Aq 1yr
831,Nightsaver,119,11,8,72,11.5,6.04,0,,,EoN(2014-01-14) Electricity Aq 1yr
831,Nightsaver,137,11,7,72,11.44,6.11,0,,,EoN(2014-01-14) Electricity Aq 1yr
831,Nightsaver,137,11,6,72,11.3,6.19,0,,,EoN(2014-01-14) Electricity Aq 1yr
831,Nightsaver,137,11,5,72,11.12,6.22,0,,,EoN(2014-01-14) Electricity Aq 1yr
831,Nightsaver,137,11,8,72,11.5,6.04,0,,,EoN(2014-01-14) Electricity Aq 1yr
831,Nightsaver,140,11,7,72,11.44,6.11,0,,,EoN(2014-01-14) Electricity Aq 1yr
831,Nightsaver,140,11,6,72,11.3,6.19,0,,,EoN(2014-01-14) Electricity Aq 1yr
831,Nightsaver,140,11,5,72,11.12,6.22,0,,,EoN(2014-01-14) Electricity Aq 1yr
831,Nightsaver,140,11,8,72,11.5,6.04,0,,,EoN(2014-01-14) Electricity Aq 1yr
831,Nightsaver,152,11,7,72,11.44,6.11,0,,,EoN(2014-01-14) Electricity Aq 1yr
831,Nightsaver,152,11,6,72,11.3,6.19,0,,,EoN(2014-01-14) Electricity Aq 1yr
831,Nightsaver,152,11,5,72,11.12,6.22,0,,,EoN(2014-01-14) Electricity Aq 1yr
831,Nightsaver,152,11,8,72,11.5,6.04,0,,,EoN(2014-01-14) Electricity Aq 1yr
831,Nightsaver,16,11,7,72,11.44,6.11,0,,,EoN(2014-01-14) Electricity Aq 1yr
831,Nightsaver,16,11,6,72,11.3,6.19,0,,,EoN(2014-01-14) Electricity Aq 1yr
831,Nightsaver,16,11,5,72,11.12,6.22,0,,,EoN(2014-01-14) Electricity Aq 1yr
831,Nightsaver,16,11,8,72,11.5,6.04,0,,,EoN(2014-01-14) Electricity Aq 1yr
830,Nightsaver,52,11,7,72,11.44,6.11,0,,,EoN(2014-01-14) Electricity Aq 1yr
830,Nightsaver,52,11,6,72,11.3,6.19,0,,,EoN(2014-01-14) Electricity Aq 1yr
830,Nightsaver,52,11,5,72,11.12,6.22,0,,,EoN(2014-01-14) Electricity Aq 1yr
830,Nightsaver,52,11,8,72,11.5,6.04,0,,,EoN(2014-01-14) Electricity Aq 1yr
830,Nightsaver,101,11,7,72,11.44,6.11,0,,,EoN(2014-01-14) Electricity Aq 1yr
830,Nightsaver,101,11,6,72,11.3,6.19,0,,,EoN(2014-01-14) Electricity Aq 1yr
830,Nightsaver,101,11,5,72,11.12,6.22,0,,,EoN(2014-01-14) Electricity Aq 1yr
830,Nightsaver,101,11,8,72,11.5,6.04,0,,,EoN(2014-01-14) Electricity Aq 1yr
830,Nightsaver,103,11,7,72,11.44,6.11,0,,,EoN(2014-01-14) Electricity Aq 1yr
830,Nightsaver,103,11,6,72,11.3,6.19,0,,,EoN(2014-01-14) Electricity Aq 1yr
830,Nightsaver,103,11,5,72,11.12,6.22,0,,,EoN(2014-01-14) Electricity Aq 1yr
830,Nightsaver,103,11,8,72,11.5,6.04,0,,,EoN(2014-01-14) Electricity Aq 1yr
830,Nightsaver,113,11,7,72,11.44,6.11,0,,,EoN(2014-01-14) Electricity Aq 1yr
830,Nightsaver,113,11,6,72,11.3,6.19,0,,,EoN(2014-01-14) Electricity Aq 1yr
830,Nightsaver,113,11,5,72,11.12,6.22,0,,,EoN(2014-01-14) Electricity Aq 1yr
830,Nightsaver,113,11,8,72,11.5,6.04,0,,,EoN(2014-01-14) Electricity Aq 1yr
830,Nightsaver,116,11,7,72,11.44,6.11,0,,,EoN(2014-01-14) Electricity Aq 1yr
830,Nightsaver,116,11,6,72,11.3,6.19,0,,,EoN(2014-01-14) Electricity Aq 1yr
830,Nightsaver,116,11,5,72,11.12,6.22,0,,,EoN(2014-01-14) Electricity Aq 1yr
830,Nightsaver,116,11,8,72,11.5,6.04,0,,,EoN(2014-01-14) Electricity Aq 1yr
830,Nightsaver,119,11,7,72,11.44,6.11,0,,,EoN(2014-01-14) Electricity Aq 1yr
830,Nightsaver,119,11,6,72,11.3,6.19,0,,,EoN(2014-01-14) Electricity Aq 1yr
830,Nightsaver,119,11,5,72,11.12,6.22,0,,,EoN(2014-01-14) Electricity Aq 1yr
830,Nightsaver,119,11,8,72,11.5,6.04,0,,,EoN(2014-01-14) Electricity Aq 1yr
830,Nightsaver,137,11,7,72,11.44,6.11,0,,,EoN(2014-01-14) Electricity Aq 1yr
830,Nightsaver,137,11,6,72,11.3,6.19,0,,,EoN(2014-01-14) Electricity Aq 1yr
830,Nightsaver,137,11,5,72,11.12,6.22,0,,,EoN(2014-01-14) Electricity Aq 1yr
830,Nightsaver,137,11,8,72,11.5,6.04,0,,,EoN(2014-01-14) Electricity Aq 1yr
830,Nightsaver,140,11,7,72,11.44,6.11,0,,,EoN(2014-01-14) Electricity Aq 1yr
830,Nightsaver,140,11,6,72,11.3,6.19,0,,,EoN(2014-01-14) Electricity Aq 1yr
830,Nightsaver,140,11,5,72,11.12,6.22,0,,,EoN(2014-01-14) Electricity Aq 1yr
830,Nightsaver,140,11,8,72,11.5,6.04,0,,,EoN(2014-01-14) Electricity Aq 1yr
830,Nightsaver,152,11,7,72,11.44,6.11,0,,,EoN(2014-01-14) Electricity Aq 1yr
830,Nightsaver,152,11,6,72,11.3,6.19,0,,,EoN(2014-01-14) Electricity Aq 1yr
830,Nightsaver,152,11,5,72,11.12,6.22,0,,,EoN(2014-01-14) Electricity Aq 1yr
830,Nightsaver,152,11,8,72,11.5,6.04,0,,,EoN(2014-01-14) Electricity Aq 1yr
548,Nightsaver,21,11,7,72,11.44,6.11,0,,,EoN(2014-01-14) Electricity Aq 1yr
548,Nightsaver,21,11,6,72,11.3,6.19,0,,,EoN(2014-01-14) Electricity Aq 1yr
548,Nightsaver,21,11,5,72,11.12,6.22,0,,,EoN(2014-01-14) Electricity Aq 1yr
548,Nightsaver,21,11,8,72,11.5,6.04,0,,,EoN(2014-01-14) Electricity Aq 1yr
542,Nightsaver,34,11,7,72,11.44,6.11,0,,,EoN(2014-01-14) Electricity Aq 1yr
542,Nightsaver,34,11,6,72,11.3,6.19,0,,,EoN(2014-01-14) Electricity Aq 1yr
542,Nightsaver,34,11,5,72,11.12,6.22,0,,,EoN(2014-01-14) Electricity Aq 1yr
542,Nightsaver,34,11,8,72,11.5,6.04,0,,,EoN(2014-01-14) Electricity Aq 1yr
542,Nightsaver,37,11,7,72,11.44,6.11,0,,,EoN(2014-01-14) Electricity Aq 1yr
542,Nightsaver,37,11,6,72,11.3,6.19,0,,,EoN(2014-01-14) Electricity Aq 1yr
542,Nightsaver,37,11,5,72,11.12,6.22,0,,,EoN(2014-01-14) Electricity Aq 1yr
542,Nightsaver,37,11,8,72,11.5,6.04,0,,,EoN(2014-01-14) Electricity Aq 1yr
548,Nightsaver,19,11,7,72,11.44,6.11,0,,,EoN(2014-01-14) Electricity Aq 1yr
548,Nightsaver,19,11,6,72,11.3,6.19,0,,,EoN(2014-01-14) Electricity Aq 1yr
548,Nightsaver,19,11,5,72,11.12,6.22,0,,,EoN(2014-01-14) Electricity Aq 1yr
548,Nightsaver,19,11,8,72,11.5,6.04,0,,,EoN(2014-01-14) Electricity Aq 1yr
608,Nightsaver,2,11,7,72,11.44,6.11,0,,,EoN(2014-01-14) Electricity Aq 1yr
608,Nightsaver,2,11,6,72,11.3,6.19,0,,,EoN(2014-01-14) Electricity Aq 1yr
608,Nightsaver,2,11,5,72,11.12,6.22,0,,,EoN(2014-01-14) Electricity Aq 1yr
608,Nightsaver,2,11,8,72,11.5,6.04,0,,,EoN(2014-01-14) Electricity Aq 1yr
146,Nightsaver,2,11,7,72,11.44,6.11,0,,,EoN(2014-01-14) Electricity Aq 1yr
146,Nightsaver,2,11,6,72,11.3,6.19,0,,,EoN(2014-01-14) Electricity Aq 1yr
146,Nightsaver,2,11,5,72,11.12,6.22,0,,,EoN(2014-01-14) Electricity Aq 1yr
146,Nightsaver,2,11,8,72,11.5,6.04,0,,,EoN(2014-01-14) Electricity Aq 1yr
542,Nightsaver,40,11,7,72,11.44,6.11,0,,,EoN(2014-01-14) Electricity Aq 1yr
542,Nightsaver,40,11,6,72,11.3,6.19,0,,,EoN(2014-01-14) Electricity Aq 1yr
542,Nightsaver,40,11,5,72,11.12,6.22,0,,,EoN(2014-01-14) Electricity Aq 1yr
542,Nightsaver,40,11,8,72,11.5,6.04,0,,,EoN(2014-01-14) Electricity Aq 1yr
548,Nightsaver,37,11,7,72,11.44,6.11,0,,,EoN(2014-01-14) Electricity Aq 1yr
548,Nightsaver,37,11,6,72,11.3,6.19,0,,,EoN(2014-01-14) Electricity Aq 1yr
548,Nightsaver,37,11,5,72,11.12,6.22,0,,,EoN(2014-01-14) Electricity Aq 1yr
548,Nightsaver,37,11,8,72,11.5,6.04,0,,,EoN(2014-01-14) Electricity Aq 1yr
548,Nightsaver,34,11,7,72,11.44,6.11,0,,,EoN(2014-01-14) Electricity Aq 1yr
548,Nightsaver,34,11,6,72,11.3,6.19,0,,,EoN(2014-01-14) Electricity Aq 1yr
548,Nightsaver,34,11,5,72,11.12,6.22,0,,,EoN(2014-01-14) Electricity Aq 1yr
548,Nightsaver,34,11,8,72,11.5,6.04,0,,,EoN(2014-01-14) Electricity Aq 1yr
542,Nightsaver,119,11,7,72,11.44,6.11,0,,,EoN(2014-01-14) Electricity Aq 1yr
542,Nightsaver,119,11,6,72,11.3,6.19,0,,,EoN(2014-01-14) Electricity Aq 1yr
542,Nightsaver,119,11,5,72,11.12,6.22,0,,,EoN(2014-01-14) Electricity Aq 1yr
542,Nightsaver,119,11,8,72,11.5,6.04,0,,,EoN(2014-01-14) Electricity Aq 1yr
542,Nightsaver,101,11,7,72,11.44,6.11,0,,,EoN(2014-01-14) Electricity Aq 1yr
542,Nightsaver,101,11,6,72,11.3,6.19,0,,,EoN(2014-01-14) Electricity Aq 1yr
542,Nightsaver,101,11,5,72,11.12,6.22,0,,,EoN(2014-01-14) Electricity Aq 1yr
542,Nightsaver,101,11,8,72,11.5,6.04,0,,,EoN(2014-01-14) Electricity Aq 1yr
548,Nightsaver,23,11,7,72,11.44,6.11,0,,,EoN(2014-01-14) Electricity Aq 1yr
548,Nightsaver,23,11,6,72,11.3,6.19,0,,,EoN(2014-01-14) Electricity Aq 1yr
548,Nightsaver,23,11,5,72,11.12,6.22,0,,,EoN(2014-01-14) Electricity Aq 1yr
548,Nightsaver,23,11,8,72,11.5,6.04,0,,,EoN(2014-01-14) Electricity Aq 1yr
542,Nightsaver,103,11,7,72,11.44,6.11,0,,,EoN(2014-01-14) Electricity Aq 1yr
542,Nightsaver,103,11,6,72,11.3,6.19,0,,,EoN(2014-01-14) Electricity Aq 1yr
542,Nightsaver,103,11,5,72,11.12,6.22,0,,,EoN(2014-01-14) Electricity Aq 1yr
542,Nightsaver,103,11,8,72,11.5,6.04,0,,,EoN(2014-01-14) Electricity Aq 1yr
542,Nightsaver,29,11,7,72,11.44,6.11,0,,,EoN(2014-01-14) Electricity Aq 1yr
542,Nightsaver,29,11,6,72,11.3,6.19,0,,,EoN(2014-01-14) Electricity Aq 1yr
542,Nightsaver,29,11,5,72,11.12,6.22,0,,,EoN(2014-01-14) Electricity Aq 1yr
542,Nightsaver,29,11,8,72,11.5,6.04,0,,,EoN(2014-01-14) Electricity Aq 1yr
548,Nightsaver,27,11,7,72,11.44,6.11,0,,,EoN(2014-01-14) Electricity Aq 1yr
548,Nightsaver,27,11,6,72,11.3,6.19,0,,,EoN(2014-01-14) Electricity Aq 1yr
548,Nightsaver,27,11,5,72,11.12,6.22,0,,,EoN(2014-01-14) Electricity Aq 1yr
548,Nightsaver,27,11,8,72,11.5,6.04,0,,,EoN(2014-01-14) Electricity Aq 1yr
542,Nightsaver,113,11,7,72,11.44,6.11,0,,,EoN(2014-01-14) Electricity Aq 1yr
542,Nightsaver,113,11,6,72,11.3,6.19,0,,,EoN(2014-01-14) Electricity Aq 1yr
542,Nightsaver,113,11,5,72,11.12,6.22,0,,,EoN(2014-01-14) Electricity Aq 1yr
542,Nightsaver,113,11,8,72,11.5,6.04,0,,,EoN(2014-01-14) Electricity Aq 1yr
548,Nightsaver,29,11,7,72,11.44,6.11,0,,,EoN(2014-01-14) Electricity Aq 1yr
548,Nightsaver,29,11,6,72,11.3,6.19,0,,,EoN(2014-01-14) Electricity Aq 1yr
548,Nightsaver,29,11,5,72,11.12,6.22,0,,,EoN(2014-01-14) Electricity Aq 1yr
548,Nightsaver,29,11,8,72,11.5,6.04,0,,,EoN(2014-01-14) Electricity Aq 1yr
146,Nightsaver,7,11,7,72,11.44,6.11,0,,,EoN(2014-01-14) Electricity Aq 1yr
146,Nightsaver,7,11,6,72,11.3,6.19,0,,,EoN(2014-01-14) Electricity Aq 1yr
146,Nightsaver,7,11,5,72,11.12,6.22,0,,,EoN(2014-01-14) Electricity Aq 1yr
146,Nightsaver,7,11,8,72,11.5,6.04,0,,,EoN(2014-01-14) Electricity Aq 1yr
542,Nightsaver,15,11,7,72,11.44,6.11,0,,,EoN(2014-01-14) Electricity Aq 1yr
542,Nightsaver,15,11,6,72,11.3,6.19,0,,,EoN(2014-01-14) Electricity Aq 1yr
542,Nightsaver,15,11,5,72,11.12,6.22,0,,,EoN(2014-01-14) Electricity Aq 1yr
542,Nightsaver,15,11,8,72,11.5,6.04,0,,,EoN(2014-01-14) Electricity Aq 1yr
110,Nightsaver,2,11,7,72,11.44,6.11,0,,,EoN(2014-01-14) Electricity Aq 1yr
110,Nightsaver,2,11,6,72,11.3,6.19,0,,,EoN(2014-01-14) Electricity Aq 1yr
110,Nightsaver,2,11,5,72,11.12,6.22,0,,,EoN(2014-01-14) Electricity Aq 1yr
110,Nightsaver,2,11,8,72,11.5,6.04,0,,,EoN(2014-01-14) Electricity Aq 1yr
110,Nightsaver,3,11,7,72,11.44,6.11,0,,,EoN(2014-01-14) Electricity Aq 1yr
110,Nightsaver,3,11,6,72,11.3,6.19,0,,,EoN(2014-01-14) Electricity Aq 1yr
110,Nightsaver,3,11,5,72,11.12,6.22,0,,,EoN(2014-01-14) Electricity Aq 1yr
110,Nightsaver,3,11,8,72,11.5,6.04,0,,,EoN(2014-01-14) Electricity Aq 1yr
548,Nightsaver,12,11,7,72,11.44,6.11,0,,,EoN(2014-01-14) Electricity Aq 1yr
548,Nightsaver,12,11,6,72,11.3,6.19,0,,,EoN(2014-01-14) Electricity Aq 1yr
548,Nightsaver,12,11,5,72,11.12,6.22,0,,,EoN(2014-01-14) Electricity Aq 1yr
548,Nightsaver,12,11,8,72,11.5,6.04,0,,,EoN(2014-01-14) Electricity Aq 1yr
542,Nightsaver,12,11,7,72,11.44,6.11,0,,,EoN(2014-01-14) Electricity Aq 1yr
542,Nightsaver,12,11,6,72,11.3,6.19,0,,,EoN(2014-01-14) Electricity Aq 1yr
542,Nightsaver,12,11,5,72,11.12,6.22,0,,,EoN(2014-01-14) Electricity Aq 1yr
542,Nightsaver,12,11,8,72,11.5,6.04,0,,,EoN(2014-01-14) Electricity Aq 1yr
110,Nightsaver,7,11,7,72,11.44,6.11,0,,,EoN(2014-01-14) Electricity Aq 1yr
110,Nightsaver,7,11,6,72,11.3,6.19,0,,,EoN(2014-01-14) Electricity Aq 1yr
110,Nightsaver,7,11,5,72,11.12,6.22,0,,,EoN(2014-01-14) Electricity Aq 1yr
110,Nightsaver,7,11,8,72,11.5,6.04,0,,,EoN(2014-01-14) Electricity Aq 1yr
648,Nightsaver,2,11,7,72,11.44,6.11,0,,,EoN(2014-01-14) Electricity Aq 1yr
648,Nightsaver,2,11,6,72,11.3,6.19,0,,,EoN(2014-01-14) Electricity Aq 1yr
648,Nightsaver,2,11,5,72,11.12,6.22,0,,,EoN(2014-01-14) Electricity Aq 1yr
648,Nightsaver,2,11,8,72,11.5,6.04,0,,,EoN(2014-01-14) Electricity Aq 1yr
542,Nightsaver,13,11,7,72,11.44,6.11,0,,,EoN(2014-01-14) Electricity Aq 1yr
542,Nightsaver,13,11,6,72,11.3,6.19,0,,,EoN(2014-01-14) Electricity Aq 1yr
542,Nightsaver,13,11,5,72,11.12,6.22,0,,,EoN(2014-01-14) Electricity Aq 1yr
542,Nightsaver,13,11,8,72,11.5,6.04,0,,,EoN(2014-01-14) Electricity Aq 1yr
542,Nightsaver,14,11,7,72,11.44,6.11,0,,,EoN(2014-01-14) Electricity Aq 1yr
542,Nightsaver,14,11,6,72,11.3,6.19,0,,,EoN(2014-01-14) Electricity Aq 1yr
542,Nightsaver,14,11,5,72,11.12,6.22,0,,,EoN(2014-01-14) Electricity Aq 1yr
542,Nightsaver,14,11,8,72,11.5,6.04,0,,,EoN(2014-01-14) Electricity Aq 1yr
613,Nightsaver,2,11,7,72,11.44,6.11,0,,,EoN(2014-01-14) Electricity Aq 1yr
613,Nightsaver,2,11,6,72,11.3,6.19,0,,,EoN(2014-01-14) Electricity Aq 1yr
613,Nightsaver,2,11,5,72,11.12,6.22,0,,,EoN(2014-01-14) Electricity Aq 1yr
613,Nightsaver,2,11,8,72,11.5,6.04,0,,,EoN(2014-01-14) Electricity Aq 1yr
548,Nightsaver,140,11,7,72,11.44,6.11,0,,,EoN(2014-01-14) Electricity Aq 1yr
548,Nightsaver,140,11,6,72,11.3,6.19,0,,,EoN(2014-01-14) Electricity Aq 1yr
548,Nightsaver,140,11,5,72,11.12,6.22,0,,,EoN(2014-01-14) Electricity Aq 1yr
548,Nightsaver,140,11,8,72,11.5,6.04,0,,,EoN(2014-01-14) Electricity Aq 1yr
548,Nightsaver,134,11,7,72,11.44,6.11,0,,,EoN(2014-01-14) Electricity Aq 1yr
548,Nightsaver,134,11,6,72,11.3,6.19,0,,,EoN(2014-01-14) Electricity Aq 1yr
548,Nightsaver,134,11,5,72,11.12,6.22,0,,,EoN(2014-01-14) Electricity Aq 1yr
548,Nightsaver,134,11,8,72,11.5,6.04,0,,,EoN(2014-01-14) Electricity Aq 1yr
542,Nightsaver,27,11,7,72,11.44,6.11,0,,,EoN(2014-01-14) Electricity Aq 1yr
542,Nightsaver,27,11,6,72,11.3,6.19,0,,,EoN(2014-01-14) Electricity Aq 1yr
542,Nightsaver,27,11,5,72,11.12,6.22,0,,,EoN(2014-01-14) Electricity Aq 1yr
542,Nightsaver,27,11,8,72,11.5,6.04,0,,,EoN(2014-01-14) Electricity Aq 1yr
548,Nightsaver,113,11,7,72,11.44,6.11,0,,,EoN(2014-01-14) Electricity Aq 1yr
548,Nightsaver,113,11,6,72,11.3,6.19,0,,,EoN(2014-01-14) Electricity Aq 1yr
548,Nightsaver,113,11,5,72,11.12,6.22,0,,,EoN(2014-01-14) Electricity Aq 1yr
548,Nightsaver,113,11,8,72,11.5,6.04,0,,,EoN(2014-01-14) Electricity Aq 1yr
542,Nightsaver,134,11,7,72,11.44,6.11,0,,,EoN(2014-01-14) Electricity Aq 1yr
542,Nightsaver,134,11,6,72,11.3,6.19,0,,,EoN(2014-01-14) Electricity Aq 1yr
542,Nightsaver,134,11,5,72,11.12,6.22,0,,,EoN(2014-01-14) Electricity Aq 1yr
542,Nightsaver,134,11,8,72,11.5,6.04,0,,,EoN(2014-01-14) Electricity Aq 1yr
548,Nightsaver,103,11,7,72,11.44,6.11,0,,,EoN(2014-01-14) Electricity Aq 1yr
548,Nightsaver,103,11,6,72,11.3,6.19,0,,,EoN(2014-01-14) Electricity Aq 1yr
548,Nightsaver,103,11,5,72,11.12,6.22,0,,,EoN(2014-01-14) Electricity Aq 1yr
548,Nightsaver,103,11,8,72,11.5,6.04,0,,,EoN(2014-01-14) Electricity Aq 1yr
613,Nightsaver,3,11,7,72,11.44,6.11,0,,,EoN(2014-01-14) Electricity Aq 1yr
613,Nightsaver,3,11,6,72,11.3,6.19,0,,,EoN(2014-01-14) Electricity Aq 1yr
613,Nightsaver,3,11,5,72,11.12,6.22,0,,,EoN(2014-01-14) Electricity Aq 1yr
613,Nightsaver,3,11,8,72,11.5,6.04,0,,,EoN(2014-01-14) Electricity Aq 1yr
548,Nightsaver,101,11,7,72,11.44,6.11,0,,,EoN(2014-01-14) Electricity Aq 1yr
548,Nightsaver,101,11,6,72,11.3,6.19,0,,,EoN(2014-01-14) Electricity Aq 1yr
548,Nightsaver,101,11,5,72,11.12,6.22,0,,,EoN(2014-01-14) Electricity Aq 1yr
548,Nightsaver,101,11,8,72,11.5,6.04,0,,,EoN(2014-01-14) Electricity Aq 1yr
542,Nightsaver,17,11,7,72,11.44,6.11,0,,,EoN(2014-01-14) Electricity Aq 1yr
542,Nightsaver,17,11,6,72,11.3,6.19,0,,,EoN(2014-01-14) Electricity Aq 1yr
542,Nightsaver,17,11,5,72,11.12,6.22,0,,,EoN(2014-01-14) Electricity Aq 1yr
542,Nightsaver,17,11,8,72,11.5,6.04,0,,,EoN(2014-01-14) Electricity Aq 1yr
548,Nightsaver,40,11,7,72,11.44,6.11,0,,,EoN(2014-01-14) Electricity Aq 1yr
548,Nightsaver,40,11,6,72,11.3,6.19,0,,,EoN(2014-01-14) Electricity Aq 1yr
548,Nightsaver,40,11,5,72,11.12,6.22,0,,,EoN(2014-01-14) Electricity Aq 1yr
548,Nightsaver,40,11,8,72,11.5,6.04,0,,,EoN(2014-01-14) Electricity Aq 1yr
542,Nightsaver,19,11,7,72,11.44,6.11,0,,,EoN(2014-01-14) Electricity Aq 1yr
542,Nightsaver,19,11,6,72,11.3,6.19,0,,,EoN(2014-01-14) Electricity Aq 1yr
542,Nightsaver,19,11,5,72,11.12,6.22,0,,,EoN(2014-01-14) Electricity Aq 1yr
542,Nightsaver,19,11,8,72,11.5,6.04,0,,,EoN(2014-01-14) Electricity Aq 1yr
542,Nightsaver,21,11,7,72,11.44,6.11,0,,,EoN(2014-01-14) Electricity Aq 1yr
542,Nightsaver,21,11,6,72,11.3,6.19,0,,,EoN(2014-01-14) Electricity Aq 1yr
542,Nightsaver,21,11,5,72,11.12,6.22,0,,,EoN(2014-01-14) Electricity Aq 1yr
542,Nightsaver,21,11,8,72,11.5,6.04,0,,,EoN(2014-01-14) Electricity Aq 1yr
110,Nightsaver,1,11,7,72,11.44,6.11,0,,,EoN(2014-01-14) Electricity Aq 1yr
110,Nightsaver,1,11,6,72,11.3,6.19,0,,,EoN(2014-01-14) Electricity Aq 1yr
110,Nightsaver,1,11,5,72,11.12,6.22,0,,,EoN(2014-01-14) Electricity Aq 1yr
110,Nightsaver,1,11,8,72,11.5,6.04,0,,,EoN(2014-01-14) Electricity Aq 1yr
542,Nightsaver,23,11,7,72,11.44,6.11,0,,,EoN(2014-01-14) Electricity Aq 1yr
542,Nightsaver,23,11,6,72,11.3,6.19,0,,,EoN(2014-01-14) Electricity Aq 1yr
542,Nightsaver,23,11,5,72,11.12,6.22,0,,,EoN(2014-01-14) Electricity Aq 1yr
542,Nightsaver,23,11,8,72,11.5,6.04,0,,,EoN(2014-01-14) Electricity Aq 1yr
613,Nightsaver,7,11,7,72,11.44,6.11,0,,,EoN(2014-01-14) Electricity Aq 1yr
613,Nightsaver,7,11,6,72,11.3,6.19,0,,,EoN(2014-01-14) Electricity Aq 1yr
613,Nightsaver,7,11,5,72,11.12,6.22,0,,,EoN(2014-01-14) Electricity Aq 1yr
613,Nightsaver,7,11,8,72,11.5,6.04,0,,,EoN(2014-01-14) Electricity Aq 1yr
542,Nightsaver,140,11,7,72,11.44,6.11,0,,,EoN(2014-01-14) Electricity Aq 1yr
542,Nightsaver,140,11,6,72,11.3,6.19,0,,,EoN(2014-01-14) Electricity Aq 1yr
542,Nightsaver,140,11,5,72,11.12,6.22,0,,,EoN(2014-01-14) Electricity Aq 1yr
542,Nightsaver,140,11,8,72,11.5,6.04,0,,,EoN(2014-01-14) Electricity Aq 1yr
548,Nightsaver,119,11,7,72,11.44,6.11,0,,,EoN(2014-01-14) Electricity Aq 1yr
548,Nightsaver,119,11,6,72,11.3,6.19,0,,,EoN(2014-01-14) Electricity Aq 1yr
548,Nightsaver,119,11,5,72,11.12,6.22,0,,,EoN(2014-01-14) Electricity Aq 1yr
548,Nightsaver,119,11,8,72,11.5,6.04,0,,,EoN(2014-01-14) Electricity Aq 1yr
150,Nightsaver,2,11,7,72,11.44,6.11,0,,,EoN(2014-01-14) Electricity Aq 1yr
150,Nightsaver,2,11,6,72,11.3,6.19,0,,,EoN(2014-01-14) Electricity Aq 1yr
150,Nightsaver,2,11,5,72,11.12,6.22,0,,,EoN(2014-01-14) Electricity Aq 1yr
150,Nightsaver,2,11,8,72,11.5,6.04,0,,,EoN(2014-01-14) Electricity Aq 1yr
653,Nightsaver,7,11,7,72,11.44,6.11,0,,,EoN(2014-01-14) Electricity Aq 1yr
653,Nightsaver,7,11,6,72,11.3,6.19,0,,,EoN(2014-01-14) Electricity Aq 1yr
653,Nightsaver,7,11,5,72,11.12,6.22,0,,,EoN(2014-01-14) Electricity Aq 1yr
653,Nightsaver,7,11,8,72,11.5,6.04,0,,,EoN(2014-01-14) Electricity Aq 1yr
150,Nightsaver,3,11,7,72,11.44,6.11,0,,,EoN(2014-01-14) Electricity Aq 1yr
150,Nightsaver,3,11,6,72,11.3,6.19,0,,,EoN(2014-01-14) Electricity Aq 1yr
150,Nightsaver,3,11,5,72,11.12,6.22,0,,,EoN(2014-01-14) Electricity Aq 1yr
150,Nightsaver,3,11,8,72,11.5,6.04,0,,,EoN(2014-01-14) Electricity Aq 1yr
106,Nightsaver,2,11,7,72,11.44,6.11,0,,,EoN(2014-01-14) Electricity Aq 1yr
106,Nightsaver,2,11,6,72,11.3,6.19,0,,,EoN(2014-01-14) Electricity Aq 1yr
106,Nightsaver,2,11,5,72,11.12,6.22,0,,,EoN(2014-01-14) Electricity Aq 1yr
106,Nightsaver,2,11,8,72,11.5,6.04,0,,,EoN(2014-01-14) Electricity Aq 1yr
106,Nightsaver,1,11,7,72,11.44,6.11,0,,,EoN(2014-01-14) Electricity Aq 1yr
106,Nightsaver,1,11,6,72,11.3,6.19,0,,,EoN(2014-01-14) Electricity Aq 1yr
106,Nightsaver,1,11,5,72,11.12,6.22,0,,,EoN(2014-01-14) Electricity Aq 1yr
106,Nightsaver,1,11,8,72,11.5,6.04,0,,,EoN(2014-01-14) Electricity Aq 1yr
648,Nightsaver,7,11,7,72,11.44,6.11,0,,,EoN(2014-01-14) Electricity Aq 1yr
648,Nightsaver,7,11,6,72,11.3,6.19,0,,,EoN(2014-01-14) Electricity Aq 1yr
648,Nightsaver,7,11,5,72,11.12,6.22,0,,,EoN(2014-01-14) Electricity Aq 1yr
648,Nightsaver,7,11,8,72,11.5,6.04,0,,,EoN(2014-01-14) Electricity Aq 1yr
106,Nightsaver,3,11,7,72,11.44,6.11,0,,,EoN(2014-01-14) Electricity Aq 1yr
106,Nightsaver,3,11,6,72,11.3,6.19,0,,,EoN(2014-01-14) Electricity Aq 1yr
106,Nightsaver,3,11,5,72,11.12,6.22,0,,,EoN(2014-01-14) Electricity Aq 1yr
106,Nightsaver,3,11,8,72,11.5,6.04,0,,,EoN(2014-01-14) Electricity Aq 1yr
542,Nightsaver,3,11,7,72,11.44,6.11,0,,,EoN(2014-01-14) Electricity Aq 1yr
542,Nightsaver,3,11,6,72,11.3,6.19,0,,,EoN(2014-01-14) Electricity Aq 1yr
542,Nightsaver,3,11,5,72,11.12,6.22,0,,,EoN(2014-01-14) Electricity Aq 1yr
542,Nightsaver,3,11,8,72,11.5,6.04,0,,,EoN(2014-01-14) Electricity Aq 1yr
608,Nightsaver,7,11,7,72,11.44,6.11,0,,,EoN(2014-01-14) Electricity Aq 1yr
608,Nightsaver,7,11,6,72,11.3,6.19,0,,,EoN(2014-01-14) Electricity Aq 1yr
608,Nightsaver,7,11,5,72,11.12,6.22,0,,,EoN(2014-01-14) Electricity Aq 1yr
608,Nightsaver,7,11,8,72,11.5,6.04,0,,,EoN(2014-01-14) Electricity Aq 1yr
150,Nightsaver,7,11,7,72,11.44,6.11,0,,,EoN(2014-01-14) Electricity Aq 1yr
150,Nightsaver,7,11,6,72,11.3,6.19,0,,,EoN(2014-01-14) Electricity Aq 1yr
150,Nightsaver,7,11,5,72,11.12,6.22,0,,,EoN(2014-01-14) Electricity Aq 1yr
150,Nightsaver,7,11,8,72,11.5,6.04,0,,,EoN(2014-01-14) Electricity Aq 1yr
653,Nightsaver,2,11,7,72,11.44,6.11,0,,,EoN(2014-01-14) Electricity Aq 1yr
653,Nightsaver,2,11,6,72,11.3,6.19,0,,,EoN(2014-01-14) Electricity Aq 1yr
653,Nightsaver,2,11,5,72,11.12,6.22,0,,,EoN(2014-01-14) Electricity Aq 1yr
653,Nightsaver,2,11,8,72,11.5,6.04,0,,,EoN(2014-01-14) Electricity Aq 1yr
106,Nightsaver,7,11,7,72,11.44,6.11,0,,,EoN(2014-01-14) Electricity Aq 1yr
106,Nightsaver,7,11,6,72,11.3,6.19,0,,,EoN(2014-01-14) Electricity Aq 1yr
106,Nightsaver,7,11,5,72,11.12,6.22,0,,,EoN(2014-01-14) Electricity Aq 1yr
106,Nightsaver,7,11,8,72,11.5,6.04,0,,,EoN(2014-01-14) Electricity Aq 1yr
653,Nightsaver,3,11,7,72,11.44,6.11,0,,,EoN(2014-01-14) Electricity Aq 1yr
653,Nightsaver,3,11,6,72,11.3,6.19,0,,,EoN(2014-01-14) Electricity Aq 1yr
653,Nightsaver,3,11,5,72,11.12,6.22,0,,,EoN(2014-01-14) Electricity Aq 1yr
653,Nightsaver,3,11,8,72,11.5,6.04,0,,,EoN(2014-01-14) Electricity Aq 1yr
648,Nightsaver,3,11,7,72,11.44,6.11,0,,,EoN(2014-01-14) Electricity Aq 1yr
648,Nightsaver,3,11,6,72,11.3,6.19,0,,,EoN(2014-01-14) Electricity Aq 1yr
648,Nightsaver,3,11,5,72,11.12,6.22,0,,,EoN(2014-01-14) Electricity Aq 1yr
648,Nightsaver,3,11,8,72,11.5,6.04,0,,,EoN(2014-01-14) Electricity Aq 1yr
146,Nightsaver,3,11,7,72,11.44,6.11,0,,,EoN(2014-01-14) Electricity Aq 1yr
146,Nightsaver,3,11,6,72,11.3,6.19,0,,,EoN(2014-01-14) Electricity Aq 1yr
146,Nightsaver,3,11,5,72,11.12,6.22,0,,,EoN(2014-01-14) Electricity Aq 1yr
146,Nightsaver,3,11,8,72,11.5,6.04,0,,,EoN(2014-01-14) Electricity Aq 1yr
548,Nightsaver,1,11,7,72,11.44,6.11,0,,,EoN(2014-01-14) Electricity Aq 1yr
548,Nightsaver,1,11,6,72,11.3,6.19,0,,,EoN(2014-01-14) Electricity Aq 1yr
548,Nightsaver,1,11,5,72,11.12,6.22,0,,,EoN(2014-01-14) Electricity Aq 1yr
548,Nightsaver,1,11,8,72,11.5,6.04,0,,,EoN(2014-01-14) Electricity Aq 1yr
548,Nightsaver,3,11,7,72,11.44,6.11,0,,,EoN(2014-01-14) Electricity Aq 1yr
548,Nightsaver,3,11,6,72,11.3,6.19,0,,,EoN(2014-01-14) Electricity Aq 1yr
548,Nightsaver,3,11,5,72,11.12,6.22,0,,,EoN(2014-01-14) Electricity Aq 1yr
548,Nightsaver,3,11,8,72,11.5,6.04,0,,,EoN(2014-01-14) Electricity Aq 1yr
548,Nightsaver,13,11,7,72,11.44,6.11,0,,,EoN(2014-01-14) Electricity Aq 1yr
548,Nightsaver,13,11,6,72,11.3,6.19,0,,,EoN(2014-01-14) Electricity Aq 1yr
548,Nightsaver,13,11,5,72,11.12,6.22,0,,,EoN(2014-01-14) Electricity Aq 1yr
548,Nightsaver,13,11,8,72,11.5,6.04,0,,,EoN(2014-01-14) Electricity Aq 1yr
548,Nightsaver,14,11,7,72,11.44,6.11,0,,,EoN(2014-01-14) Electricity Aq 1yr
548,Nightsaver,14,11,6,72,11.3,6.19,0,,,EoN(2014-01-14) Electricity Aq 1yr
548,Nightsaver,14,11,5,72,11.12,6.22,0,,,EoN(2014-01-14) Electricity Aq 1yr
548,Nightsaver,14,11,8,72,11.5,6.04,0,,,EoN(2014-01-14) Electricity Aq 1yr
608,Nightsaver,3,11,7,72,11.44,6.11,0,,,EoN(2014-01-14) Electricity Aq 1yr
608,Nightsaver,3,11,6,72,11.3,6.19,0,,,EoN(2014-01-14) Electricity Aq 1yr
608,Nightsaver,3,11,5,72,11.12,6.22,0,,,EoN(2014-01-14) Electricity Aq 1yr
608,Nightsaver,3,11,8,72,11.5,6.04,0,,,EoN(2014-01-14) Electricity Aq 1yr
548,Nightsaver,15,11,7,72,11.44,6.11,0,,,EoN(2014-01-14) Electricity Aq 1yr
548,Nightsaver,15,11,6,72,11.3,6.19,0,,,EoN(2014-01-14) Electricity Aq 1yr
548,Nightsaver,15,11,5,72,11.12,6.22,0,,,EoN(2014-01-14) Electricity Aq 1yr
548,Nightsaver,15,11,8,72,11.5,6.04,0,,,EoN(2014-01-14) Electricity Aq 1yr
548,Nightsaver,17,11,7,72,11.44,6.11,0,,,EoN(2014-01-14) Electricity Aq 1yr
548,Nightsaver,17,11,6,72,11.3,6.19,0,,,EoN(2014-01-14) Electricity Aq 1yr
548,Nightsaver,17,11,5,72,11.12,6.22,0,,,EoN(2014-01-14) Electricity Aq 1yr
548,Nightsaver,17,11,8,72,11.5,6.04,0,,,EoN(2014-01-14) Electricity Aq 1yr
542,Nightsaver,1,11,7,72,11.44,6.11,0,,,EoN(2014-01-14) Electricity Aq 1yr
542,Nightsaver,1,11,6,72,11.3,6.19,0,,,EoN(2014-01-14) Electricity Aq 1yr
542,Nightsaver,1,11,5,72,11.12,6.22,0,,,EoN(2014-01-14) Electricity Aq 1yr
542,Nightsaver,1,11,8,72,11.5,6.04,0,,,EoN(2014-01-14) Electricity Aq 1yr
831,Nightsaver,16,11,7,72,11.44,6.11,0,,,EoN(2014-01-14) Electricity Aq 1yr
831,Nightsaver,16,11,6,72,11.3,6.19,0,,,EoN(2014-01-14) Electricity Aq 1yr
831,Nightsaver,16,11,5,72,11.12,6.22,0,,,EoN(2014-01-14) Electricity Aq 1yr
831,Nightsaver,16,11,8,72,11.5,6.04,0,,,EoN(2014-01-14) Electricity Aq 1yr
831,Nightsaver,13,11,7,72,11.44,6.11,0,,,EoN(2014-01-14) Electricity Aq 1yr
831,Nightsaver,13,11,6,72,11.3,6.19,0,,,EoN(2014-01-14) Electricity Aq 1yr
831,Nightsaver,13,11,5,72,11.12,6.22,0,,,EoN(2014-01-14) Electricity Aq 1yr
831,Nightsaver,13,11,8,72,11.5,6.04,0,,,EoN(2014-01-14) Electricity Aq 1yr
831,Nightsaver,3,11,7,72,11.44,6.11,0,,,EoN(2014-01-14) Electricity Aq 1yr
831,Nightsaver,3,11,6,72,11.3,6.19,0,,,EoN(2014-01-14) Electricity Aq 1yr
831,Nightsaver,3,11,5,72,11.12,6.22,0,,,EoN(2014-01-14) Electricity Aq 1yr
831,Nightsaver,3,11,8,72,11.5,6.04,0,,,EoN(2014-01-14) Electricity Aq 1yr
831,Nightsaver,1,11,7,72,11.44,6.11,0,,,EoN(2014-01-14) Electricity Aq 1yr
831,Nightsaver,1,11,6,72,11.3,6.19,0,,,EoN(2014-01-14) Electricity Aq 1yr
831,Nightsaver,1,11,5,72,11.12,6.22,0,,,EoN(2014-01-14) Electricity Aq 1yr
831,Nightsaver,1,11,8,72,11.5,6.04,0,,,EoN(2014-01-14) Electricity Aq 1yr
830,Nightsaver,140,11,7,72,11.44,6.11,0,,,EoN(2014-01-14) Electricity Aq 1yr
830,Nightsaver,140,11,6,72,11.3,6.19,0,,,EoN(2014-01-14) Electricity Aq 1yr
830,Nightsaver,140,11,5,72,11.12,6.22,0,,,EoN(2014-01-14) Electricity Aq 1yr
830,Nightsaver,140,11,8,72,11.5,6.04,0,,,EoN(2014-01-14) Electricity Aq 1yr
830,Nightsaver,137,11,7,72,11.44,6.11,0,,,EoN(2014-01-14) Electricity Aq 1yr
830,Nightsaver,137,11,6,72,11.3,6.19,0,,,EoN(2014-01-14) Electricity Aq 1yr
830,Nightsaver,137,11,5,72,11.12,6.22,0,,,EoN(2014-01-14) Electricity Aq 1yr
830,Nightsaver,137,11,8,72,11.5,6.04,0,,,EoN(2014-01-14) Electricity Aq 1yr
831,Nightsaver,19,11,7,72,11.44,6.11,0,,,EoN(2014-01-14) Electricity Aq 1yr
831,Nightsaver,19,11,6,72,11.3,6.19,0,,,EoN(2014-01-14) Electricity Aq 1yr
831,Nightsaver,19,11,5,72,11.12,6.22,0,,,EoN(2014-01-14) Electricity Aq 1yr
831,Nightsaver,19,11,8,72,11.5,6.04,0,,,EoN(2014-01-14) Electricity Aq 1yr
830,Nightsaver,103,11,7,72,11.44,6.11,0,,,EoN(2014-01-14) Electricity Aq 1yr
830,Nightsaver,103,11,6,72,11.3,6.19,0,,,EoN(2014-01-14) Electricity Aq 1yr
830,Nightsaver,103,11,5,72,11.12,6.22,0,,,EoN(2014-01-14) Electricity Aq 1yr
830,Nightsaver,103,11,8,72,11.5,6.04,0,,,EoN(2014-01-14) Electricity Aq 1yr
831,Nightsaver,101,11,7,72,11.44,6.11,0,,,EoN(2014-01-14) Electricity Aq 1yr
831,Nightsaver,101,11,6,72,11.3,6.19,0,,,EoN(2014-01-14) Electricity Aq 1yr
831,Nightsaver,101,11,5,72,11.12,6.22,0,,,EoN(2014-01-14) Electricity Aq 1yr
831,Nightsaver,101,11,8,72,11.5,6.04,0,,,EoN(2014-01-14) Electricity Aq 1yr
830,Nightsaver,101,11,7,72,11.44,6.11,0,,,EoN(2014-01-14) Electricity Aq 1yr
830,Nightsaver,101,11,6,72,11.3,6.19,0,,,EoN(2014-01-14) Electricity Aq 1yr
830,Nightsaver,101,11,5,72,11.12,6.22,0,,,EoN(2014-01-14) Electricity Aq 1yr
830,Nightsaver,101,11,8,72,11.5,6.04,0,,,EoN(2014-01-14) Electricity Aq 1yr
830,Nightsaver,116,11,7,72,11.44,6.11,0,,,EoN(2014-01-14) Electricity Aq 1yr
830,Nightsaver,116,11,6,72,11.3,6.19,0,,,EoN(2014-01-14) Electricity Aq 1yr
830,Nightsaver,116,11,5,72,11.12,6.22,0,,,EoN(2014-01-14) Electricity Aq 1yr
830,Nightsaver,116,11,8,72,11.5,6.04,0,,,EoN(2014-01-14) Electricity Aq 1yr
831,Nightsaver,37,11,7,72,11.44,6.11,0,,,EoN(2014-01-14) Electricity Aq 1yr
831,Nightsaver,37,11,6,72,11.3,6.19,0,,,EoN(2014-01-14) Electricity Aq 1yr
831,Nightsaver,37,11,5,72,11.12,6.22,0,,,EoN(2014-01-14) Electricity Aq 1yr
831,Nightsaver,37,11,8,72,11.5,6.04,0,,,EoN(2014-01-14) Electricity Aq 1yr
831,Nightsaver,37,11,7,72,11.44,6.11,0,,,EoN(2014-01-14) Electricity Aq 1yr
831,Nightsaver,37,11,6,72,11.3,6.19,0,,,EoN(2014-01-14) Electricity Aq 1yr
831,Nightsaver,37,11,5,72,11.12,6.22,0,,,EoN(2014-01-14) Electricity Aq 1yr
831,Nightsaver,37,11,8,72,11.5,6.04,0,,,EoN(2014-01-14) Electricity Aq 1yr
830,Nightsaver,52,11,7,72,11.44,6.11,0,,,EoN(2014-01-14) Electricity Aq 1yr
830,Nightsaver,52,11,6,72,11.3,6.19,0,,,EoN(2014-01-14) Electricity Aq 1yr
830,Nightsaver,52,11,5,72,11.12,6.22,0,,,EoN(2014-01-14) Electricity Aq 1yr
830,Nightsaver,52,11,8,72,11.5,6.04,0,,,EoN(2014-01-14) Electricity Aq 1yr
831,Nightsaver,52,11,7,72,11.44,6.11,0,,,EoN(2014-01-14) Electricity Aq 1yr
831,Nightsaver,52,11,6,72,11.3,6.19,0,,,EoN(2014-01-14) Electricity Aq 1yr
831,Nightsaver,52,11,5,72,11.12,6.22,0,,,EoN(2014-01-14) Electricity Aq 1yr
831,Nightsaver,52,11,8,72,11.5,6.04,0,,,EoN(2014-01-14) Electricity Aq 1yr
830,Nightsaver,113,11,7,72,11.44,6.11,0,,,EoN(2014-01-14) Electricity Aq 1yr
830,Nightsaver,113,11,6,72,11.3,6.19,0,,,EoN(2014-01-14) Electricity Aq 1yr
830,Nightsaver,113,11,5,72,11.12,6.22,0,,,EoN(2014-01-14) Electricity Aq 1yr
830,Nightsaver,113,11,8,72,11.5,6.04,0,,,EoN(2014-01-14) Electricity Aq 1yr
831,Nightsaver,103,11,7,72,11.44,6.11,0,,,EoN(2014-01-14) Electricity Aq 1yr
831,Nightsaver,103,11,6,72,11.3,6.19,0,,,EoN(2014-01-14) Electricity Aq 1yr
831,Nightsaver,103,11,5,72,11.12,6.22,0,,,EoN(2014-01-14) Electricity Aq 1yr
831,Nightsaver,103,11,8,72,11.5,6.04,0,,,EoN(2014-01-14) Electricity Aq 1yr
831,Nightsaver,113,11,7,72,11.44,6.11,0,,,EoN(2014-01-14) Electricity Aq 1yr
831,Nightsaver,113,11,6,72,11.3,6.19,0,,,EoN(2014-01-14) Electricity Aq 1yr
831,Nightsaver,113,11,5,72,11.12,6.22,0,,,EoN(2014-01-14) Electricity Aq 1yr
831,Nightsaver,113,11,8,72,11.5,6.04,0,,,EoN(2014-01-14) Electricity Aq 1yr
831,Nightsaver,116,11,7,72,11.44,6.11,0,,,EoN(2014-01-14) Electricity Aq 1yr
831,Nightsaver,116,11,6,72,11.3,6.19,0,,,EoN(2014-01-14) Electricity Aq 1yr
831,Nightsaver,116,11,5,72,11.12,6.22,0,,,EoN(2014-01-14) Electricity Aq 1yr
831,Nightsaver,116,11,8,72,11.5,6.04,0,,,EoN(2014-01-14) Electricity Aq 1yr
831,Nightsaver,119,11,7,72,11.44,6.11,0,,,EoN(2014-01-14) Electricity Aq 1yr
831,Nightsaver,119,11,6,72,11.3,6.19,0,,,EoN(2014-01-14) Electricity Aq 1yr
831,Nightsaver,119,11,5,72,11.12,6.22,0,,,EoN(2014-01-14) Electricity Aq 1yr
831,Nightsaver,119,11,8,72,11.5,6.04,0,,,EoN(2014-01-14) Electricity Aq 1yr
831,Nightsaver,137,11,7,72,11.44,6.11,0,,,EoN(2014-01-14) Electricity Aq 1yr
831,Nightsaver,137,11,6,72,11.3,6.19,0,,,EoN(2014-01-14) Electricity Aq 1yr
831,Nightsaver,137,11,5,72,11.12,6.22,0,,,EoN(2014-01-14) Electricity Aq 1yr
831,Nightsaver,137,11,8,72,11.5,6.04,0,,,EoN(2014-01-14) Electricity Aq 1yr
831,Nightsaver,140,11,7,72,11.44,6.11,0,,,EoN(2014-01-14) Electricity Aq 1yr
831,Nightsaver,140,11,6,72,11.3,6.19,0,,,EoN(2014-01-14) Electricity Aq 1yr
831,Nightsaver,140,11,5,72,11.12,6.22,0,,,EoN(2014-01-14) Electricity Aq 1yr
831,Nightsaver,140,11,8,72,11.5,6.04,0,,,EoN(2014-01-14) Electricity Aq 1yr
831,Nightsaver,152,11,7,72,11.44,6.11,0,,,EoN(2014-01-14) Electricity Aq 1yr
831,Nightsaver,152,11,6,72,11.3,6.19,0,,,EoN(2014-01-14) Electricity Aq 1yr
831,Nightsaver,152,11,5,72,11.12,6.22,0,,,EoN(2014-01-14) Electricity Aq 1yr
831,Nightsaver,152,11,8,72,11.5,6.04,0,,,EoN(2014-01-14) Electricity Aq 1yr
831,Nightsaver,40,11,7,72,11.44,6.11,0,,,EoN(2014-01-14) Electricity Aq 1yr
831,Nightsaver,40,11,6,72,11.3,6.19,0,,,EoN(2014-01-14) Electricity Aq 1yr
831,Nightsaver,40,11,5,72,11.12,6.22,0,,,EoN(2014-01-14) Electricity Aq 1yr
831,Nightsaver,40,11,8,72,11.5,6.04,0,,,EoN(2014-01-14) Electricity Aq 1yr
830,Nightsaver,3,11,7,72,11.44,6.11,0,,,EoN(2014-01-14) Electricity Aq 1yr
830,Nightsaver,3,11,6,72,11.3,6.19,0,,,EoN(2014-01-14) Electricity Aq 1yr
830,Nightsaver,3,11,5,72,11.12,6.22,0,,,EoN(2014-01-14) Electricity Aq 1yr
830,Nightsaver,3,11,8,72,11.5,6.04,0,,,EoN(2014-01-14) Electricity Aq 1yr
830,Nightsaver,40,11,7,72,11.44,6.11,0,,,EoN(2014-01-14) Electricity Aq 1yr
830,Nightsaver,40,11,6,72,11.3,6.19,0,,,EoN(2014-01-14) Electricity Aq 1yr
830,Nightsaver,40,11,5,72,11.12,6.22,0,,,EoN(2014-01-14) Electricity Aq 1yr
830,Nightsaver,40,11,8,72,11.5,6.04,0,,,EoN(2014-01-14) Electricity Aq 1yr
830,Nightsaver,119,11,7,72,11.44,6.11,0,,,EoN(2014-01-14) Electricity Aq 1yr
830,Nightsaver,119,11,6,72,11.3,6.19,0,,,EoN(2014-01-14) Electricity Aq 1yr
830,Nightsaver,119,11,5,72,11.12,6.22,0,,,EoN(2014-01-14) Electricity Aq 1yr
830,Nightsaver,119,11,8,72,11.5,6.04,0,,,EoN(2014-01-14) Electricity Aq 1yr
830,Nightsaver,1,11,7,72,11.44,6.11,0,,,EoN(2014-01-14) Electricity Aq 1yr
830,Nightsaver,1,11,6,72,11.3,6.19,0,,,EoN(2014-01-14) Electricity Aq 1yr
830,Nightsaver,1,11,5,72,11.12,6.22,0,,,EoN(2014-01-14) Electricity Aq 1yr
830,Nightsaver,1,11,8,72,11.5,6.04,0,,,EoN(2014-01-14) Electricity Aq 1yr
830,Nightsaver,13,11,7,72,11.44,6.11,0,,,EoN(2014-01-14) Electricity Aq 1yr
830,Nightsaver,13,11,6,72,11.3,6.19,0,,,EoN(2014-01-14) Electricity Aq 1yr
830,Nightsaver,13,11,5,72,11.12,6.22,0,,,EoN(2014-01-14) Electricity Aq 1yr
830,Nightsaver,13,11,8,72,11.5,6.04,0,,,EoN(2014-01-14) Electricity Aq 1yr
830,Nightsaver,16,11,7,72,11.44,6.11,0,,,EoN(2014-01-14) Electricity Aq 1yr
830,Nightsaver,16,11,6,72,11.3,6.19,0,,,EoN(2014-01-14) Electricity Aq 1yr
830,Nightsaver,16,11,5,72,11.12,6.22,0,,,EoN(2014-01-14) Electricity Aq 1yr
830,Nightsaver,16,11,8,72,11.5,6.04,0,,,EoN(2014-01-14) Electricity Aq 1yr
830,Nightsaver,19,11,7,72,11.44,6.11,0,,,EoN(2014-01-14) Electricity Aq 1yr
830,Nightsaver,19,11,6,72,11.3,6.19,0,,,EoN(2014-01-14) Electricity Aq 1yr
830,Nightsaver,19,11,5,72,11.12,6.22,0,,,EoN(2014-01-14) Electricity Aq 1yr
830,Nightsaver,19,11,8,72,11.5,6.04,0,,,EoN(2014-01-14) Electricity Aq 1yr
830,Nightsaver,37,11,7,72,11.44,6.11,0,,,EoN(2014-01-14) Electricity Aq 1yr
830,Nightsaver,37,11,6,72,11.3,6.19,0,,,EoN(2014-01-14) Electricity Aq 1yr
830,Nightsaver,37,11,5,72,11.12,6.22,0,,,EoN(2014-01-14) Electricity Aq 1yr
830,Nightsaver,37,11,8,72,11.5,6.04,0,,,EoN(2014-01-14) Electricity Aq 1yr
830,Nightsaver,37,11,7,72,11.44,6.11,0,,,EoN(2014-01-14) Electricity Aq 1yr
830,Nightsaver,37,11,6,72,11.3,6.19,0,,,EoN(2014-01-14) Electricity Aq 1yr
830,Nightsaver,37,11,5,72,11.12,6.22,0,,,EoN(2014-01-14) Electricity Aq 1yr
830,Nightsaver,37,11,8,72,11.5,6.04,0,,,EoN(2014-01-14) Electricity Aq 1yr
830,Nightsaver,152,11,7,72,11.44,6.11,0,,,EoN(2014-01-14) Electricity Aq 1yr
830,Nightsaver,152,11,6,72,11.3,6.19,0,,,EoN(2014-01-14) Electricity Aq 1yr
830,Nightsaver,152,11,5,72,11.12,6.22,0,,,EoN(2014-01-14) Electricity Aq 1yr
830,Nightsaver,152,11,8,72,11.5,6.04,0,,,EoN(2014-01-14) Electricity Aq 1yr
542,Nightsaver,140,11,7,72,11.44,6.11,0,,,EoN(2014-01-14) Electricity Aq 1yr
542,Nightsaver,140,11,6,72,11.3,6.19,0,,,EoN(2014-01-14) Electricity Aq 1yr
542,Nightsaver,140,11,5,72,11.12,6.22,0,,,EoN(2014-01-14) Electricity Aq 1yr
542,Nightsaver,140,11,8,72,11.5,6.04,0,,,EoN(2014-01-14) Electricity Aq 1yr
548,Nightsaver,140,11,7,72,11.44,6.11,0,,,EoN(2014-01-14) Electricity Aq 1yr
548,Nightsaver,140,11,6,72,11.3,6.19,0,,,EoN(2014-01-14) Electricity Aq 1yr
548,Nightsaver,140,11,5,72,11.12,6.22,0,,,EoN(2014-01-14) Electricity Aq 1yr
548,Nightsaver,140,11,8,72,11.5,6.04,0,,,EoN(2014-01-14) Electricity Aq 1yr
542,Nightsaver,134,11,7,72,11.44,6.11,0,,,EoN(2014-01-14) Electricity Aq 1yr
542,Nightsaver,134,11,6,72,11.3,6.19,0,,,EoN(2014-01-14) Electricity Aq 1yr
542,Nightsaver,134,11,5,72,11.12,6.22,0,,,EoN(2014-01-14) Electricity Aq 1yr
542,Nightsaver,134,11,8,72,11.5,6.04,0,,,EoN(2014-01-14) Electricity Aq 1yr
648,Nightsaver,3,11,7,72,11.44,6.11,0,,,EoN(2014-01-14) Electricity Aq 1yr
648,Nightsaver,3,11,6,72,11.3,6.19,0,,,EoN(2014-01-14) Electricity Aq 1yr
648,Nightsaver,3,11,5,72,11.12,6.22,0,,,EoN(2014-01-14) Electricity Aq 1yr
648,Nightsaver,3,11,8,72,11.5,6.04,0,,,EoN(2014-01-14) Electricity Aq 1yr
548,Nightsaver,134,11,7,72,11.44,6.11,0,,,EoN(2014-01-14) Electricity Aq 1yr
548,Nightsaver,134,11,6,72,11.3,6.19,0,,,EoN(2014-01-14) Electricity Aq 1yr
548,Nightsaver,134,11,5,72,11.12,6.22,0,,,EoN(2014-01-14) Electricity Aq 1yr
548,Nightsaver,134,11,8,72,11.5,6.04,0,,,EoN(2014-01-14) Electricity Aq 1yr
548,Nightsaver,119,11,7,72,11.44,6.11,0,,,EoN(2014-01-14) Electricity Aq 1yr
548,Nightsaver,119,11,6,72,11.3,6.19,0,,,EoN(2014-01-14) Electricity Aq 1yr
548,Nightsaver,119,11,5,72,11.12,6.22,0,,,EoN(2014-01-14) Electricity Aq 1yr
548,Nightsaver,119,11,8,72,11.5,6.04,0,,,EoN(2014-01-14) Electricity Aq 1yr
542,Nightsaver,119,11,7,72,11.44,6.11,0,,,EoN(2014-01-14) Electricity Aq 1yr
542,Nightsaver,119,11,6,72,11.3,6.19,0,,,EoN(2014-01-14) Electricity Aq 1yr
542,Nightsaver,119,11,5,72,11.12,6.22,0,,,EoN(2014-01-14) Electricity Aq 1yr
542,Nightsaver,119,11,8,72,11.5,6.04,0,,,EoN(2014-01-14) Electricity Aq 1yr
548,Nightsaver,103,11,7,72,11.44,6.11,0,,,EoN(2014-01-14) Electricity Aq 1yr
548,Nightsaver,103,11,6,72,11.3,6.19,0,,,EoN(2014-01-14) Electricity Aq 1yr
548,Nightsaver,103,11,5,72,11.12,6.22,0,,,EoN(2014-01-14) Electricity Aq 1yr
548,Nightsaver,103,11,8,72,11.5,6.04,0,,,EoN(2014-01-14) Electricity Aq 1yr
608,Nightsaver,7,11,7,72,11.44,6.11,0,,,EoN(2014-01-14) Electricity Aq 1yr
608,Nightsaver,7,11,6,72,11.3,6.19,0,,,EoN(2014-01-14) Electricity Aq 1yr
608,Nightsaver,7,11,5,72,11.12,6.22,0,,,EoN(2014-01-14) Electricity Aq 1yr
608,Nightsaver,7,11,8,72,11.5,6.04,0,,,EoN(2014-01-14) Electricity Aq 1yr
548,Nightsaver,40,11,7,72,11.44,6.11,0,,,EoN(2014-01-14) Electricity Aq 1yr
548,Nightsaver,40,11,6,72,11.3,6.19,0,,,EoN(2014-01-14) Electricity Aq 1yr
548,Nightsaver,40,11,5,72,11.12,6.22,0,,,EoN(2014-01-14) Electricity Aq 1yr
548,Nightsaver,40,11,8,72,11.5,6.04,0,,,EoN(2014-01-14) Electricity Aq 1yr
548,Nightsaver,37,11,7,72,11.44,6.11,0,,,EoN(2014-01-14) Electricity Aq 1yr
548,Nightsaver,37,11,6,72,11.3,6.19,0,,,EoN(2014-01-14) Electricity Aq 1yr
548,Nightsaver,37,11,5,72,11.12,6.22,0,,,EoN(2014-01-14) Electricity Aq 1yr
548,Nightsaver,37,11,8,72,11.5,6.04,0,,,EoN(2014-01-14) Electricity Aq 1yr
548,Nightsaver,113,11,7,72,11.44,6.11,0,,,EoN(2014-01-14) Electricity Aq 1yr
548,Nightsaver,113,11,6,72,11.3,6.19,0,,,EoN(2014-01-14) Electricity Aq 1yr
548,Nightsaver,113,11,5,72,11.12,6.22,0,,,EoN(2014-01-14) Electricity Aq 1yr
548,Nightsaver,113,11,8,72,11.5,6.04,0,,,EoN(2014-01-14) Electricity Aq 1yr
542,Nightsaver,23,11,7,72,11.44,6.11,0,,,EoN(2014-01-14) Electricity Aq 1yr
542,Nightsaver,23,11,6,72,11.3,6.19,0,,,EoN(2014-01-14) Electricity Aq 1yr
542,Nightsaver,23,11,5,72,11.12,6.22,0,,,EoN(2014-01-14) Electricity Aq 1yr
542,Nightsaver,23,11,8,72,11.5,6.04,0,,,EoN(2014-01-14) Electricity Aq 1yr
648,Nightsaver,7,11,7,72,11.44,6.11,0,,,EoN(2014-01-14) Electricity Aq 1yr
648,Nightsaver,7,11,6,72,11.3,6.19,0,,,EoN(2014-01-14) Electricity Aq 1yr
648,Nightsaver,7,11,5,72,11.12,6.22,0,,,EoN(2014-01-14) Electricity Aq 1yr
648,Nightsaver,7,11,8,72,11.5,6.04,0,,,EoN(2014-01-14) Electricity Aq 1yr
542,Nightsaver,40,11,7,72,11.44,6.11,0,,,EoN(2014-01-14) Electricity Aq 1yr
542,Nightsaver,40,11,6,72,11.3,6.19,0,,,EoN(2014-01-14) Electricity Aq 1yr
542,Nightsaver,40,11,5,72,11.12,6.22,0,,,EoN(2014-01-14) Electricity Aq 1yr
542,Nightsaver,40,11,8,72,11.5,6.04,0,,,EoN(2014-01-14) Electricity Aq 1yr
146,Nightsaver,1,11,7,72,11.44,6.11,0,,,EoN(2014-01-14) Electricity Aq 1yr
146,Nightsaver,1,11,6,72,11.3,6.19,0,,,EoN(2014-01-14) Electricity Aq 1yr
146,Nightsaver,1,11,5,72,11.12,6.22,0,,,EoN(2014-01-14) Electricity Aq 1yr
146,Nightsaver,1,11,8,72,11.5,6.04,0,,,EoN(2014-01-14) Electricity Aq 1yr
542,Nightsaver,101,11,7,72,11.44,6.11,0,,,EoN(2014-01-14) Electricity Aq 1yr
542,Nightsaver,101,11,6,72,11.3,6.19,0,,,EoN(2014-01-14) Electricity Aq 1yr
542,Nightsaver,101,11,5,72,11.12,6.22,0,,,EoN(2014-01-14) Electricity Aq 1yr
542,Nightsaver,101,11,8,72,11.5,6.04,0,,,EoN(2014-01-14) Electricity Aq 1yr
542,Nightsaver,34,11,7,72,11.44,6.11,0,,,EoN(2014-01-14) Electricity Aq 1yr
542,Nightsaver,34,11,6,72,11.3,6.19,0,,,EoN(2014-01-14) Electricity Aq 1yr
542,Nightsaver,34,11,5,72,11.12,6.22,0,,,EoN(2014-01-14) Electricity Aq 1yr
542,Nightsaver,34,11,8,72,11.5,6.04,0,,,EoN(2014-01-14) Electricity Aq 1yr
542,Nightsaver,29,11,7,72,11.44,6.11,0,,,EoN(2014-01-14) Electricity Aq 1yr
542,Nightsaver,29,11,6,72,11.3,6.19,0,,,EoN(2014-01-14) Electricity Aq 1yr
542,Nightsaver,29,11,5,72,11.12,6.22,0,,,EoN(2014-01-14) Electricity Aq 1yr
542,Nightsaver,29,11,8,72,11.5,6.04,0,,,EoN(2014-01-14) Electricity Aq 1yr
613,Nightsaver,7,11,7,72,11.44,6.11,0,,,EoN(2014-01-14) Electricity Aq 1yr
613,Nightsaver,7,11,6,72,11.3,6.19,0,,,EoN(2014-01-14) Electricity Aq 1yr
613,Nightsaver,7,11,5,72,11.12,6.22,0,,,EoN(2014-01-14) Electricity Aq 1yr
613,Nightsaver,7,11,8,72,11.5,6.04,0,,,EoN(2014-01-14) Electricity Aq 1yr
542,Nightsaver,103,11,7,72,11.44,6.11,0,,,EoN(2014-01-14) Electricity Aq 1yr
542,Nightsaver,103,11,6,72,11.3,6.19,0,,,EoN(2014-01-14) Electricity Aq 1yr
542,Nightsaver,103,11,5,72,11.12,6.22,0,,,EoN(2014-01-14) Electricity Aq 1yr
542,Nightsaver,103,11,8,72,11.5,6.04,0,,,EoN(2014-01-14) Electricity Aq 1yr
146,Nightsaver,2,11,7,72,11.44,6.11,0,,,EoN(2014-01-14) Electricity Aq 1yr
146,Nightsaver,2,11,6,72,11.3,6.19,0,,,EoN(2014-01-14) Electricity Aq 1yr
146,Nightsaver,2,11,5,72,11.12,6.22,0,,,EoN(2014-01-14) Electricity Aq 1yr
146,Nightsaver,2,11,8,72,11.5,6.04,0,,,EoN(2014-01-14) Electricity Aq 1yr
150,Nightsaver,3,11,7,72,11.44,6.11,0,,,EoN(2014-01-14) Electricity Aq 1yr
150,Nightsaver,3,11,6,72,11.3,6.19,0,,,EoN(2014-01-14) Electricity Aq 1yr
150,Nightsaver,3,11,5,72,11.12,6.22,0,,,EoN(2014-01-14) Electricity Aq 1yr
150,Nightsaver,3,11,8,72,11.5,6.04,0,,,EoN(2014-01-14) Electricity Aq 1yr
542,Nightsaver,21,11,7,72,11.44,6.11,0,,,EoN(2014-01-14) Electricity Aq 1yr
542,Nightsaver,21,11,6,72,11.3,6.19,0,,,EoN(2014-01-14) Electricity Aq 1yr
542,Nightsaver,21,11,5,72,11.12,6.22,0,,,EoN(2014-01-14) Electricity Aq 1yr
542,Nightsaver,21,11,8,72,11.5,6.04,0,,,EoN(2014-01-14) Electricity Aq 1yr
542,Nightsaver,1,11,7,72,11.44,6.11,0,,,EoN(2014-01-14) Electricity Aq 1yr
542,Nightsaver,1,11,6,72,11.3,6.19,0,,,EoN(2014-01-14) Electricity Aq 1yr
542,Nightsaver,1,11,5,72,11.12,6.22,0,,,EoN(2014-01-14) Electricity Aq 1yr
542,Nightsaver,1,11,8,72,11.5,6.04,0,,,EoN(2014-01-14) Electricity Aq 1yr
542,Nightsaver,19,11,7,72,11.44,6.11,0,,,EoN(2014-01-14) Electricity Aq 1yr
542,Nightsaver,19,11,6,72,11.3,6.19,0,,,EoN(2014-01-14) Electricity Aq 1yr
542,Nightsaver,19,11,5,72,11.12,6.22,0,,,EoN(2014-01-14) Electricity Aq 1yr
542,Nightsaver,19,11,8,72,11.5,6.04,0,,,EoN(2014-01-14) Electricity Aq 1yr
542,Nightsaver,113,11,7,72,11.44,6.11,0,,,EoN(2014-01-14) Electricity Aq 1yr
542,Nightsaver,113,11,6,72,11.3,6.19,0,,,EoN(2014-01-14) Electricity Aq 1yr
542,Nightsaver,113,11,5,72,11.12,6.22,0,,,EoN(2014-01-14) Electricity Aq 1yr
542,Nightsaver,113,11,8,72,11.5,6.04,0,,,EoN(2014-01-14) Electricity Aq 1yr
150,Nightsaver,2,11,7,72,11.44,6.11,0,,,EoN(2014-01-14) Electricity Aq 1yr
150,Nightsaver,2,11,6,72,11.3,6.19,0,,,EoN(2014-01-14) Electricity Aq 1yr
150,Nightsaver,2,11,5,72,11.12,6.22,0,,,EoN(2014-01-14) Electricity Aq 1yr
150,Nightsaver,2,11,8,72,11.5,6.04,0,,,EoN(2014-01-14) Electricity Aq 1yr
613,Nightsaver,3,11,7,72,11.44,6.11,0,,,EoN(2014-01-14) Electricity Aq 1yr
613,Nightsaver,3,11,6,72,11.3,6.19,0,,,EoN(2014-01-14) Electricity Aq 1yr
613,Nightsaver,3,11,5,72,11.12,6.22,0,,,EoN(2014-01-14) Electricity Aq 1yr
613,Nightsaver,3,11,8,72,11.5,6.04,0,,,EoN(2014-01-14) Electricity Aq 1yr
613,Nightsaver,2,11,7,72,11.44,6.11,0,,,EoN(2014-01-14) Electricity Aq 1yr
613,Nightsaver,2,11,6,72,11.3,6.19,0,,,EoN(2014-01-14) Electricity Aq 1yr
613,Nightsaver,2,11,5,72,11.12,6.22,0,,,EoN(2014-01-14) Electricity Aq 1yr
613,Nightsaver,2,11,8,72,11.5,6.04,0,,,EoN(2014-01-14) Electricity Aq 1yr
542,Nightsaver,27,11,7,72,11.44,6.11,0,,,EoN(2014-01-14) Electricity Aq 1yr
542,Nightsaver,27,11,6,72,11.3,6.19,0,,,EoN(2014-01-14) Electricity Aq 1yr
542,Nightsaver,27,11,5,72,11.12,6.22,0,,,EoN(2014-01-14) Electricity Aq 1yr
542,Nightsaver,27,11,8,72,11.5,6.04,0,,,EoN(2014-01-14) Electricity Aq 1yr
150,Nightsaver,7,11,7,72,11.44,6.11,0,,,EoN(2014-01-14) Electricity Aq 1yr
150,Nightsaver,7,11,6,72,11.3,6.19,0,,,EoN(2014-01-14) Electricity Aq 1yr
150,Nightsaver,7,11,5,72,11.12,6.22,0,,,EoN(2014-01-14) Electricity Aq 1yr
150,Nightsaver,7,11,8,72,11.5,6.04,0,,,EoN(2014-01-14) Electricity Aq 1yr
106,Nightsaver,1,11,7,72,11.44,6.11,0,,,EoN(2014-01-14) Electricity Aq 1yr
106,Nightsaver,1,11,6,72,11.3,6.19,0,,,EoN(2014-01-14) Electricity Aq 1yr
106,Nightsaver,1,11,5,72,11.12,6.22,0,,,EoN(2014-01-14) Electricity Aq 1yr
106,Nightsaver,1,11,8,72,11.5,6.04,0,,,EoN(2014-01-14) Electricity Aq 1yr
548,Nightsaver,12,11,7,72,11.44,6.11,0,,,EoN(2014-01-14) Electricity Aq 1yr
548,Nightsaver,12,11,6,72,11.3,6.19,0,,,EoN(2014-01-14) Electricity Aq 1yr
548,Nightsaver,12,11,5,72,11.12,6.22,0,,,EoN(2014-01-14) Electricity Aq 1yr
548,Nightsaver,12,11,8,72,11.5,6.04,0,,,EoN(2014-01-14) Electricity Aq 1yr
548,Nightsaver,3,11,7,72,11.44,6.11,0,,,EoN(2014-01-14) Electricity Aq 1yr
548,Nightsaver,3,11,6,72,11.3,6.19,0,,,EoN(2014-01-14) Electricity Aq 1yr
548,Nightsaver,3,11,5,72,11.12,6.22,0,,,EoN(2014-01-14) Electricity Aq 1yr
548,Nightsaver,3,11,8,72,11.5,6.04,0,,,EoN(2014-01-14) Electricity Aq 1yr
548,Nightsaver,1,11,7,72,11.44,6.11,0,,,EoN(2014-01-14) Electricity Aq 1yr
548,Nightsaver,1,11,6,72,11.3,6.19,0,,,EoN(2014-01-14) Electricity Aq 1yr
548,Nightsaver,1,11,5,72,11.12,6.22,0,,,EoN(2014-01-14) Electricity Aq 1yr
548,Nightsaver,1,11,8,72,11.5,6.04,0,,,EoN(2014-01-14) Electricity Aq 1yr
653,Nightsaver,2,11,7,72,11.44,6.11,0,,,EoN(2014-01-14) Electricity Aq 1yr
653,Nightsaver,2,11,6,72,11.3,6.19,0,,,EoN(2014-01-14) Electricity Aq 1yr
653,Nightsaver,2,11,5,72,11.12,6.22,0,,,EoN(2014-01-14) Electricity Aq 1yr
653,Nightsaver,2,11,8,72,11.5,6.04,0,,,EoN(2014-01-14) Electricity Aq 1yr
648,Nightsaver,2,11,7,72,11.44,6.11,0,,,EoN(2014-01-14) Electricity Aq 1yr
648,Nightsaver,2,11,6,72,11.3,6.19,0,,,EoN(2014-01-14) Electricity Aq 1yr
648,Nightsaver,2,11,5,72,11.12,6.22,0,,,EoN(2014-01-14) Electricity Aq 1yr
648,Nightsaver,2,11,8,72,11.5,6.04,0,,,EoN(2014-01-14) Electricity Aq 1yr
548,Nightsaver,14,11,7,72,11.44,6.11,0,,,EoN(2014-01-14) Electricity Aq 1yr
548,Nightsaver,14,11,6,72,11.3,6.19,0,,,EoN(2014-01-14) Electricity Aq 1yr
548,Nightsaver,14,11,5,72,11.12,6.22,0,,,EoN(2014-01-14) Electricity Aq 1yr
548,Nightsaver,14,11,8,72,11.5,6.04,0,,,EoN(2014-01-14) Electricity Aq 1yr
146,Nightsaver,3,11,7,72,11.44,6.11,0,,,EoN(2014-01-14) Electricity Aq 1yr
146,Nightsaver,3,11,6,72,11.3,6.19,0,,,EoN(2014-01-14) Electricity Aq 1yr
146,Nightsaver,3,11,5,72,11.12,6.22,0,,,EoN(2014-01-14) Electricity Aq 1yr
146,Nightsaver,3,11,8,72,11.5,6.04,0,,,EoN(2014-01-14) Electricity Aq 1yr
548,Nightsaver,15,11,7,72,11.44,6.11,0,,,EoN(2014-01-14) Electricity Aq 1yr
548,Nightsaver,15,11,6,72,11.3,6.19,0,,,EoN(2014-01-14) Electricity Aq 1yr
548,Nightsaver,15,11,5,72,11.12,6.22,0,,,EoN(2014-01-14) Electricity Aq 1yr
548,Nightsaver,15,11,8,72,11.5,6.04,0,,,EoN(2014-01-14) Electricity Aq 1yr
653,Nightsaver,3,11,7,72,11.44,6.11,0,,,EoN(2014-01-14) Electricity Aq 1yr
653,Nightsaver,3,11,6,72,11.3,6.19,0,,,EoN(2014-01-14) Electricity Aq 1yr
653,Nightsaver,3,11,5,72,11.12,6.22,0,,,EoN(2014-01-14) Electricity Aq 1yr
653,Nightsaver,3,11,8,72,11.5,6.04,0,,,EoN(2014-01-14) Electricity Aq 1yr
653,Nightsaver,7,11,7,72,11.44,6.11,0,,,EoN(2014-01-14) Electricity Aq 1yr
653,Nightsaver,7,11,6,72,11.3,6.19,0,,,EoN(2014-01-14) Electricity Aq 1yr
653,Nightsaver,7,11,5,72,11.12,6.22,0,,,EoN(2014-01-14) Electricity Aq 1yr
653,Nightsaver,7,11,8,72,11.5,6.04,0,,,EoN(2014-01-14) Electricity Aq 1yr
542,Nightsaver,14,11,7,72,11.44,6.11,0,,,EoN(2014-01-14) Electricity Aq 1yr
542,Nightsaver,14,11,6,72,11.3,6.19,0,,,EoN(2014-01-14) Electricity Aq 1yr
542,Nightsaver,14,11,5,72,11.12,6.22,0,,,EoN(2014-01-14) Electricity Aq 1yr
542,Nightsaver,14,11,8,72,11.5,6.04,0,,,EoN(2014-01-14) Electricity Aq 1yr
542,Nightsaver,13,11,7,72,11.44,6.11,0,,,EoN(2014-01-14) Electricity Aq 1yr
542,Nightsaver,13,11,6,72,11.3,6.19,0,,,EoN(2014-01-14) Electricity Aq 1yr
542,Nightsaver,13,11,5,72,11.12,6.22,0,,,EoN(2014-01-14) Electricity Aq 1yr
542,Nightsaver,13,11,8,72,11.5,6.04,0,,,EoN(2014-01-14) Electricity Aq 1yr
608,Nightsaver,2,11,7,72,11.44,6.11,0,,,EoN(2014-01-14) Electricity Aq 1yr
608,Nightsaver,2,11,6,72,11.3,6.19,0,,,EoN(2014-01-14) Electricity Aq 1yr
608,Nightsaver,2,11,5,72,11.12,6.22,0,,,EoN(2014-01-14) Electricity Aq 1yr
608,Nightsaver,2,11,8,72,11.5,6.04,0,,,EoN(2014-01-14) Electricity Aq 1yr
548,Nightsaver,101,11,7,72,11.44,6.11,0,,,EoN(2014-01-14) Electricity Aq 1yr
548,Nightsaver,101,11,6,72,11.3,6.19,0,,,EoN(2014-01-14) Electricity Aq 1yr
548,Nightsaver,101,11,5,72,11.12,6.22,0,,,EoN(2014-01-14) Electricity Aq 1yr
548,Nightsaver,101,11,8,72,11.5,6.04,0,,,EoN(2014-01-14) Electricity Aq 1yr
542,Nightsaver,12,11,7,72,11.44,6.11,0,,,EoN(2014-01-14) Electricity Aq 1yr
542,Nightsaver,12,11,6,72,11.3,6.19,0,,,EoN(2014-01-14) Electricity Aq 1yr
542,Nightsaver,12,11,5,72,11.12,6.22,0,,,EoN(2014-01-14) Electricity Aq 1yr
542,Nightsaver,12,11,8,72,11.5,6.04,0,,,EoN(2014-01-14) Electricity Aq 1yr
146,Nightsaver,7,11,7,72,11.44,6.11,0,,,EoN(2014-01-14) Electricity Aq 1yr
146,Nightsaver,7,11,6,72,11.3,6.19,0,,,EoN(2014-01-14) Electricity Aq 1yr
146,Nightsaver,7,11,5,72,11.12,6.22,0,,,EoN(2014-01-14) Electricity Aq 1yr
146,Nightsaver,7,11,8,72,11.5,6.04,0,,,EoN(2014-01-14) Electricity Aq 1yr
542,Nightsaver,15,11,7,72,11.44,6.11,0,,,EoN(2014-01-14) Electricity Aq 1yr
542,Nightsaver,15,11,6,72,11.3,6.19,0,,,EoN(2014-01-14) Electricity Aq 1yr
542,Nightsaver,15,11,5,72,11.12,6.22,0,,,EoN(2014-01-14) Electricity Aq 1yr
542,Nightsaver,15,11,8,72,11.5,6.04,0,,,EoN(2014-01-14) Electricity Aq 1yr
110,Nightsaver,7,11,7,72,11.44,6.11,0,,,EoN(2014-01-14) Electricity Aq 1yr
110,Nightsaver,7,11,6,72,11.3,6.19,0,,,EoN(2014-01-14) Electricity Aq 1yr
110,Nightsaver,7,11,5,72,11.12,6.22,0,,,EoN(2014-01-14) Electricity Aq 1yr
110,Nightsaver,7,11,8,72,11.5,6.04,0,,,EoN(2014-01-14) Electricity Aq 1yr
110,Nightsaver,3,11,7,72,11.44,6.11,0,,,EoN(2014-01-14) Electricity Aq 1yr
110,Nightsaver,3,11,6,72,11.3,6.19,0,,,EoN(2014-01-14) Electricity Aq 1yr
110,Nightsaver,3,11,5,72,11.12,6.22,0,,,EoN(2014-01-14) Electricity Aq 1yr
110,Nightsaver,3,11,8,72,11.5,6.04,0,,,EoN(2014-01-14) Electricity Aq 1yr
106,Nightsaver,7,11,7,72,11.44,6.11,0,,,EoN(2014-01-14) Electricity Aq 1yr
106,Nightsaver,7,11,6,72,11.3,6.19,0,,,EoN(2014-01-14) Electricity Aq 1yr
106,Nightsaver,7,11,5,72,11.12,6.22,0,,,EoN(2014-01-14) Electricity Aq 1yr
106,Nightsaver,7,11,8,72,11.5,6.04,0,,,EoN(2014-01-14) Electricity Aq 1yr
106,Nightsaver,3,11,7,72,11.44,6.11,0,,,EoN(2014-01-14) Electricity Aq 1yr
106,Nightsaver,3,11,6,72,11.3,6.19,0,,,EoN(2014-01-14) Electricity Aq 1yr
106,Nightsaver,3,11,5,72,11.12,6.22,0,,,EoN(2014-01-14) Electricity Aq 1yr
106,Nightsaver,3,11,8,72,11.5,6.04,0,,,EoN(2014-01-14) Electricity Aq 1yr
106,Nightsaver,2,11,7,72,11.44,6.11,0,,,EoN(2014-01-14) Electricity Aq 1yr
106,Nightsaver,2,11,6,72,11.3,6.19,0,,,EoN(2014-01-14) Electricity Aq 1yr
106,Nightsaver,2,11,5,72,11.12,6.22,0,,,EoN(2014-01-14) Electricity Aq 1yr
106,Nightsaver,2,11,8,72,11.5,6.04,0,,,EoN(2014-01-14) Electricity Aq 1yr
542,Nightsaver,37,11,7,72,11.44,6.11,0,,,EoN(2014-01-14) Electricity Aq 1yr
542,Nightsaver,37,11,6,72,11.3,6.19,0,,,EoN(2014-01-14) Electricity Aq 1yr
542,Nightsaver,37,11,5,72,11.12,6.22,0,,,EoN(2014-01-14) Electricity Aq 1yr
542,Nightsaver,37,11,8,72,11.5,6.04,0,,,EoN(2014-01-14) Electricity Aq 1yr
548,Nightsaver,34,11,7,72,11.44,6.11,0,,,EoN(2014-01-14) Electricity Aq 1yr
548,Nightsaver,34,11,6,72,11.3,6.19,0,,,EoN(2014-01-14) Electricity Aq 1yr
548,Nightsaver,34,11,5,72,11.12,6.22,0,,,EoN(2014-01-14) Electricity Aq 1yr
548,Nightsaver,34,11,8,72,11.5,6.04,0,,,EoN(2014-01-14) Electricity Aq 1yr
548,Nightsaver,13,11,7,72,11.44,6.11,0,,,EoN(2014-01-14) Electricity Aq 1yr
548,Nightsaver,13,11,6,72,11.3,6.19,0,,,EoN(2014-01-14) Electricity Aq 1yr
548,Nightsaver,13,11,5,72,11.12,6.22,0,,,EoN(2014-01-14) Electricity Aq 1yr
548,Nightsaver,13,11,8,72,11.5,6.04,0,,,EoN(2014-01-14) Electricity Aq 1yr
548,Nightsaver,29,11,7,72,11.44,6.11,0,,,EoN(2014-01-14) Electricity Aq 1yr
548,Nightsaver,29,11,6,72,11.3,6.19,0,,,EoN(2014-01-14) Electricity Aq 1yr
548,Nightsaver,29,11,5,72,11.12,6.22,0,,,EoN(2014-01-14) Electricity Aq 1yr
548,Nightsaver,29,11,8,72,11.5,6.04,0,,,EoN(2014-01-14) Electricity Aq 1yr
542,Nightsaver,17,11,7,72,11.44,6.11,0,,,EoN(2014-01-14) Electricity Aq 1yr
542,Nightsaver,17,11,6,72,11.3,6.19,0,,,EoN(2014-01-14) Electricity Aq 1yr
542,Nightsaver,17,11,5,72,11.12,6.22,0,,,EoN(2014-01-14) Electricity Aq 1yr
542,Nightsaver,17,11,8,72,11.5,6.04,0,,,EoN(2014-01-14) Electricity Aq 1yr
542,Nightsaver,3,11,7,72,11.44,6.11,0,,,EoN(2014-01-14) Electricity Aq 1yr
542,Nightsaver,3,11,6,72,11.3,6.19,0,,,EoN(2014-01-14) Electricity Aq 1yr
542,Nightsaver,3,11,5,72,11.12,6.22,0,,,EoN(2014-01-14) Electricity Aq 1yr
542,Nightsaver,3,11,8,72,11.5,6.04,0,,,EoN(2014-01-14) Electricity Aq 1yr
110,Nightsaver,2,11,7,72,11.44,6.11,0,,,EoN(2014-01-14) Electricity Aq 1yr
110,Nightsaver,2,11,6,72,11.3,6.19,0,,,EoN(2014-01-14) Electricity Aq 1yr
110,Nightsaver,2,11,5,72,11.12,6.22,0,,,EoN(2014-01-14) Electricity Aq 1yr
110,Nightsaver,2,11,8,72,11.5,6.04,0,,,EoN(2014-01-14) Electricity Aq 1yr
548,Nightsaver,27,11,7,72,11.44,6.11,0,,,EoN(2014-01-14) Electricity Aq 1yr
548,Nightsaver,27,11,6,72,11.3,6.19,0,,,EoN(2014-01-14) Electricity Aq 1yr
548,Nightsaver,27,11,5,72,11.12,6.22,0,,,EoN(2014-01-14) Electricity Aq 1yr
548,Nightsaver,27,11,8,72,11.5,6.04,0,,,EoN(2014-01-14) Electricity Aq 1yr
548,Nightsaver,23,11,7,72,11.44,6.11,0,,,EoN(2014-01-14) Electricity Aq 1yr
548,Nightsaver,23,11,6,72,11.3,6.19,0,,,EoN(2014-01-14) Electricity Aq 1yr
548,Nightsaver,23,11,5,72,11.12,6.22,0,,,EoN(2014-01-14) Electricity Aq 1yr
548,Nightsaver,23,11,8,72,11.5,6.04,0,,,EoN(2014-01-14) Electricity Aq 1yr
548,Nightsaver,21,11,7,72,11.44,6.11,0,,,EoN(2014-01-14) Electricity Aq 1yr
548,Nightsaver,21,11,6,72,11.3,6.19,0,,,EoN(2014-01-14) Electricity Aq 1yr
548,Nightsaver,21,11,5,72,11.12,6.22,0,,,EoN(2014-01-14) Electricity Aq 1yr
548,Nightsaver,21,11,8,72,11.5,6.04,0,,,EoN(2014-01-14) Electricity Aq 1yr
548,Nightsaver,19,11,7,72,11.44,6.11,0,,,EoN(2014-01-14) Electricity Aq 1yr
548,Nightsaver,19,11,6,72,11.3,6.19,0,,,EoN(2014-01-14) Electricity Aq 1yr
548,Nightsaver,19,11,5,72,11.12,6.22,0,,,EoN(2014-01-14) Electricity Aq 1yr
548,Nightsaver,19,11,8,72,11.5,6.04,0,,,EoN(2014-01-14) Electricity Aq 1yr
548,Nightsaver,17,11,7,72,11.44,6.11,0,,,EoN(2014-01-14) Electricity Aq 1yr
548,Nightsaver,17,11,6,72,11.3,6.19,0,,,EoN(2014-01-14) Electricity Aq 1yr
548,Nightsaver,17,11,5,72,11.12,6.22,0,,,EoN(2014-01-14) Electricity Aq 1yr
548,Nightsaver,17,11,8,72,11.5,6.04,0,,,EoN(2014-01-14) Electricity Aq 1yr
608,Nightsaver,3,11,7,72,11.44,6.11,0,,,EoN(2014-01-14) Electricity Aq 1yr
608,Nightsaver,3,11,6,72,11.3,6.19,0,,,EoN(2014-01-14) Electricity Aq 1yr
608,Nightsaver,3,11,5,72,11.12,6.22,0,,,EoN(2014-01-14) Electricity Aq 1yr
608,Nightsaver,3,11,8,72,11.5,6.04,0,,,EoN(2014-01-14) Electricity Aq 1yr
831,Nightsaver,13,11,7,72,11.44,6.11,0,,,EoN(2014-01-14) Electricity Aq 1yr
831,Nightsaver,13,11,6,72,11.3,6.19,0,,,EoN(2014-01-14) Electricity Aq 1yr
831,Nightsaver,13,11,5,72,11.12,6.22,0,,,EoN(2014-01-14) Electricity Aq 1yr
831,Nightsaver,13,11,8,72,11.5,6.04,0,,,EoN(2014-01-14) Electricity Aq 1yr
831,Nightsaver,116,11,7,72,11.44,6.11,0,,,EoN(2014-01-14) Electricity Aq 1yr
831,Nightsaver,116,11,6,72,11.3,6.19,0,,,EoN(2014-01-14) Electricity Aq 1yr
831,Nightsaver,116,11,5,72,11.12,6.22,0,,,EoN(2014-01-14) Electricity Aq 1yr
831,Nightsaver,116,11,8,72,11.5,6.04,0,,,EoN(2014-01-14) Electricity Aq 1yr
831,Nightsaver,40,11,7,72,11.44,6.11,0,,,EoN(2014-01-14) Electricity Aq 1yr
831,Nightsaver,40,11,6,72,11.3,6.19,0,,,EoN(2014-01-14) Electricity Aq 1yr
831,Nightsaver,40,11,5,72,11.12,6.22,0,,,EoN(2014-01-14) Electricity Aq 1yr
831,Nightsaver,40,11,8,72,11.5,6.04,0,,,EoN(2014-01-14) Electricity Aq 1yr
831,Nightsaver,16,11,7,72,11.44,6.11,0,,,EoN(2014-01-14) Electricity Aq 1yr
831,Nightsaver,16,11,6,72,11.3,6.19,0,,,EoN(2014-01-14) Electricity Aq 1yr
831,Nightsaver,16,11,5,72,11.12,6.22,0,,,EoN(2014-01-14) Electricity Aq 1yr
831,Nightsaver,16,11,8,72,11.5,6.04,0,,,EoN(2014-01-14) Electricity Aq 1yr
831,Nightsaver,19,11,7,72,11.44,6.11,0,,,EoN(2014-01-14) Electricity Aq 1yr
831,Nightsaver,19,11,6,72,11.3,6.19,0,,,EoN(2014-01-14) Electricity Aq 1yr
831,Nightsaver,19,11,5,72,11.12,6.22,0,,,EoN(2014-01-14) Electricity Aq 1yr
831,Nightsaver,19,11,8,72,11.5,6.04,0,,,EoN(2014-01-14) Electricity Aq 1yr
831,Nightsaver,37,11,7,72,11.44,6.11,0,,,EoN(2014-01-14) Electricity Aq 1yr
831,Nightsaver,37,11,6,72,11.3,6.19,0,,,EoN(2014-01-14) Electricity Aq 1yr
831,Nightsaver,37,11,5,72,11.12,6.22,0,,,EoN(2014-01-14) Electricity Aq 1yr
831,Nightsaver,37,11,8,72,11.5,6.04,0,,,EoN(2014-01-14) Electricity Aq 1yr
831,Nightsaver,37,11,7,72,11.44,6.11,0,,,EoN(2014-01-14) Electricity Aq 1yr
831,Nightsaver,37,11,6,72,11.3,6.19,0,,,EoN(2014-01-14) Electricity Aq 1yr
831,Nightsaver,37,11,5,72,11.12,6.22,0,,,EoN(2014-01-14) Electricity Aq 1yr
831,Nightsaver,37,11,8,72,11.5,6.04,0,,,EoN(2014-01-14) Electricity Aq 1yr
831,Nightsaver,52,11,7,72,11.44,6.11,0,,,EoN(2014-01-14) Electricity Aq 1yr
831,Nightsaver,52,11,6,72,11.3,6.19,0,,,EoN(2014-01-14) Electricity Aq 1yr
831,Nightsaver,52,11,5,72,11.12,6.22,0,,,EoN(2014-01-14) Electricity Aq 1yr
831,Nightsaver,52,11,8,72,11.5,6.04,0,,,EoN(2014-01-14) Electricity Aq 1yr
831,Nightsaver,101,11,7,72,11.44,6.11,0,,,EoN(2014-01-14) Electricity Aq 1yr
831,Nightsaver,101,11,6,72,11.3,6.19,0,,,EoN(2014-01-14) Electricity Aq 1yr
831,Nightsaver,101,11,5,72,11.12,6.22,0,,,EoN(2014-01-14) Electricity Aq 1yr
831,Nightsaver,101,11,8,72,11.5,6.04,0,,,EoN(2014-01-14) Electricity Aq 1yr
831,Nightsaver,3,11,7,72,11.44,6.11,0,,,EoN(2014-01-14) Electricity Aq 1yr
831,Nightsaver,3,11,6,72,11.3,6.19,0,,,EoN(2014-01-14) Electricity Aq 1yr
831,Nightsaver,3,11,5,72,11.12,6.22,0,,,EoN(2014-01-14) Electricity Aq 1yr
831,Nightsaver,3,11,8,72,11.5,6.04,0,,,EoN(2014-01-14) Electricity Aq 1yr
831,Nightsaver,113,11,7,72,11.44,6.11,0,,,EoN(2014-01-14) Electricity Aq 1yr
831,Nightsaver,113,11,6,72,11.3,6.19,0,,,EoN(2014-01-14) Electricity Aq 1yr
831,Nightsaver,113,11,5,72,11.12,6.22,0,,,EoN(2014-01-14) Electricity Aq 1yr
831,Nightsaver,113,11,8,72,11.5,6.04,0,,,EoN(2014-01-14) Electricity Aq 1yr
830,Nightsaver,113,11,7,72,11.44,6.11,0,,,EoN(2014-01-14) Electricity Aq 1yr
830,Nightsaver,113,11,6,72,11.3,6.19,0,,,EoN(2014-01-14) Electricity Aq 1yr
830,Nightsaver,113,11,5,72,11.12,6.22,0,,,EoN(2014-01-14) Electricity Aq 1yr
830,Nightsaver,113,11,8,72,11.5,6.04,0,,,EoN(2014-01-14) Electricity Aq 1yr
831,Nightsaver,119,11,7,72,11.44,6.11,0,,,EoN(2014-01-14) Electricity Aq 1yr
831,Nightsaver,119,11,6,72,11.3,6.19,0,,,EoN(2014-01-14) Electricity Aq 1yr
831,Nightsaver,119,11,5,72,11.12,6.22,0,,,EoN(2014-01-14) Electricity Aq 1yr
831,Nightsaver,119,11,8,72,11.5,6.04,0,,,EoN(2014-01-14) Electricity Aq 1yr
831,Nightsaver,137,11,7,72,11.44,6.11,0,,,EoN(2014-01-14) Electricity Aq 1yr
831,Nightsaver,137,11,6,72,11.3,6.19,0,,,EoN(2014-01-14) Electricity Aq 1yr
831,Nightsaver,137,11,5,72,11.12,6.22,0,,,EoN(2014-01-14) Electricity Aq 1yr
831,Nightsaver,137,11,8,72,11.5,6.04,0,,,EoN(2014-01-14) Electricity Aq 1yr
831,Nightsaver,140,11,7,72,11.44,6.11,0,,,EoN(2014-01-14) Electricity Aq 1yr
831,Nightsaver,140,11,6,72,11.3,6.19,0,,,EoN(2014-01-14) Electricity Aq 1yr
831,Nightsaver,140,11,5,72,11.12,6.22,0,,,EoN(2014-01-14) Electricity Aq 1yr
831,Nightsaver,140,11,8,72,11.5,6.04,0,,,EoN(2014-01-14) Electricity Aq 1yr
831,Nightsaver,103,11,7,72,11.44,6.11,0,,,EoN(2014-01-14) Electricity Aq 1yr
831,Nightsaver,103,11,6,72,11.3,6.19,0,,,EoN(2014-01-14) Electricity Aq 1yr
831,Nightsaver,103,11,5,72,11.12,6.22,0,,,EoN(2014-01-14) Electricity Aq 1yr
831,Nightsaver,103,11,8,72,11.5,6.04,0,,,EoN(2014-01-14) Electricity Aq 1yr
830,Nightsaver,1,11,7,72,11.44,6.11,0,,,EoN(2014-01-14) Electricity Aq 1yr
830,Nightsaver,1,11,6,72,11.3,6.19,0,,,EoN(2014-01-14) Electricity Aq 1yr
830,Nightsaver,1,11,5,72,11.12,6.22,0,,,EoN(2014-01-14) Electricity Aq 1yr
830,Nightsaver,1,11,8,72,11.5,6.04,0,,,EoN(2014-01-14) Electricity Aq 1yr
831,Nightsaver,152,11,7,72,11.44,6.11,0,,,EoN(2014-01-14) Electricity Aq 1yr
831,Nightsaver,152,11,6,72,11.3,6.19,0,,,EoN(2014-01-14) Electricity Aq 1yr
831,Nightsaver,152,11,5,72,11.12,6.22,0,,,EoN(2014-01-14) Electricity Aq 1yr
831,Nightsaver,152,11,8,72,11.5,6.04,0,,,EoN(2014-01-14) Electricity Aq 1yr
830,Nightsaver,37,11,7,72,11.44,6.11,0,,,EoN(2014-01-14) Electricity Aq 1yr
830,Nightsaver,37,11,6,72,11.3,6.19,0,,,EoN(2014-01-14) Electricity Aq 1yr
830,Nightsaver,37,11,5,72,11.12,6.22,0,,,EoN(2014-01-14) Electricity Aq 1yr
830,Nightsaver,37,11,8,72,11.5,6.04,0,,,EoN(2014-01-14) Electricity Aq 1yr
830,Nightsaver,3,11,7,72,11.44,6.11,0,,,EoN(2014-01-14) Electricity Aq 1yr
830,Nightsaver,3,11,6,72,11.3,6.19,0,,,EoN(2014-01-14) Electricity Aq 1yr
830,Nightsaver,3,11,5,72,11.12,6.22,0,,,EoN(2014-01-14) Electricity Aq 1yr
830,Nightsaver,3,11,8,72,11.5,6.04,0,,,EoN(2014-01-14) Electricity Aq 1yr
830,Nightsaver,13,11,7,72,11.44,6.11,0,,,EoN(2014-01-14) Electricity Aq 1yr
830,Nightsaver,13,11,6,72,11.3,6.19,0,,,EoN(2014-01-14) Electricity Aq 1yr
830,Nightsaver,13,11,5,72,11.12,6.22,0,,,EoN(2014-01-14) Electricity Aq 1yr
830,Nightsaver,13,11,8,72,11.5,6.04,0,,,EoN(2014-01-14) Electricity Aq 1yr
830,Nightsaver,19,11,7,72,11.44,6.11,0,,,EoN(2014-01-14) Electricity Aq 1yr
830,Nightsaver,19,11,6,72,11.3,6.19,0,,,EoN(2014-01-14) Electricity Aq 1yr
830,Nightsaver,19,11,5,72,11.12,6.22,0,,,EoN(2014-01-14) Electricity Aq 1yr
830,Nightsaver,19,11,8,72,11.5,6.04,0,,,EoN(2014-01-14) Electricity Aq 1yr
830,Nightsaver,37,11,7,72,11.44,6.11,0,,,EoN(2014-01-14) Electricity Aq 1yr
830,Nightsaver,37,11,6,72,11.3,6.19,0,,,EoN(2014-01-14) Electricity Aq 1yr
830,Nightsaver,37,11,5,72,11.12,6.22,0,,,EoN(2014-01-14) Electricity Aq 1yr
830,Nightsaver,37,11,8,72,11.5,6.04,0,,,EoN(2014-01-14) Electricity Aq 1yr
830,Nightsaver,119,11,7,72,11.44,6.11,0,,,EoN(2014-01-14) Electricity Aq 1yr
830,Nightsaver,119,11,6,72,11.3,6.19,0,,,EoN(2014-01-14) Electricity Aq 1yr
830,Nightsaver,119,11,5,72,11.12,6.22,0,,,EoN(2014-01-14) Electricity Aq 1yr
830,Nightsaver,119,11,8,72,11.5,6.04,0,,,EoN(2014-01-14) Electricity Aq 1yr
830,Nightsaver,52,11,7,72,11.44,6.11,0,,,EoN(2014-01-14) Electricity Aq 1yr
830,Nightsaver,52,11,6,72,11.3,6.19,0,,,EoN(2014-01-14) Electricity Aq 1yr
830,Nightsaver,52,11,5,72,11.12,6.22,0,,,EoN(2014-01-14) Electricity Aq 1yr
830,Nightsaver,52,11,8,72,11.5,6.04,0,,,EoN(2014-01-14) Electricity Aq 1yr
831,Nightsaver,1,11,7,72,11.44,6.11,0,,,EoN(2014-01-14) Electricity Aq 1yr
831,Nightsaver,1,11,6,72,11.3,6.19,0,,,EoN(2014-01-14) Electricity Aq 1yr
831,Nightsaver,1,11,5,72,11.12,6.22,0,,,EoN(2014-01-14) Electricity Aq 1yr
831,Nightsaver,1,11,8,72,11.5,6.04,0,,,EoN(2014-01-14) Electricity Aq 1yr
830,Nightsaver,101,11,7,72,11.44,6.11,0,,,EoN(2014-01-14) Electricity Aq 1yr
830,Nightsaver,101,11,6,72,11.3,6.19,0,,,EoN(2014-01-14) Electricity Aq 1yr
830,Nightsaver,101,11,5,72,11.12,6.22,0,,,EoN(2014-01-14) Electricity Aq 1yr
830,Nightsaver,101,11,8,72,11.5,6.04,0,,,EoN(2014-01-14) Electricity Aq 1yr
830,Nightsaver,103,11,7,72,11.44,6.11,0,,,EoN(2014-01-14) Electricity Aq 1yr
830,Nightsaver,103,11,6,72,11.3,6.19,0,,,EoN(2014-01-14) Electricity Aq 1yr
830,Nightsaver,103,11,5,72,11.12,6.22,0,,,EoN(2014-01-14) Electricity Aq 1yr
830,Nightsaver,103,11,8,72,11.5,6.04,0,,,EoN(2014-01-14) Electricity Aq 1yr
830,Nightsaver,116,11,7,72,11.44,6.11,0,,,EoN(2014-01-14) Electricity Aq 1yr
830,Nightsaver,116,11,6,72,11.3,6.19,0,,,EoN(2014-01-14) Electricity Aq 1yr
830,Nightsaver,116,11,5,72,11.12,6.22,0,,,EoN(2014-01-14) Electricity Aq 1yr
830,Nightsaver,116,11,8,72,11.5,6.04,0,,,EoN(2014-01-14) Electricity Aq 1yr
830,Nightsaver,137,11,7,72,11.44,6.11,0,,,EoN(2014-01-14) Electricity Aq 1yr
830,Nightsaver,137,11,6,72,11.3,6.19,0,,,EoN(2014-01-14) Electricity Aq 1yr
830,Nightsaver,137,11,5,72,11.12,6.22,0,,,EoN(2014-01-14) Electricity Aq 1yr
830,Nightsaver,137,11,8,72,11.5,6.04,0,,,EoN(2014-01-14) Electricity Aq 1yr
830,Nightsaver,140,11,7,72,11.44,6.11,0,,,EoN(2014-01-14) Electricity Aq 1yr
830,Nightsaver,140,11,6,72,11.3,6.19,0,,,EoN(2014-01-14) Electricity Aq 1yr
830,Nightsaver,140,11,5,72,11.12,6.22,0,,,EoN(2014-01-14) Electricity Aq 1yr
830,Nightsaver,140,11,8,72,11.5,6.04,0,,,EoN(2014-01-14) Electricity Aq 1yr
830,Nightsaver,152,11,7,72,11.44,6.11,0,,,EoN(2014-01-14) Electricity Aq 1yr
830,Nightsaver,152,11,6,72,11.3,6.19,0,,,EoN(2014-01-14) Electricity Aq 1yr
830,Nightsaver,152,11,5,72,11.12,6.22,0,,,EoN(2014-01-14) Electricity Aq 1yr
830,Nightsaver,152,11,8,72,11.5,6.04,0,,,EoN(2014-01-14) Electricity Aq 1yr
830,Nightsaver,40,11,7,72,11.44,6.11,0,,,EoN(2014-01-14) Electricity Aq 1yr
830,Nightsaver,40,11,6,72,11.3,6.19,0,,,EoN(2014-01-14) Electricity Aq 1yr
830,Nightsaver,40,11,5,72,11.12,6.22,0,,,EoN(2014-01-14) Electricity Aq 1yr
830,Nightsaver,40,11,8,72,11.5,6.04,0,,,EoN(2014-01-14) Electricity Aq 1yr
830,Nightsaver,16,11,7,72,11.44,6.11,0,,,EoN(2014-01-14) Electricity Aq 1yr
830,Nightsaver,16,11,6,72,11.3,6.19,0,,,EoN(2014-01-14) Electricity Aq 1yr
830,Nightsaver,16,11,5,72,11.12,6.22,0,,,EoN(2014-01-14) Electricity Aq 1yr
830,Nightsaver,16,11,8,72,11.5,6.04,0,,,EoN(2014-01-14) Electricity Aq 1yr
548,Nightsaver,140,11,7,72,11.44,6.11,0,,,EoN(2014-01-14) Electricity Aq 1yr
548,Nightsaver,140,11,6,72,11.3,6.19,0,,,EoN(2014-01-14) Electricity Aq 1yr
548,Nightsaver,140,11,5,72,11.12,6.22,0,,,EoN(2014-01-14) Electricity Aq 1yr
548,Nightsaver,140,11,8,72,11.5,6.04,0,,,EoN(2014-01-14) Electricity Aq 1yr
548,Nightsaver,134,11,7,72,11.44,6.11,0,,,EoN(2014-01-14) Electricity Aq 1yr
548,Nightsaver,134,11,6,72,11.3,6.19,0,,,EoN(2014-01-14) Electricity Aq 1yr
548,Nightsaver,134,11,5,72,11.12,6.22,0,,,EoN(2014-01-14) Electricity Aq 1yr
548,Nightsaver,134,11,8,72,11.5,6.04,0,,,EoN(2014-01-14) Electricity Aq 1yr
146,Nightsaver,2,11,7,72,11.44,6.11,0,,,EoN(2014-01-14) Electricity Aq 1yr
146,Nightsaver,2,11,6,72,11.3,6.19,0,,,EoN(2014-01-14) Electricity Aq 1yr
146,Nightsaver,2,11,5,72,11.12,6.22,0,,,EoN(2014-01-14) Electricity Aq 1yr
146,Nightsaver,2,11,8,72,11.5,6.04,0,,,EoN(2014-01-14) Electricity Aq 1yr
653,Nightsaver,2,11,7,72,11.44,6.11,0,,,EoN(2014-01-14) Electricity Aq 1yr
653,Nightsaver,2,11,6,72,11.3,6.19,0,,,EoN(2014-01-14) Electricity Aq 1yr
653,Nightsaver,2,11,5,72,11.12,6.22,0,,,EoN(2014-01-14) Electricity Aq 1yr
653,Nightsaver,2,11,8,72,11.5,6.04,0,,,EoN(2014-01-14) Electricity Aq 1yr
653,Nightsaver,3,11,7,72,11.44,6.11,0,,,EoN(2014-01-14) Electricity Aq 1yr
653,Nightsaver,3,11,6,72,11.3,6.19,0,,,EoN(2014-01-14) Electricity Aq 1yr
653,Nightsaver,3,11,5,72,11.12,6.22,0,,,EoN(2014-01-14) Electricity Aq 1yr
653,Nightsaver,3,11,8,72,11.5,6.04,0,,,EoN(2014-01-14) Electricity Aq 1yr
150,Nightsaver,7,11,7,72,11.44,6.11,0,,,EoN(2014-01-14) Electricity Aq 1yr
150,Nightsaver,7,11,6,72,11.3,6.19,0,,,EoN(2014-01-14) Electricity Aq 1yr
150,Nightsaver,7,11,5,72,11.12,6.22,0,,,EoN(2014-01-14) Electricity Aq 1yr
150,Nightsaver,7,11,8,72,11.5,6.04,0,,,EoN(2014-01-14) Electricity Aq 1yr
150,Nightsaver,3,11,7,72,11.44,6.11,0,,,EoN(2014-01-14) Electricity Aq 1yr
150,Nightsaver,3,11,6,72,11.3,6.19,0,,,EoN(2014-01-14) Electricity Aq 1yr
150,Nightsaver,3,11,5,72,11.12,6.22,0,,,EoN(2014-01-14) Electricity Aq 1yr
150,Nightsaver,3,11,8,72,11.5,6.04,0,,,EoN(2014-01-14) Electricity Aq 1yr
150,Nightsaver,2,11,7,72,11.44,6.11,0,,,EoN(2014-01-14) Electricity Aq 1yr
150,Nightsaver,2,11,6,72,11.3,6.19,0,,,EoN(2014-01-14) Electricity Aq 1yr
150,Nightsaver,2,11,5,72,11.12,6.22,0,,,EoN(2014-01-14) Electricity Aq 1yr
150,Nightsaver,2,11,8,72,11.5,6.04,0,,,EoN(2014-01-14) Electricity Aq 1yr
146,Nightsaver,7,11,7,72,11.44,6.11,0,,,EoN(2014-01-14) Electricity Aq 1yr
146,Nightsaver,7,11,6,72,11.3,6.19,0,,,EoN(2014-01-14) Electricity Aq 1yr
146,Nightsaver,7,11,5,72,11.12,6.22,0,,,EoN(2014-01-14) Electricity Aq 1yr
146,Nightsaver,7,11,8,72,11.5,6.04,0,,,EoN(2014-01-14) Electricity Aq 1yr
653,Nightsaver,7,11,7,72,11.44,6.11,0,,,EoN(2014-01-14) Electricity Aq 1yr
653,Nightsaver,7,11,6,72,11.3,6.19,0,,,EoN(2014-01-14) Electricity Aq 1yr
653,Nightsaver,7,11,5,72,11.12,6.22,0,,,EoN(2014-01-14) Electricity Aq 1yr
653,Nightsaver,7,11,8,72,11.5,6.04,0,,,EoN(2014-01-14) Electricity Aq 1yr
648,Nightsaver,2,11,7,72,11.44,6.11,0,,,EoN(2014-01-14) Electricity Aq 1yr
648,Nightsaver,2,11,6,72,11.3,6.19,0,,,EoN(2014-01-14) Electricity Aq 1yr
648,Nightsaver,2,11,5,72,11.12,6.22,0,,,EoN(2014-01-14) Electricity Aq 1yr
648,Nightsaver,2,11,8,72,11.5,6.04,0,,,EoN(2014-01-14) Electricity Aq 1yr
146,Nightsaver,3,11,7,72,11.44,6.11,0,,,EoN(2014-01-14) Electricity Aq 1yr
146,Nightsaver,3,11,6,72,11.3,6.19,0,,,EoN(2014-01-14) Electricity Aq 1yr
146,Nightsaver,3,11,5,72,11.12,6.22,0,,,EoN(2014-01-14) Electricity Aq 1yr
146,Nightsaver,3,11,8,72,11.5,6.04,0,,,EoN(2014-01-14) Electricity Aq 1yr
648,Nightsaver,7,11,7,72,11.44,6.11,0,,,EoN(2014-01-14) Electricity Aq 1yr
648,Nightsaver,7,11,6,72,11.3,6.19,0,,,EoN(2014-01-14) Electricity Aq 1yr
648,Nightsaver,7,11,5,72,11.12,6.22,0,,,EoN(2014-01-14) Electricity Aq 1yr
648,Nightsaver,7,11,8,72,11.5,6.04,0,,,EoN(2014-01-14) Electricity Aq 1yr
648,Nightsaver,3,11,7,72,11.44,6.11,0,,,EoN(2014-01-14) Electricity Aq 1yr
648,Nightsaver,3,11,6,72,11.3,6.19,0,,,EoN(2014-01-14) Electricity Aq 1yr
648,Nightsaver,3,11,5,72,11.12,6.22,0,,,EoN(2014-01-14) Electricity Aq 1yr
648,Nightsaver,3,11,8,72,11.5,6.04,0,,,EoN(2014-01-14) Electricity Aq 1yr
613,Nightsaver,7,11,7,72,11.44,6.11,0,,,EoN(2014-01-14) Electricity Aq 1yr
613,Nightsaver,7,11,6,72,11.3,6.19,0,,,EoN(2014-01-14) Electricity Aq 1yr
613,Nightsaver,7,11,5,72,11.12,6.22,0,,,EoN(2014-01-14) Electricity Aq 1yr
613,Nightsaver,7,11,8,72,11.5,6.04,0,,,EoN(2014-01-14) Electricity Aq 1yr
613,Nightsaver,3,11,7,72,11.44,6.11,0,,,EoN(2014-01-14) Electricity Aq 1yr
613,Nightsaver,3,11,6,72,11.3,6.19,0,,,EoN(2014-01-14) Electricity Aq 1yr
613,Nightsaver,3,11,5,72,11.12,6.22,0,,,EoN(2014-01-14) Electricity Aq 1yr
613,Nightsaver,3,11,8,72,11.5,6.04,0,,,EoN(2014-01-14) Electricity Aq 1yr
613,Nightsaver,2,11,7,72,11.44,6.11,0,,,EoN(2014-01-14) Electricity Aq 1yr
613,Nightsaver,2,11,6,72,11.3,6.19,0,,,EoN(2014-01-14) Electricity Aq 1yr
613,Nightsaver,2,11,5,72,11.12,6.22,0,,,EoN(2014-01-14) Electricity Aq 1yr
613,Nightsaver,2,11,8,72,11.5,6.04,0,,,EoN(2014-01-14) Electricity Aq 1yr
146,Nightsaver,1,11,7,72,11.44,6.11,0,,,EoN(2014-01-14) Electricity Aq 1yr
146,Nightsaver,1,11,6,72,11.3,6.19,0,,,EoN(2014-01-14) Electricity Aq 1yr
146,Nightsaver,1,11,5,72,11.12,6.22,0,,,EoN(2014-01-14) Electricity Aq 1yr
146,Nightsaver,1,11,8,72,11.5,6.04,0,,,EoN(2014-01-14) Electricity Aq 1yr
548,Nightsaver,21,11,7,72,11.44,6.11,0,,,EoN(2014-01-14) Electricity Aq 1yr
548,Nightsaver,21,11,6,72,11.3,6.19,0,,,EoN(2014-01-14) Electricity Aq 1yr
548,Nightsaver,21,11,5,72,11.12,6.22,0,,,EoN(2014-01-14) Electricity Aq 1yr
548,Nightsaver,21,11,8,72,11.5,6.04,0,,,EoN(2014-01-14) Electricity Aq 1yr
548,Nightsaver,27,11,7,72,11.44,6.11,0,,,EoN(2014-01-14) Electricity Aq 1yr
548,Nightsaver,27,11,6,72,11.3,6.19,0,,,EoN(2014-01-14) Electricity Aq 1yr
548,Nightsaver,27,11,5,72,11.12,6.22,0,,,EoN(2014-01-14) Electricity Aq 1yr
548,Nightsaver,27,11,8,72,11.5,6.04,0,,,EoN(2014-01-14) Electricity Aq 1yr
548,Nightsaver,3,11,7,72,11.44,6.11,0,,,EoN(2014-01-14) Electricity Aq 1yr
548,Nightsaver,3,11,6,72,11.3,6.19,0,,,EoN(2014-01-14) Electricity Aq 1yr
548,Nightsaver,3,11,5,72,11.12,6.22,0,,,EoN(2014-01-14) Electricity Aq 1yr
548,Nightsaver,3,11,8,72,11.5,6.04,0,,,EoN(2014-01-14) Electricity Aq 1yr
548,Nightsaver,12,11,7,72,11.44,6.11,0,,,EoN(2014-01-14) Electricity Aq 1yr
548,Nightsaver,12,11,6,72,11.3,6.19,0,,,EoN(2014-01-14) Electricity Aq 1yr
548,Nightsaver,12,11,5,72,11.12,6.22,0,,,EoN(2014-01-14) Electricity Aq 1yr
548,Nightsaver,12,11,8,72,11.5,6.04,0,,,EoN(2014-01-14) Electricity Aq 1yr
548,Nightsaver,13,11,7,72,11.44,6.11,0,,,EoN(2014-01-14) Electricity Aq 1yr
548,Nightsaver,13,11,6,72,11.3,6.19,0,,,EoN(2014-01-14) Electricity Aq 1yr
548,Nightsaver,13,11,5,72,11.12,6.22,0,,,EoN(2014-01-14) Electricity Aq 1yr
548,Nightsaver,13,11,8,72,11.5,6.04,0,,,EoN(2014-01-14) Electricity Aq 1yr
548,Nightsaver,14,11,7,72,11.44,6.11,0,,,EoN(2014-01-14) Electricity Aq 1yr
548,Nightsaver,14,11,6,72,11.3,6.19,0,,,EoN(2014-01-14) Electricity Aq 1yr
548,Nightsaver,14,11,5,72,11.12,6.22,0,,,EoN(2014-01-14) Electricity Aq 1yr
548,Nightsaver,14,11,8,72,11.5,6.04,0,,,EoN(2014-01-14) Electricity Aq 1yr
548,Nightsaver,15,11,7,72,11.44,6.11,0,,,EoN(2014-01-14) Electricity Aq 1yr
548,Nightsaver,15,11,6,72,11.3,6.19,0,,,EoN(2014-01-14) Electricity Aq 1yr
548,Nightsaver,15,11,5,72,11.12,6.22,0,,,EoN(2014-01-14) Electricity Aq 1yr
548,Nightsaver,15,11,8,72,11.5,6.04,0,,,EoN(2014-01-14) Electricity Aq 1yr
542,Nightsaver,113,11,7,72,11.44,6.11,0,,,EoN(2014-01-14) Electricity Aq 1yr
542,Nightsaver,113,11,6,72,11.3,6.19,0,,,EoN(2014-01-14) Electricity Aq 1yr
542,Nightsaver,113,11,5,72,11.12,6.22,0,,,EoN(2014-01-14) Electricity Aq 1yr
542,Nightsaver,113,11,8,72,11.5,6.04,0,,,EoN(2014-01-14) Electricity Aq 1yr
548,Nightsaver,19,11,7,72,11.44,6.11,0,,,EoN(2014-01-14) Electricity Aq 1yr
548,Nightsaver,19,11,6,72,11.3,6.19,0,,,EoN(2014-01-14) Electricity Aq 1yr
548,Nightsaver,19,11,5,72,11.12,6.22,0,,,EoN(2014-01-14) Electricity Aq 1yr
548,Nightsaver,19,11,8,72,11.5,6.04,0,,,EoN(2014-01-14) Electricity Aq 1yr
110,Nightsaver,7,11,7,72,11.44,6.11,0,,,EoN(2014-01-14) Electricity Aq 1yr
110,Nightsaver,7,11,6,72,11.3,6.19,0,,,EoN(2014-01-14) Electricity Aq 1yr
110,Nightsaver,7,11,5,72,11.12,6.22,0,,,EoN(2014-01-14) Electricity Aq 1yr
110,Nightsaver,7,11,8,72,11.5,6.04,0,,,EoN(2014-01-14) Electricity Aq 1yr
548,Nightsaver,23,11,7,72,11.44,6.11,0,,,EoN(2014-01-14) Electricity Aq 1yr
548,Nightsaver,23,11,6,72,11.3,6.19,0,,,EoN(2014-01-14) Electricity Aq 1yr
548,Nightsaver,23,11,5,72,11.12,6.22,0,,,EoN(2014-01-14) Electricity Aq 1yr
548,Nightsaver,23,11,8,72,11.5,6.04,0,,,EoN(2014-01-14) Electricity Aq 1yr
608,Nightsaver,3,11,7,72,11.44,6.11,0,,,EoN(2014-01-14) Electricity Aq 1yr
608,Nightsaver,3,11,6,72,11.3,6.19,0,,,EoN(2014-01-14) Electricity Aq 1yr
608,Nightsaver,3,11,5,72,11.12,6.22,0,,,EoN(2014-01-14) Electricity Aq 1yr
608,Nightsaver,3,11,8,72,11.5,6.04,0,,,EoN(2014-01-14) Electricity Aq 1yr
542,Nightsaver,103,11,7,72,11.44,6.11,0,,,EoN(2014-01-14) Electricity Aq 1yr
542,Nightsaver,103,11,6,72,11.3,6.19,0,,,EoN(2014-01-14) Electricity Aq 1yr
542,Nightsaver,103,11,5,72,11.12,6.22,0,,,EoN(2014-01-14) Electricity Aq 1yr
542,Nightsaver,103,11,8,72,11.5,6.04,0,,,EoN(2014-01-14) Electricity Aq 1yr
542,Nightsaver,23,11,7,72,11.44,6.11,0,,,EoN(2014-01-14) Electricity Aq 1yr
542,Nightsaver,23,11,6,72,11.3,6.19,0,,,EoN(2014-01-14) Electricity Aq 1yr
542,Nightsaver,23,11,5,72,11.12,6.22,0,,,EoN(2014-01-14) Electricity Aq 1yr
542,Nightsaver,23,11,8,72,11.5,6.04,0,,,EoN(2014-01-14) Electricity Aq 1yr
542,Nightsaver,29,11,7,72,11.44,6.11,0,,,EoN(2014-01-14) Electricity Aq 1yr
542,Nightsaver,29,11,6,72,11.3,6.19,0,,,EoN(2014-01-14) Electricity Aq 1yr
542,Nightsaver,29,11,5,72,11.12,6.22,0,,,EoN(2014-01-14) Electricity Aq 1yr
542,Nightsaver,29,11,8,72,11.5,6.04,0,,,EoN(2014-01-14) Electricity Aq 1yr
542,Nightsaver,40,11,7,72,11.44,6.11,0,,,EoN(2014-01-14) Electricity Aq 1yr
542,Nightsaver,40,11,6,72,11.3,6.19,0,,,EoN(2014-01-14) Electricity Aq 1yr
542,Nightsaver,40,11,5,72,11.12,6.22,0,,,EoN(2014-01-14) Electricity Aq 1yr
542,Nightsaver,40,11,8,72,11.5,6.04,0,,,EoN(2014-01-14) Electricity Aq 1yr
542,Nightsaver,134,11,7,72,11.44,6.11,0,,,EoN(2014-01-14) Electricity Aq 1yr
542,Nightsaver,134,11,6,72,11.3,6.19,0,,,EoN(2014-01-14) Electricity Aq 1yr
542,Nightsaver,134,11,5,72,11.12,6.22,0,,,EoN(2014-01-14) Electricity Aq 1yr
542,Nightsaver,134,11,8,72,11.5,6.04,0,,,EoN(2014-01-14) Electricity Aq 1yr
548,Nightsaver,17,11,7,72,11.44,6.11,0,,,EoN(2014-01-14) Electricity Aq 1yr
548,Nightsaver,17,11,6,72,11.3,6.19,0,,,EoN(2014-01-14) Electricity Aq 1yr
548,Nightsaver,17,11,5,72,11.12,6.22,0,,,EoN(2014-01-14) Electricity Aq 1yr
548,Nightsaver,17,11,8,72,11.5,6.04,0,,,EoN(2014-01-14) Electricity Aq 1yr
608,Nightsaver,7,11,7,72,11.44,6.11,0,,,EoN(2014-01-14) Electricity Aq 1yr
608,Nightsaver,7,11,6,72,11.3,6.19,0,,,EoN(2014-01-14) Electricity Aq 1yr
608,Nightsaver,7,11,5,72,11.12,6.22,0,,,EoN(2014-01-14) Electricity Aq 1yr
608,Nightsaver,7,11,8,72,11.5,6.04,0,,,EoN(2014-01-14) Electricity Aq 1yr
106,Nightsaver,1,11,7,72,11.44,6.11,0,,,EoN(2014-01-14) Electricity Aq 1yr
106,Nightsaver,1,11,6,72,11.3,6.19,0,,,EoN(2014-01-14) Electricity Aq 1yr
106,Nightsaver,1,11,5,72,11.12,6.22,0,,,EoN(2014-01-14) Electricity Aq 1yr
106,Nightsaver,1,11,8,72,11.5,6.04,0,,,EoN(2014-01-14) Electricity Aq 1yr
106,Nightsaver,2,11,7,72,11.44,6.11,0,,,EoN(2014-01-14) Electricity Aq 1yr
106,Nightsaver,2,11,6,72,11.3,6.19,0,,,EoN(2014-01-14) Electricity Aq 1yr
106,Nightsaver,2,11,5,72,11.12,6.22,0,,,EoN(2014-01-14) Electricity Aq 1yr
106,Nightsaver,2,11,8,72,11.5,6.04,0,,,EoN(2014-01-14) Electricity Aq 1yr
542,Nightsaver,15,11,7,72,11.44,6.11,0,,,EoN(2014-01-14) Electricity Aq 1yr
542,Nightsaver,15,11,6,72,11.3,6.19,0,,,EoN(2014-01-14) Electricity Aq 1yr
542,Nightsaver,15,11,5,72,11.12,6.22,0,,,EoN(2014-01-14) Electricity Aq 1yr
542,Nightsaver,15,11,8,72,11.5,6.04,0,,,EoN(2014-01-14) Electricity Aq 1yr
106,Nightsaver,3,11,7,72,11.44,6.11,0,,,EoN(2014-01-14) Electricity Aq 1yr
106,Nightsaver,3,11,6,72,11.3,6.19,0,,,EoN(2014-01-14) Electricity Aq 1yr
106,Nightsaver,3,11,5,72,11.12,6.22,0,,,EoN(2014-01-14) Electricity Aq 1yr
106,Nightsaver,3,11,8,72,11.5,6.04,0,,,EoN(2014-01-14) Electricity Aq 1yr
106,Nightsaver,7,11,7,72,11.44,6.11,0,,,EoN(2014-01-14) Electricity Aq 1yr
106,Nightsaver,7,11,6,72,11.3,6.19,0,,,EoN(2014-01-14) Electricity Aq 1yr
106,Nightsaver,7,11,5,72,11.12,6.22,0,,,EoN(2014-01-14) Electricity Aq 1yr
106,Nightsaver,7,11,8,72,11.5,6.04,0,,,EoN(2014-01-14) Electricity Aq 1yr
542,Nightsaver,14,11,7,72,11.44,6.11,0,,,EoN(2014-01-14) Electricity Aq 1yr
542,Nightsaver,14,11,6,72,11.3,6.19,0,,,EoN(2014-01-14) Electricity Aq 1yr
542,Nightsaver,14,11,5,72,11.12,6.22,0,,,EoN(2014-01-14) Electricity Aq 1yr
542,Nightsaver,14,11,8,72,11.5,6.04,0,,,EoN(2014-01-14) Electricity Aq 1yr
548,Nightsaver,1,11,7,72,11.44,6.11,0,,,EoN(2014-01-14) Electricity Aq 1yr
548,Nightsaver,1,11,6,72,11.3,6.19,0,,,EoN(2014-01-14) Electricity Aq 1yr
548,Nightsaver,1,11,5,72,11.12,6.22,0,,,EoN(2014-01-14) Electricity Aq 1yr
548,Nightsaver,1,11,8,72,11.5,6.04,0,,,EoN(2014-01-14) Electricity Aq 1yr
542,Nightsaver,13,11,7,72,11.44,6.11,0,,,EoN(2014-01-14) Electricity Aq 1yr
542,Nightsaver,13,11,6,72,11.3,6.19,0,,,EoN(2014-01-14) Electricity Aq 1yr
542,Nightsaver,13,11,5,72,11.12,6.22,0,,,EoN(2014-01-14) Electricity Aq 1yr
542,Nightsaver,13,11,8,72,11.5,6.04,0,,,EoN(2014-01-14) Electricity Aq 1yr
542,Nightsaver,101,11,7,72,11.44,6.11,0,,,EoN(2014-01-14) Electricity Aq 1yr
542,Nightsaver,101,11,6,72,11.3,6.19,0,,,EoN(2014-01-14) Electricity Aq 1yr
542,Nightsaver,101,11,5,72,11.12,6.22,0,,,EoN(2014-01-14) Electricity Aq 1yr
542,Nightsaver,101,11,8,72,11.5,6.04,0,,,EoN(2014-01-14) Electricity Aq 1yr
548,Nightsaver,119,11,7,72,11.44,6.11,0,,,EoN(2014-01-14) Electricity Aq 1yr
548,Nightsaver,119,11,6,72,11.3,6.19,0,,,EoN(2014-01-14) Electricity Aq 1yr
548,Nightsaver,119,11,5,72,11.12,6.22,0,,,EoN(2014-01-14) Electricity Aq 1yr
548,Nightsaver,119,11,8,72,11.5,6.04,0,,,EoN(2014-01-14) Electricity Aq 1yr
542,Nightsaver,19,11,7,72,11.44,6.11,0,,,EoN(2014-01-14) Electricity Aq 1yr
542,Nightsaver,19,11,6,72,11.3,6.19,0,,,EoN(2014-01-14) Electricity Aq 1yr
542,Nightsaver,19,11,5,72,11.12,6.22,0,,,EoN(2014-01-14) Electricity Aq 1yr
542,Nightsaver,19,11,8,72,11.5,6.04,0,,,EoN(2014-01-14) Electricity Aq 1yr
542,Nightsaver,119,11,7,72,11.44,6.11,0,,,EoN(2014-01-14) Electricity Aq 1yr
542,Nightsaver,119,11,6,72,11.3,6.19,0,,,EoN(2014-01-14) Electricity Aq 1yr
542,Nightsaver,119,11,5,72,11.12,6.22,0,,,EoN(2014-01-14) Electricity Aq 1yr
542,Nightsaver,119,11,8,72,11.5,6.04,0,,,EoN(2014-01-14) Electricity Aq 1yr
542,Nightsaver,21,11,7,72,11.44,6.11,0,,,EoN(2014-01-14) Electricity Aq 1yr
542,Nightsaver,21,11,6,72,11.3,6.19,0,,,EoN(2014-01-14) Electricity Aq 1yr
542,Nightsaver,21,11,5,72,11.12,6.22,0,,,EoN(2014-01-14) Electricity Aq 1yr
542,Nightsaver,21,11,8,72,11.5,6.04,0,,,EoN(2014-01-14) Electricity Aq 1yr
110,Nightsaver,1,11,7,72,11.44,6.11,0,,,EoN(2014-01-14) Electricity Aq 1yr
110,Nightsaver,1,11,6,72,11.3,6.19,0,,,EoN(2014-01-14) Electricity Aq 1yr
110,Nightsaver,1,11,5,72,11.12,6.22,0,,,EoN(2014-01-14) Electricity Aq 1yr
110,Nightsaver,1,11,8,72,11.5,6.04,0,,,EoN(2014-01-14) Electricity Aq 1yr
110,Nightsaver,2,11,7,72,11.44,6.11,0,,,EoN(2014-01-14) Electricity Aq 1yr
110,Nightsaver,2,11,6,72,11.3,6.19,0,,,EoN(2014-01-14) Electricity Aq 1yr
110,Nightsaver,2,11,5,72,11.12,6.22,0,,,EoN(2014-01-14) Electricity Aq 1yr
110,Nightsaver,2,11,8,72,11.5,6.04,0,,,EoN(2014-01-14) Electricity Aq 1yr
110,Nightsaver,3,11,7,72,11.44,6.11,0,,,EoN(2014-01-14) Electricity Aq 1yr
110,Nightsaver,3,11,6,72,11.3,6.19,0,,,EoN(2014-01-14) Electricity Aq 1yr
110,Nightsaver,3,11,5,72,11.12,6.22,0,,,EoN(2014-01-14) Electricity Aq 1yr
110,Nightsaver,3,11,8,72,11.5,6.04,0,,,EoN(2014-01-14) Electricity Aq 1yr
542,Nightsaver,17,11,7,72,11.44,6.11,0,,,EoN(2014-01-14) Electricity Aq 1yr
542,Nightsaver,17,11,6,72,11.3,6.19,0,,,EoN(2014-01-14) Electricity Aq 1yr
542,Nightsaver,17,11,5,72,11.12,6.22,0,,,EoN(2014-01-14) Electricity Aq 1yr
542,Nightsaver,17,11,8,72,11.5,6.04,0,,,EoN(2014-01-14) Electricity Aq 1yr
548,Nightsaver,101,11,7,72,11.44,6.11,0,,,EoN(2014-01-14) Electricity Aq 1yr
548,Nightsaver,101,11,6,72,11.3,6.19,0,,,EoN(2014-01-14) Electricity Aq 1yr
548,Nightsaver,101,11,5,72,11.12,6.22,0,,,EoN(2014-01-14) Electricity Aq 1yr
548,Nightsaver,101,11,8,72,11.5,6.04,0,,,EoN(2014-01-14) Electricity Aq 1yr
548,Nightsaver,113,11,7,72,11.44,6.11,0,,,EoN(2014-01-14) Electricity Aq 1yr
548,Nightsaver,113,11,6,72,11.3,6.19,0,,,EoN(2014-01-14) Electricity Aq 1yr
548,Nightsaver,113,11,5,72,11.12,6.22,0,,,EoN(2014-01-14) Electricity Aq 1yr
548,Nightsaver,113,11,8,72,11.5,6.04,0,,,EoN(2014-01-14) Electricity Aq 1yr
608,Nightsaver,2,11,7,72,11.44,6.11,0,,,EoN(2014-01-14) Electricity Aq 1yr
608,Nightsaver,2,11,6,72,11.3,6.19,0,,,EoN(2014-01-14) Electricity Aq 1yr
608,Nightsaver,2,11,5,72,11.12,6.22,0,,,EoN(2014-01-14) Electricity Aq 1yr
608,Nightsaver,2,11,8,72,11.5,6.04,0,,,EoN(2014-01-14) Electricity Aq 1yr
542,Nightsaver,1,11,7,72,11.44,6.11,0,,,EoN(2014-01-14) Electricity Aq 1yr
542,Nightsaver,1,11,6,72,11.3,6.19,0,,,EoN(2014-01-14) Electricity Aq 1yr
542,Nightsaver,1,11,5,72,11.12,6.22,0,,,EoN(2014-01-14) Electricity Aq 1yr
542,Nightsaver,1,11,8,72,11.5,6.04,0,,,EoN(2014-01-14) Electricity Aq 1yr
542,Nightsaver,27,11,7,72,11.44,6.11,0,,,EoN(2014-01-14) Electricity Aq 1yr
542,Nightsaver,27,11,6,72,11.3,6.19,0,,,EoN(2014-01-14) Electricity Aq 1yr
542,Nightsaver,27,11,5,72,11.12,6.22,0,,,EoN(2014-01-14) Electricity Aq 1yr
542,Nightsaver,27,11,8,72,11.5,6.04,0,,,EoN(2014-01-14) Electricity Aq 1yr
548,Nightsaver,103,11,7,72,11.44,6.11,0,,,EoN(2014-01-14) Electricity Aq 1yr
548,Nightsaver,103,11,6,72,11.3,6.19,0,,,EoN(2014-01-14) Electricity Aq 1yr
548,Nightsaver,103,11,5,72,11.12,6.22,0,,,EoN(2014-01-14) Electricity Aq 1yr
548,Nightsaver,103,11,8,72,11.5,6.04,0,,,EoN(2014-01-14) Electricity Aq 1yr
548,Nightsaver,29,11,7,72,11.44,6.11,0,,,EoN(2014-01-14) Electricity Aq 1yr
548,Nightsaver,29,11,6,72,11.3,6.19,0,,,EoN(2014-01-14) Electricity Aq 1yr
548,Nightsaver,29,11,5,72,11.12,6.22,0,,,EoN(2014-01-14) Electricity Aq 1yr
548,Nightsaver,29,11,8,72,11.5,6.04,0,,,EoN(2014-01-14) Electricity Aq 1yr
548,Nightsaver,40,11,7,72,11.44,6.11,0,,,EoN(2014-01-14) Electricity Aq 1yr
548,Nightsaver,40,11,6,72,11.3,6.19,0,,,EoN(2014-01-14) Electricity Aq 1yr
548,Nightsaver,40,11,5,72,11.12,6.22,0,,,EoN(2014-01-14) Electricity Aq 1yr
548,Nightsaver,40,11,8,72,11.5,6.04,0,,,EoN(2014-01-14) Electricity Aq 1yr
542,Nightsaver,3,11,7,72,11.44,6.11,0,,,EoN(2014-01-14) Electricity Aq 1yr
542,Nightsaver,3,11,6,72,11.3,6.19,0,,,EoN(2014-01-14) Electricity Aq 1yr
542,Nightsaver,3,11,5,72,11.12,6.22,0,,,EoN(2014-01-14) Electricity Aq 1yr
542,Nightsaver,3,11,8,72,11.5,6.04,0,,,EoN(2014-01-14) Electricity Aq 1yr
542,Nightsaver,140,11,7,72,11.44,6.11,0,,,EoN(2014-01-14) Electricity Aq 1yr
542,Nightsaver,140,11,6,72,11.3,6.19,0,,,EoN(2014-01-14) Electricity Aq 1yr
542,Nightsaver,140,11,5,72,11.12,6.22,0,,,EoN(2014-01-14) Electricity Aq 1yr
542,Nightsaver,140,11,8,72,11.5,6.04,0,,,EoN(2014-01-14) Electricity Aq 1yr
542,Nightsaver,12,11,7,72,11.44,6.11,0,,,EoN(2014-01-14) Electricity Aq 1yr
542,Nightsaver,12,11,6,72,11.3,6.19,0,,,EoN(2014-01-14) Electricity Aq 1yr
542,Nightsaver,12,11,5,72,11.12,6.22,0,,,EoN(2014-01-14) Electricity Aq 1yr
542,Nightsaver,12,11,8,72,11.5,6.04,0,,,EoN(2014-01-14) Electricity Aq 1yr
548,Nightsaver,34,11,7,72,11.44,6.11,0,,,EoN(2014-01-14) Electricity Aq 1yr
548,Nightsaver,34,11,6,72,11.3,6.19,0,,,EoN(2014-01-14) Electricity Aq 1yr
548,Nightsaver,34,11,5,72,11.12,6.22,0,,,EoN(2014-01-14) Electricity Aq 1yr
548,Nightsaver,34,11,8,72,11.5,6.04,0,,,EoN(2014-01-14) Electricity Aq 1yr
548,Nightsaver,37,11,7,72,11.44,6.11,0,,,EoN(2014-01-14) Electricity Aq 1yr
548,Nightsaver,37,11,6,72,11.3,6.19,0,,,EoN(2014-01-14) Electricity Aq 1yr
548,Nightsaver,37,11,5,72,11.12,6.22,0,,,EoN(2014-01-14) Electricity Aq 1yr
548,Nightsaver,37,11,8,72,11.5,6.04,0,,,EoN(2014-01-14) Electricity Aq 1yr
542,Nightsaver,37,11,7,72,11.44,6.11,0,,,EoN(2014-01-14) Electricity Aq 1yr
542,Nightsaver,37,11,6,72,11.3,6.19,0,,,EoN(2014-01-14) Electricity Aq 1yr
542,Nightsaver,37,11,5,72,11.12,6.22,0,,,EoN(2014-01-14) Electricity Aq 1yr
542,Nightsaver,37,11,8,72,11.5,6.04,0,,,EoN(2014-01-14) Electricity Aq 1yr
542,Nightsaver,34,11,7,72,11.44,6.11,0,,,EoN(2014-01-14) Electricity Aq 1yr
542,Nightsaver,34,11,6,72,11.3,6.19,0,,,EoN(2014-01-14) Electricity Aq 1yr
542,Nightsaver,34,11,5,72,11.12,6.22,0,,,EoN(2014-01-14) Electricity Aq 1yr
542,Nightsaver,34,11,8,72,11.5,6.04,0,,,EoN(2014-01-14) Electricity Aq 1yr
831,Nightsaver,140,11,7,72,11.44,6.11,0,,,EoN(2014-01-14) Electricity Aq 1yr
831,Nightsaver,140,11,6,72,11.3,6.19,0,,,EoN(2014-01-14) Electricity Aq 1yr
831,Nightsaver,140,11,5,72,11.12,6.22,0,,,EoN(2014-01-14) Electricity Aq 1yr
831,Nightsaver,140,11,8,72,11.5,6.04,0,,,EoN(2014-01-14) Electricity Aq 1yr
831,Nightsaver,52,11,7,72,11.44,6.11,0,,,EoN(2014-01-14) Electricity Aq 1yr
831,Nightsaver,52,11,6,72,11.3,6.19,0,,,EoN(2014-01-14) Electricity Aq 1yr
831,Nightsaver,52,11,5,72,11.12,6.22,0,,,EoN(2014-01-14) Electricity Aq 1yr
831,Nightsaver,52,11,8,72,11.5,6.04,0,,,EoN(2014-01-14) Electricity Aq 1yr
831,Nightsaver,37,11,7,72,11.44,6.11,0,,,EoN(2014-01-14) Electricity Aq 1yr
831,Nightsaver,37,11,6,72,11.3,6.19,0,,,EoN(2014-01-14) Electricity Aq 1yr
831,Nightsaver,37,11,5,72,11.12,6.22,0,,,EoN(2014-01-14) Electricity Aq 1yr
831,Nightsaver,37,11,8,72,11.5,6.04,0,,,EoN(2014-01-14) Electricity Aq 1yr
831,Nightsaver,37,11,7,72,11.44,6.11,0,,,EoN(2014-01-14) Electricity Aq 1yr
831,Nightsaver,37,11,6,72,11.3,6.19,0,,,EoN(2014-01-14) Electricity Aq 1yr
831,Nightsaver,37,11,5,72,11.12,6.22,0,,,EoN(2014-01-14) Electricity Aq 1yr
831,Nightsaver,37,11,8,72,11.5,6.04,0,,,EoN(2014-01-14) Electricity Aq 1yr
831,Nightsaver,13,11,7,72,11.44,6.11,0,,,EoN(2014-01-14) Electricity Aq 1yr
831,Nightsaver,13,11,6,72,11.3,6.19,0,,,EoN(2014-01-14) Electricity Aq 1yr
831,Nightsaver,13,11,5,72,11.12,6.22,0,,,EoN(2014-01-14) Electricity Aq 1yr
831,Nightsaver,13,11,8,72,11.5,6.04,0,,,EoN(2014-01-14) Electricity Aq 1yr
831,Nightsaver,40,11,7,72,11.44,6.11,0,,,EoN(2014-01-14) Electricity Aq 1yr
831,Nightsaver,40,11,6,72,11.3,6.19,0,,,EoN(2014-01-14) Electricity Aq 1yr
831,Nightsaver,40,11,5,72,11.12,6.22,0,,,EoN(2014-01-14) Electricity Aq 1yr
831,Nightsaver,40,11,8,72,11.5,6.04,0,,,EoN(2014-01-14) Electricity Aq 1yr
831,Nightsaver,1,11,7,72,11.44,6.11,0,,,EoN(2014-01-14) Electricity Aq 1yr
831,Nightsaver,1,11,6,72,11.3,6.19,0,,,EoN(2014-01-14) Electricity Aq 1yr
831,Nightsaver,1,11,5,72,11.12,6.22,0,,,EoN(2014-01-14) Electricity Aq 1yr
831,Nightsaver,1,11,8,72,11.5,6.04,0,,,EoN(2014-01-14) Electricity Aq 1yr
831,Nightsaver,19,11,7,72,11.44,6.11,0,,,EoN(2014-01-14) Electricity Aq 1yr
831,Nightsaver,19,11,6,72,11.3,6.19,0,,,EoN(2014-01-14) Electricity Aq 1yr
831,Nightsaver,19,11,5,72,11.12,6.22,0,,,EoN(2014-01-14) Electricity Aq 1yr
831,Nightsaver,19,11,8,72,11.5,6.04,0,,,EoN(2014-01-14) Electricity Aq 1yr
831,Nightsaver,152,11,7,72,11.44,6.11,0,,,EoN(2014-01-14) Electricity Aq 1yr
831,Nightsaver,152,11,6,72,11.3,6.19,0,,,EoN(2014-01-14) Electricity Aq 1yr
831,Nightsaver,152,11,5,72,11.12,6.22,0,,,EoN(2014-01-14) Electricity Aq 1yr
831,Nightsaver,152,11,8,72,11.5,6.04,0,,,EoN(2014-01-14) Electricity Aq 1yr
831,Nightsaver,16,11,7,72,11.44,6.11,0,,,EoN(2014-01-14) Electricity Aq 1yr
831,Nightsaver,16,11,6,72,11.3,6.19,0,,,EoN(2014-01-14) Electricity Aq 1yr
831,Nightsaver,16,11,5,72,11.12,6.22,0,,,EoN(2014-01-14) Electricity Aq 1yr
831,Nightsaver,16,11,8,72,11.5,6.04,0,,,EoN(2014-01-14) Electricity Aq 1yr
831,Nightsaver,137,11,7,72,11.44,6.11,0,,,EoN(2014-01-14) Electricity Aq 1yr
831,Nightsaver,137,11,6,72,11.3,6.19,0,,,EoN(2014-01-14) Electricity Aq 1yr
831,Nightsaver,137,11,5,72,11.12,6.22,0,,,EoN(2014-01-14) Electricity Aq 1yr
831,Nightsaver,137,11,8,72,11.5,6.04,0,,,EoN(2014-01-14) Electricity Aq 1yr
831,Nightsaver,119,11,7,72,11.44,6.11,0,,,EoN(2014-01-14) Electricity Aq 1yr
831,Nightsaver,119,11,6,72,11.3,6.19,0,,,EoN(2014-01-14) Electricity Aq 1yr
831,Nightsaver,119,11,5,72,11.12,6.22,0,,,EoN(2014-01-14) Electricity Aq 1yr
831,Nightsaver,119,11,8,72,11.5,6.04,0,,,EoN(2014-01-14) Electricity Aq 1yr
831,Nightsaver,116,11,7,72,11.44,6.11,0,,,EoN(2014-01-14) Electricity Aq 1yr
831,Nightsaver,116,11,6,72,11.3,6.19,0,,,EoN(2014-01-14) Electricity Aq 1yr
831,Nightsaver,116,11,5,72,11.12,6.22,0,,,EoN(2014-01-14) Electricity Aq 1yr
831,Nightsaver,116,11,8,72,11.5,6.04,0,,,EoN(2014-01-14) Electricity Aq 1yr
831,Nightsaver,113,11,7,72,11.44,6.11,0,,,EoN(2014-01-14) Electricity Aq 1yr
831,Nightsaver,113,11,6,72,11.3,6.19,0,,,EoN(2014-01-14) Electricity Aq 1yr
831,Nightsaver,113,11,5,72,11.12,6.22,0,,,EoN(2014-01-14) Electricity Aq 1yr
831,Nightsaver,113,11,8,72,11.5,6.04,0,,,EoN(2014-01-14) Electricity Aq 1yr
831,Nightsaver,103,11,7,72,11.44,6.11,0,,,EoN(2014-01-14) Electricity Aq 1yr
831,Nightsaver,103,11,6,72,11.3,6.19,0,,,EoN(2014-01-14) Electricity Aq 1yr
831,Nightsaver,103,11,5,72,11.12,6.22,0,,,EoN(2014-01-14) Electricity Aq 1yr
831,Nightsaver,103,11,8,72,11.5,6.04,0,,,EoN(2014-01-14) Electricity Aq 1yr
831,Nightsaver,101,11,7,72,11.44,6.11,0,,,EoN(2014-01-14) Electricity Aq 1yr
831,Nightsaver,101,11,6,72,11.3,6.19,0,,,EoN(2014-01-14) Electricity Aq 1yr
831,Nightsaver,101,11,5,72,11.12,6.22,0,,,EoN(2014-01-14) Electricity Aq 1yr
831,Nightsaver,101,11,8,72,11.5,6.04,0,,,EoN(2014-01-14) Electricity Aq 1yr
831,Nightsaver,3,11,7,72,11.44,6.11,0,,,EoN(2014-01-14) Electricity Aq 1yr
831,Nightsaver,3,11,6,72,11.3,6.19,0,,,EoN(2014-01-14) Electricity Aq 1yr
831,Nightsaver,3,11,5,72,11.12,6.22,0,,,EoN(2014-01-14) Electricity Aq 1yr
831,Nightsaver,3,11,8,72,11.5,6.04,0,,,EoN(2014-01-14) Electricity Aq 1yr
830,Nightsaver,37,11,7,72,11.44,6.11,0,,,EoN(2014-01-14) Electricity Aq 1yr
830,Nightsaver,37,11,6,72,11.3,6.19,0,,,EoN(2014-01-14) Electricity Aq 1yr
830,Nightsaver,37,11,5,72,11.12,6.22,0,,,EoN(2014-01-14) Electricity Aq 1yr
830,Nightsaver,37,11,8,72,11.5,6.04,0,,,EoN(2014-01-14) Electricity Aq 1yr
830,Nightsaver,140,11,7,72,11.44,6.11,0,,,EoN(2014-01-14) Electricity Aq 1yr
830,Nightsaver,140,11,6,72,11.3,6.19,0,,,EoN(2014-01-14) Electricity Aq 1yr
830,Nightsaver,140,11,5,72,11.12,6.22,0,,,EoN(2014-01-14) Electricity Aq 1yr
830,Nightsaver,140,11,8,72,11.5,6.04,0,,,EoN(2014-01-14) Electricity Aq 1yr
830,Nightsaver,52,11,7,72,11.44,6.11,0,,,EoN(2014-01-14) Electricity Aq 1yr
830,Nightsaver,52,11,6,72,11.3,6.19,0,,,EoN(2014-01-14) Electricity Aq 1yr
830,Nightsaver,52,11,5,72,11.12,6.22,0,,,EoN(2014-01-14) Electricity Aq 1yr
830,Nightsaver,52,11,8,72,11.5,6.04,0,,,EoN(2014-01-14) Electricity Aq 1yr
830,Nightsaver,101,11,7,72,11.44,6.11,0,,,EoN(2014-01-14) Electricity Aq 1yr
830,Nightsaver,101,11,6,72,11.3,6.19,0,,,EoN(2014-01-14) Electricity Aq 1yr
830,Nightsaver,101,11,5,72,11.12,6.22,0,,,EoN(2014-01-14) Electricity Aq 1yr
830,Nightsaver,101,11,8,72,11.5,6.04,0,,,EoN(2014-01-14) Electricity Aq 1yr
830,Nightsaver,113,11,7,72,11.44,6.11,0,,,EoN(2014-01-14) Electricity Aq 1yr
830,Nightsaver,113,11,6,72,11.3,6.19,0,,,EoN(2014-01-14) Electricity Aq 1yr
830,Nightsaver,113,11,5,72,11.12,6.22,0,,,EoN(2014-01-14) Electricity Aq 1yr
830,Nightsaver,113,11,8,72,11.5,6.04,0,,,EoN(2014-01-14) Electricity Aq 1yr
830,Nightsaver,137,11,7,72,11.44,6.11,0,,,EoN(2014-01-14) Electricity Aq 1yr
830,Nightsaver,137,11,6,72,11.3,6.19,0,,,EoN(2014-01-14) Electricity Aq 1yr
830,Nightsaver,137,11,5,72,11.12,6.22,0,,,EoN(2014-01-14) Electricity Aq 1yr
830,Nightsaver,137,11,8,72,11.5,6.04,0,,,EoN(2014-01-14) Electricity Aq 1yr
830,Nightsaver,119,11,7,72,11.44,6.11,0,,,EoN(2014-01-14) Electricity Aq 1yr
830,Nightsaver,119,11,6,72,11.3,6.19,0,,,EoN(2014-01-14) Electricity Aq 1yr
830,Nightsaver,119,11,5,72,11.12,6.22,0,,,EoN(2014-01-14) Electricity Aq 1yr
830,Nightsaver,119,11,8,72,11.5,6.04,0,,,EoN(2014-01-14) Electricity Aq 1yr
830,Nightsaver,103,11,7,72,11.44,6.11,0,,,EoN(2014-01-14) Electricity Aq 1yr
830,Nightsaver,103,11,6,72,11.3,6.19,0,,,EoN(2014-01-14) Electricity Aq 1yr
830,Nightsaver,103,11,5,72,11.12,6.22,0,,,EoN(2014-01-14) Electricity Aq 1yr
830,Nightsaver,103,11,8,72,11.5,6.04,0,,,EoN(2014-01-14) Electricity Aq 1yr
830,Nightsaver,40,11,7,72,11.44,6.11,0,,,EoN(2014-01-14) Electricity Aq 1yr
830,Nightsaver,40,11,6,72,11.3,6.19,0,,,EoN(2014-01-14) Electricity Aq 1yr
830,Nightsaver,40,11,5,72,11.12,6.22,0,,,EoN(2014-01-14) Electricity Aq 1yr
830,Nightsaver,40,11,8,72,11.5,6.04,0,,,EoN(2014-01-14) Electricity Aq 1yr
830,Nightsaver,152,11,7,72,11.44,6.11,0,,,EoN(2014-01-14) Electricity Aq 1yr
830,Nightsaver,152,11,6,72,11.3,6.19,0,,,EoN(2014-01-14) Electricity Aq 1yr
830,Nightsaver,152,11,5,72,11.12,6.22,0,,,EoN(2014-01-14) Electricity Aq 1yr
830,Nightsaver,152,11,8,72,11.5,6.04,0,,,EoN(2014-01-14) Electricity Aq 1yr
830,Nightsaver,37,11,7,72,11.44,6.11,0,,,EoN(2014-01-14) Electricity Aq 1yr
830,Nightsaver,37,11,6,72,11.3,6.19,0,,,EoN(2014-01-14) Electricity Aq 1yr
830,Nightsaver,37,11,5,72,11.12,6.22,0,,,EoN(2014-01-14) Electricity Aq 1yr
830,Nightsaver,37,11,8,72,11.5,6.04,0,,,EoN(2014-01-14) Electricity Aq 1yr
830,Nightsaver,19,11,7,72,11.44,6.11,0,,,EoN(2014-01-14) Electricity Aq 1yr
830,Nightsaver,19,11,6,72,11.3,6.19,0,,,EoN(2014-01-14) Electricity Aq 1yr
830,Nightsaver,19,11,5,72,11.12,6.22,0,,,EoN(2014-01-14) Electricity Aq 1yr
830,Nightsaver,19,11,8,72,11.5,6.04,0,,,EoN(2014-01-14) Electricity Aq 1yr
830,Nightsaver,16,11,7,72,11.44,6.11,0,,,EoN(2014-01-14) Electricity Aq 1yr
830,Nightsaver,16,11,6,72,11.3,6.19,0,,,EoN(2014-01-14) Electricity Aq 1yr
830,Nightsaver,16,11,5,72,11.12,6.22,0,,,EoN(2014-01-14) Electricity Aq 1yr
830,Nightsaver,16,11,8,72,11.5,6.04,0,,,EoN(2014-01-14) Electricity Aq 1yr
830,Nightsaver,13,11,7,72,11.44,6.11,0,,,EoN(2014-01-14) Electricity Aq 1yr
830,Nightsaver,13,11,6,72,11.3,6.19,0,,,EoN(2014-01-14) Electricity Aq 1yr
830,Nightsaver,13,11,5,72,11.12,6.22,0,,,EoN(2014-01-14) Electricity Aq 1yr
830,Nightsaver,13,11,8,72,11.5,6.04,0,,,EoN(2014-01-14) Electricity Aq 1yr
830,Nightsaver,3,11,7,72,11.44,6.11,0,,,EoN(2014-01-14) Electricity Aq 1yr
830,Nightsaver,3,11,6,72,11.3,6.19,0,,,EoN(2014-01-14) Electricity Aq 1yr
830,Nightsaver,3,11,5,72,11.12,6.22,0,,,EoN(2014-01-14) Electricity Aq 1yr
830,Nightsaver,3,11,8,72,11.5,6.04,0,,,EoN(2014-01-14) Electricity Aq 1yr
830,Nightsaver,1,11,7,72,11.44,6.11,0,,,EoN(2014-01-14) Electricity Aq 1yr
830,Nightsaver,1,11,6,72,11.3,6.19,0,,,EoN(2014-01-14) Electricity Aq 1yr
830,Nightsaver,1,11,5,72,11.12,6.22,0,,,EoN(2014-01-14) Electricity Aq 1yr
830,Nightsaver,1,11,8,72,11.5,6.04,0,,,EoN(2014-01-14) Electricity Aq 1yr
830,Nightsaver,116,11,7,72,11.44,6.11,0,,,EoN(2014-01-14) Electricity Aq 1yr
830,Nightsaver,116,11,6,72,11.3,6.19,0,,,EoN(2014-01-14) Electricity Aq 1yr
830,Nightsaver,116,11,5,72,11.12,6.22,0,,,EoN(2014-01-14) Electricity Aq 1yr
830,Nightsaver,116,11,8,72,11.5,6.04,0,,,EoN(2014-01-14) Electricity Aq 1yr
106,Nightsaver,1,11,7,72,11.44,6.11,0,,,EoN(2014-01-14) Electricity Aq 1yr
106,Nightsaver,1,11,6,72,11.3,6.19,0,,,EoN(2014-01-14) Electricity Aq 1yr
106,Nightsaver,1,11,5,72,11.12,6.22,0,,,EoN(2014-01-14) Electricity Aq 1yr
106,Nightsaver,1,11,8,72,11.5,6.04,0,,,EoN(2014-01-14) Electricity Aq 1yr
542,Nightsaver,27,11,7,72,11.44,6.11,0,,,EoN(2014-01-14) Electricity Aq 1yr
542,Nightsaver,27,11,6,72,11.3,6.19,0,,,EoN(2014-01-14) Electricity Aq 1yr
542,Nightsaver,27,11,5,72,11.12,6.22,0,,,EoN(2014-01-14) Electricity Aq 1yr
542,Nightsaver,27,11,8,72,11.5,6.04,0,,,EoN(2014-01-14) Electricity Aq 1yr
106,Nightsaver,7,11,7,72,11.44,6.11,0,,,EoN(2014-01-14) Electricity Aq 1yr
106,Nightsaver,7,11,6,72,11.3,6.19,0,,,EoN(2014-01-14) Electricity Aq 1yr
106,Nightsaver,7,11,5,72,11.12,6.22,0,,,EoN(2014-01-14) Electricity Aq 1yr
106,Nightsaver,7,11,8,72,11.5,6.04,0,,,EoN(2014-01-14) Electricity Aq 1yr
542,Nightsaver,101,11,7,72,11.44,6.11,0,,,EoN(2014-01-14) Electricity Aq 1yr
542,Nightsaver,101,11,6,72,11.3,6.19,0,,,EoN(2014-01-14) Electricity Aq 1yr
542,Nightsaver,101,11,5,72,11.12,6.22,0,,,EoN(2014-01-14) Electricity Aq 1yr
542,Nightsaver,101,11,8,72,11.5,6.04,0,,,EoN(2014-01-14) Electricity Aq 1yr
542,Nightsaver,23,11,7,72,11.44,6.11,0,,,EoN(2014-01-14) Electricity Aq 1yr
542,Nightsaver,23,11,6,72,11.3,6.19,0,,,EoN(2014-01-14) Electricity Aq 1yr
542,Nightsaver,23,11,5,72,11.12,6.22,0,,,EoN(2014-01-14) Electricity Aq 1yr
542,Nightsaver,23,11,8,72,11.5,6.04,0,,,EoN(2014-01-14) Electricity Aq 1yr
106,Nightsaver,2,11,7,72,11.44,6.11,0,,,EoN(2014-01-14) Electricity Aq 1yr
106,Nightsaver,2,11,6,72,11.3,6.19,0,,,EoN(2014-01-14) Electricity Aq 1yr
106,Nightsaver,2,11,5,72,11.12,6.22,0,,,EoN(2014-01-14) Electricity Aq 1yr
106,Nightsaver,2,11,8,72,11.5,6.04,0,,,EoN(2014-01-14) Electricity Aq 1yr
542,Nightsaver,19,11,7,72,11.44,6.11,0,,,EoN(2014-01-14) Electricity Aq 1yr
542,Nightsaver,19,11,6,72,11.3,6.19,0,,,EoN(2014-01-14) Electricity Aq 1yr
542,Nightsaver,19,11,5,72,11.12,6.22,0,,,EoN(2014-01-14) Electricity Aq 1yr
542,Nightsaver,19,11,8,72,11.5,6.04,0,,,EoN(2014-01-14) Electricity Aq 1yr
542,Nightsaver,29,11,7,72,11.44,6.11,0,,,EoN(2014-01-14) Electricity Aq 1yr
542,Nightsaver,29,11,6,72,11.3,6.19,0,,,EoN(2014-01-14) Electricity Aq 1yr
542,Nightsaver,29,11,5,72,11.12,6.22,0,,,EoN(2014-01-14) Electricity Aq 1yr
542,Nightsaver,29,11,8,72,11.5,6.04,0,,,EoN(2014-01-14) Electricity Aq 1yr
542,Nightsaver,34,11,7,72,11.44,6.11,0,,,EoN(2014-01-14) Electricity Aq 1yr
542,Nightsaver,34,11,6,72,11.3,6.19,0,,,EoN(2014-01-14) Electricity Aq 1yr
542,Nightsaver,34,11,5,72,11.12,6.22,0,,,EoN(2014-01-14) Electricity Aq 1yr
542,Nightsaver,34,11,8,72,11.5,6.04,0,,,EoN(2014-01-14) Electricity Aq 1yr
146,Nightsaver,7,11,7,72,11.44,6.11,0,,,EoN(2014-01-14) Electricity Aq 1yr
146,Nightsaver,7,11,6,72,11.3,6.19,0,,,EoN(2014-01-14) Electricity Aq 1yr
146,Nightsaver,7,11,5,72,11.12,6.22,0,,,EoN(2014-01-14) Electricity Aq 1yr
146,Nightsaver,7,11,8,72,11.5,6.04,0,,,EoN(2014-01-14) Electricity Aq 1yr
146,Nightsaver,3,11,7,72,11.44,6.11,0,,,EoN(2014-01-14) Electricity Aq 1yr
146,Nightsaver,3,11,6,72,11.3,6.19,0,,,EoN(2014-01-14) Electricity Aq 1yr
146,Nightsaver,3,11,5,72,11.12,6.22,0,,,EoN(2014-01-14) Electricity Aq 1yr
146,Nightsaver,3,11,8,72,11.5,6.04,0,,,EoN(2014-01-14) Electricity Aq 1yr
542,Nightsaver,37,11,7,72,11.44,6.11,0,,,EoN(2014-01-14) Electricity Aq 1yr
542,Nightsaver,37,11,6,72,11.3,6.19,0,,,EoN(2014-01-14) Electricity Aq 1yr
542,Nightsaver,37,11,5,72,11.12,6.22,0,,,EoN(2014-01-14) Electricity Aq 1yr
542,Nightsaver,37,11,8,72,11.5,6.04,0,,,EoN(2014-01-14) Electricity Aq 1yr
146,Nightsaver,2,11,7,72,11.44,6.11,0,,,EoN(2014-01-14) Electricity Aq 1yr
146,Nightsaver,2,11,6,72,11.3,6.19,0,,,EoN(2014-01-14) Electricity Aq 1yr
146,Nightsaver,2,11,5,72,11.12,6.22,0,,,EoN(2014-01-14) Electricity Aq 1yr
146,Nightsaver,2,11,8,72,11.5,6.04,0,,,EoN(2014-01-14) Electricity Aq 1yr
542,Nightsaver,40,11,7,72,11.44,6.11,0,,,EoN(2014-01-14) Electricity Aq 1yr
542,Nightsaver,40,11,6,72,11.3,6.19,0,,,EoN(2014-01-14) Electricity Aq 1yr
542,Nightsaver,40,11,5,72,11.12,6.22,0,,,EoN(2014-01-14) Electricity Aq 1yr
542,Nightsaver,40,11,8,72,11.5,6.04,0,,,EoN(2014-01-14) Electricity Aq 1yr
106,Nightsaver,3,11,7,72,11.44,6.11,0,,,EoN(2014-01-14) Electricity Aq 1yr
106,Nightsaver,3,11,6,72,11.3,6.19,0,,,EoN(2014-01-14) Electricity Aq 1yr
106,Nightsaver,3,11,5,72,11.12,6.22,0,,,EoN(2014-01-14) Electricity Aq 1yr
106,Nightsaver,3,11,8,72,11.5,6.04,0,,,EoN(2014-01-14) Electricity Aq 1yr
653,Nightsaver,2,11,7,72,11.44,6.11,0,,,EoN(2014-01-14) Electricity Aq 1yr
653,Nightsaver,2,11,6,72,11.3,6.19,0,,,EoN(2014-01-14) Electricity Aq 1yr
653,Nightsaver,2,11,5,72,11.12,6.22,0,,,EoN(2014-01-14) Electricity Aq 1yr
653,Nightsaver,2,11,8,72,11.5,6.04,0,,,EoN(2014-01-14) Electricity Aq 1yr
542,Nightsaver,14,11,7,72,11.44,6.11,0,,,EoN(2014-01-14) Electricity Aq 1yr
542,Nightsaver,14,11,6,72,11.3,6.19,0,,,EoN(2014-01-14) Electricity Aq 1yr
542,Nightsaver,14,11,5,72,11.12,6.22,0,,,EoN(2014-01-14) Electricity Aq 1yr
542,Nightsaver,14,11,8,72,11.5,6.04,0,,,EoN(2014-01-14) Electricity Aq 1yr
613,Nightsaver,3,11,7,72,11.44,6.11,0,,,EoN(2014-01-14) Electricity Aq 1yr
613,Nightsaver,3,11,6,72,11.3,6.19,0,,,EoN(2014-01-14) Electricity Aq 1yr
613,Nightsaver,3,11,5,72,11.12,6.22,0,,,EoN(2014-01-14) Electricity Aq 1yr
613,Nightsaver,3,11,8,72,11.5,6.04,0,,,EoN(2014-01-14) Electricity Aq 1yr
613,Nightsaver,7,11,7,72,11.44,6.11,0,,,EoN(2014-01-14) Electricity Aq 1yr
613,Nightsaver,7,11,6,72,11.3,6.19,0,,,EoN(2014-01-14) Electricity Aq 1yr
613,Nightsaver,7,11,5,72,11.12,6.22,0,,,EoN(2014-01-14) Electricity Aq 1yr
613,Nightsaver,7,11,8,72,11.5,6.04,0,,,EoN(2014-01-14) Electricity Aq 1yr
542,Nightsaver,15,11,7,72,11.44,6.11,0,,,EoN(2014-01-14) Electricity Aq 1yr
542,Nightsaver,15,11,6,72,11.3,6.19,0,,,EoN(2014-01-14) Electricity Aq 1yr
542,Nightsaver,15,11,5,72,11.12,6.22,0,,,EoN(2014-01-14) Electricity Aq 1yr
542,Nightsaver,15,11,8,72,11.5,6.04,0,,,EoN(2014-01-14) Electricity Aq 1yr
542,Nightsaver,17,11,7,72,11.44,6.11,0,,,EoN(2014-01-14) Electricity Aq 1yr
542,Nightsaver,17,11,6,72,11.3,6.19,0,,,EoN(2014-01-14) Electricity Aq 1yr
542,Nightsaver,17,11,5,72,11.12,6.22,0,,,EoN(2014-01-14) Electricity Aq 1yr
542,Nightsaver,17,11,8,72,11.5,6.04,0,,,EoN(2014-01-14) Electricity Aq 1yr
653,Nightsaver,7,11,7,72,11.44,6.11,0,,,EoN(2014-01-14) Electricity Aq 1yr
653,Nightsaver,7,11,6,72,11.3,6.19,0,,,EoN(2014-01-14) Electricity Aq 1yr
653,Nightsaver,7,11,5,72,11.12,6.22,0,,,EoN(2014-01-14) Electricity Aq 1yr
653,Nightsaver,7,11,8,72,11.5,6.04,0,,,EoN(2014-01-14) Electricity Aq 1yr
542,Nightsaver,21,11,7,72,11.44,6.11,0,,,EoN(2014-01-14) Electricity Aq 1yr
542,Nightsaver,21,11,6,72,11.3,6.19,0,,,EoN(2014-01-14) Electricity Aq 1yr
542,Nightsaver,21,11,5,72,11.12,6.22,0,,,EoN(2014-01-14) Electricity Aq 1yr
542,Nightsaver,21,11,8,72,11.5,6.04,0,,,EoN(2014-01-14) Electricity Aq 1yr
542,Nightsaver,140,11,7,72,11.44,6.11,0,,,EoN(2014-01-14) Electricity Aq 1yr
542,Nightsaver,140,11,6,72,11.3,6.19,0,,,EoN(2014-01-14) Electricity Aq 1yr
542,Nightsaver,140,11,5,72,11.12,6.22,0,,,EoN(2014-01-14) Electricity Aq 1yr
542,Nightsaver,140,11,8,72,11.5,6.04,0,,,EoN(2014-01-14) Electricity Aq 1yr
110,Nightsaver,2,11,7,72,11.44,6.11,0,,,EoN(2014-01-14) Electricity Aq 1yr
110,Nightsaver,2,11,6,72,11.3,6.19,0,,,EoN(2014-01-14) Electricity Aq 1yr
110,Nightsaver,2,11,5,72,11.12,6.22,0,,,EoN(2014-01-14) Electricity Aq 1yr
110,Nightsaver,2,11,8,72,11.5,6.04,0,,,EoN(2014-01-14) Electricity Aq 1yr
542,Nightsaver,134,11,7,72,11.44,6.11,0,,,EoN(2014-01-14) Electricity Aq 1yr
542,Nightsaver,134,11,6,72,11.3,6.19,0,,,EoN(2014-01-14) Electricity Aq 1yr
542,Nightsaver,134,11,5,72,11.12,6.22,0,,,EoN(2014-01-14) Electricity Aq 1yr
542,Nightsaver,134,11,8,72,11.5,6.04,0,,,EoN(2014-01-14) Electricity Aq 1yr
542,Nightsaver,119,11,7,72,11.44,6.11,0,,,EoN(2014-01-14) Electricity Aq 1yr
542,Nightsaver,119,11,6,72,11.3,6.19,0,,,EoN(2014-01-14) Electricity Aq 1yr
542,Nightsaver,119,11,5,72,11.12,6.22,0,,,EoN(2014-01-14) Electricity Aq 1yr
542,Nightsaver,119,11,8,72,11.5,6.04,0,,,EoN(2014-01-14) Electricity Aq 1yr
608,Nightsaver,2,11,7,72,11.44,6.11,0,,,EoN(2014-01-14) Electricity Aq 1yr
608,Nightsaver,2,11,6,72,11.3,6.19,0,,,EoN(2014-01-14) Electricity Aq 1yr
608,Nightsaver,2,11,5,72,11.12,6.22,0,,,EoN(2014-01-14) Electricity Aq 1yr
608,Nightsaver,2,11,8,72,11.5,6.04,0,,,EoN(2014-01-14) Electricity Aq 1yr
548,Nightsaver,113,11,7,72,11.44,6.11,0,,,EoN(2014-01-14) Electricity Aq 1yr
548,Nightsaver,113,11,6,72,11.3,6.19,0,,,EoN(2014-01-14) Electricity Aq 1yr
548,Nightsaver,113,11,5,72,11.12,6.22,0,,,EoN(2014-01-14) Electricity Aq 1yr
548,Nightsaver,113,11,8,72,11.5,6.04,0,,,EoN(2014-01-14) Electricity Aq 1yr
542,Nightsaver,103,11,7,72,11.44,6.11,0,,,EoN(2014-01-14) Electricity Aq 1yr
542,Nightsaver,103,11,6,72,11.3,6.19,0,,,EoN(2014-01-14) Electricity Aq 1yr
542,Nightsaver,103,11,5,72,11.12,6.22,0,,,EoN(2014-01-14) Electricity Aq 1yr
542,Nightsaver,103,11,8,72,11.5,6.04,0,,,EoN(2014-01-14) Electricity Aq 1yr
542,Nightsaver,113,11,7,72,11.44,6.11,0,,,EoN(2014-01-14) Electricity Aq 1yr
542,Nightsaver,113,11,6,72,11.3,6.19,0,,,EoN(2014-01-14) Electricity Aq 1yr
542,Nightsaver,113,11,5,72,11.12,6.22,0,,,EoN(2014-01-14) Electricity Aq 1yr
542,Nightsaver,113,11,8,72,11.5,6.04,0,,,EoN(2014-01-14) Electricity Aq 1yr
653,Nightsaver,3,11,7,72,11.44,6.11,0,,,EoN(2014-01-14) Electricity Aq 1yr
653,Nightsaver,3,11,6,72,11.3,6.19,0,,,EoN(2014-01-14) Electricity Aq 1yr
653,Nightsaver,3,11,5,72,11.12,6.22,0,,,EoN(2014-01-14) Electricity Aq 1yr
653,Nightsaver,3,11,8,72,11.5,6.04,0,,,EoN(2014-01-14) Electricity Aq 1yr
548,Nightsaver,14,11,7,72,11.44,6.11,0,,,EoN(2014-01-14) Electricity Aq 1yr
548,Nightsaver,14,11,6,72,11.3,6.19,0,,,EoN(2014-01-14) Electricity Aq 1yr
548,Nightsaver,14,11,5,72,11.12,6.22,0,,,EoN(2014-01-14) Electricity Aq 1yr
548,Nightsaver,14,11,8,72,11.5,6.04,0,,,EoN(2014-01-14) Electricity Aq 1yr
548,Nightsaver,29,11,7,72,11.44,6.11,0,,,EoN(2014-01-14) Electricity Aq 1yr
548,Nightsaver,29,11,6,72,11.3,6.19,0,,,EoN(2014-01-14) Electricity Aq 1yr
548,Nightsaver,29,11,5,72,11.12,6.22,0,,,EoN(2014-01-14) Electricity Aq 1yr
548,Nightsaver,29,11,8,72,11.5,6.04,0,,,EoN(2014-01-14) Electricity Aq 1yr
548,Nightsaver,27,11,7,72,11.44,6.11,0,,,EoN(2014-01-14) Electricity Aq 1yr
548,Nightsaver,27,11,6,72,11.3,6.19,0,,,EoN(2014-01-14) Electricity Aq 1yr
548,Nightsaver,27,11,5,72,11.12,6.22,0,,,EoN(2014-01-14) Electricity Aq 1yr
548,Nightsaver,27,11,8,72,11.5,6.04,0,,,EoN(2014-01-14) Electricity Aq 1yr
542,Nightsaver,13,11,7,72,11.44,6.11,0,,,EoN(2014-01-14) Electricity Aq 1yr
542,Nightsaver,13,11,6,72,11.3,6.19,0,,,EoN(2014-01-14) Electricity Aq 1yr
542,Nightsaver,13,11,5,72,11.12,6.22,0,,,EoN(2014-01-14) Electricity Aq 1yr
542,Nightsaver,13,11,8,72,11.5,6.04,0,,,EoN(2014-01-14) Electricity Aq 1yr
648,Nightsaver,2,11,7,72,11.44,6.11,0,,,EoN(2014-01-14) Electricity Aq 1yr
648,Nightsaver,2,11,6,72,11.3,6.19,0,,,EoN(2014-01-14) Electricity Aq 1yr
648,Nightsaver,2,11,5,72,11.12,6.22,0,,,EoN(2014-01-14) Electricity Aq 1yr
648,Nightsaver,2,11,8,72,11.5,6.04,0,,,EoN(2014-01-14) Electricity Aq 1yr
608,Nightsaver,3,11,7,72,11.44,6.11,0,,,EoN(2014-01-14) Electricity Aq 1yr
608,Nightsaver,3,11,6,72,11.3,6.19,0,,,EoN(2014-01-14) Electricity Aq 1yr
608,Nightsaver,3,11,5,72,11.12,6.22,0,,,EoN(2014-01-14) Electricity Aq 1yr
608,Nightsaver,3,11,8,72,11.5,6.04,0,,,EoN(2014-01-14) Electricity Aq 1yr
648,Nightsaver,7,11,7,72,11.44,6.11,0,,,EoN(2014-01-14) Electricity Aq 1yr
648,Nightsaver,7,11,6,72,11.3,6.19,0,,,EoN(2014-01-14) Electricity Aq 1yr
648,Nightsaver,7,11,5,72,11.12,6.22,0,,,EoN(2014-01-14) Electricity Aq 1yr
648,Nightsaver,7,11,8,72,11.5,6.04,0,,,EoN(2014-01-14) Electricity Aq 1yr
548,Nightsaver,134,11,7,72,11.44,6.11,0,,,EoN(2014-01-14) Electricity Aq 1yr
548,Nightsaver,134,11,6,72,11.3,6.19,0,,,EoN(2014-01-14) Electricity Aq 1yr
548,Nightsaver,134,11,5,72,11.12,6.22,0,,,EoN(2014-01-14) Electricity Aq 1yr
548,Nightsaver,134,11,8,72,11.5,6.04,0,,,EoN(2014-01-14) Electricity Aq 1yr
548,Nightsaver,23,11,7,72,11.44,6.11,0,,,EoN(2014-01-14) Electricity Aq 1yr
548,Nightsaver,23,11,6,72,11.3,6.19,0,,,EoN(2014-01-14) Electricity Aq 1yr
548,Nightsaver,23,11,5,72,11.12,6.22,0,,,EoN(2014-01-14) Electricity Aq 1yr
548,Nightsaver,23,11,8,72,11.5,6.04,0,,,EoN(2014-01-14) Electricity Aq 1yr
548,Nightsaver,21,11,7,72,11.44,6.11,0,,,EoN(2014-01-14) Electricity Aq 1yr
548,Nightsaver,21,11,6,72,11.3,6.19,0,,,EoN(2014-01-14) Electricity Aq 1yr
548,Nightsaver,21,11,5,72,11.12,6.22,0,,,EoN(2014-01-14) Electricity Aq 1yr
548,Nightsaver,21,11,8,72,11.5,6.04,0,,,EoN(2014-01-14) Electricity Aq 1yr
548,Nightsaver,19,11,7,72,11.44,6.11,0,,,EoN(2014-01-14) Electricity Aq 1yr
548,Nightsaver,19,11,6,72,11.3,6.19,0,,,EoN(2014-01-14) Electricity Aq 1yr
548,Nightsaver,19,11,5,72,11.12,6.22,0,,,EoN(2014-01-14) Electricity Aq 1yr
548,Nightsaver,19,11,8,72,11.5,6.04,0,,,EoN(2014-01-14) Electricity Aq 1yr
548,Nightsaver,34,11,7,72,11.44,6.11,0,,,EoN(2014-01-14) Electricity Aq 1yr
548,Nightsaver,34,11,6,72,11.3,6.19,0,,,EoN(2014-01-14) Electricity Aq 1yr
548,Nightsaver,34,11,5,72,11.12,6.22,0,,,EoN(2014-01-14) Electricity Aq 1yr
548,Nightsaver,34,11,8,72,11.5,6.04,0,,,EoN(2014-01-14) Electricity Aq 1yr
548,Nightsaver,15,11,7,72,11.44,6.11,0,,,EoN(2014-01-14) Electricity Aq 1yr
548,Nightsaver,15,11,6,72,11.3,6.19,0,,,EoN(2014-01-14) Electricity Aq 1yr
548,Nightsaver,15,11,5,72,11.12,6.22,0,,,EoN(2014-01-14) Electricity Aq 1yr
548,Nightsaver,15,11,8,72,11.5,6.04,0,,,EoN(2014-01-14) Electricity Aq 1yr
648,Nightsaver,3,11,7,72,11.44,6.11,0,,,EoN(2014-01-14) Electricity Aq 1yr
648,Nightsaver,3,11,6,72,11.3,6.19,0,,,EoN(2014-01-14) Electricity Aq 1yr
648,Nightsaver,3,11,5,72,11.12,6.22,0,,,EoN(2014-01-14) Electricity Aq 1yr
648,Nightsaver,3,11,8,72,11.5,6.04,0,,,EoN(2014-01-14) Electricity Aq 1yr
548,Nightsaver,13,11,7,72,11.44,6.11,0,,,EoN(2014-01-14) Electricity Aq 1yr
548,Nightsaver,13,11,6,72,11.3,6.19,0,,,EoN(2014-01-14) Electricity Aq 1yr
548,Nightsaver,13,11,5,72,11.12,6.22,0,,,EoN(2014-01-14) Electricity Aq 1yr
548,Nightsaver,13,11,8,72,11.5,6.04,0,,,EoN(2014-01-14) Electricity Aq 1yr
548,Nightsaver,12,11,7,72,11.44,6.11,0,,,EoN(2014-01-14) Electricity Aq 1yr
548,Nightsaver,12,11,6,72,11.3,6.19,0,,,EoN(2014-01-14) Electricity Aq 1yr
548,Nightsaver,12,11,5,72,11.12,6.22,0,,,EoN(2014-01-14) Electricity Aq 1yr
548,Nightsaver,12,11,8,72,11.5,6.04,0,,,EoN(2014-01-14) Electricity Aq 1yr
548,Nightsaver,3,11,7,72,11.44,6.11,0,,,EoN(2014-01-14) Electricity Aq 1yr
548,Nightsaver,3,11,6,72,11.3,6.19,0,,,EoN(2014-01-14) Electricity Aq 1yr
548,Nightsaver,3,11,5,72,11.12,6.22,0,,,EoN(2014-01-14) Electricity Aq 1yr
548,Nightsaver,3,11,8,72,11.5,6.04,0,,,EoN(2014-01-14) Electricity Aq 1yr
542,Nightsaver,1,11,7,72,11.44,6.11,0,,,EoN(2014-01-14) Electricity Aq 1yr
542,Nightsaver,1,11,6,72,11.3,6.19,0,,,EoN(2014-01-14) Electricity Aq 1yr
542,Nightsaver,1,11,5,72,11.12,6.22,0,,,EoN(2014-01-14) Electricity Aq 1yr
542,Nightsaver,1,11,8,72,11.5,6.04,0,,,EoN(2014-01-14) Electricity Aq 1yr
542,Nightsaver,3,11,7,72,11.44,6.11,0,,,EoN(2014-01-14) Electricity Aq 1yr
542,Nightsaver,3,11,6,72,11.3,6.19,0,,,EoN(2014-01-14) Electricity Aq 1yr
542,Nightsaver,3,11,5,72,11.12,6.22,0,,,EoN(2014-01-14) Electricity Aq 1yr
542,Nightsaver,3,11,8,72,11.5,6.04,0,,,EoN(2014-01-14) Electricity Aq 1yr
542,Nightsaver,12,11,7,72,11.44,6.11,0,,,EoN(2014-01-14) Electricity Aq 1yr
542,Nightsaver,12,11,6,72,11.3,6.19,0,,,EoN(2014-01-14) Electricity Aq 1yr
542,Nightsaver,12,11,5,72,11.12,6.22,0,,,EoN(2014-01-14) Electricity Aq 1yr
542,Nightsaver,12,11,8,72,11.5,6.04,0,,,EoN(2014-01-14) Electricity Aq 1yr
548,Nightsaver,1,11,7,72,11.44,6.11,0,,,EoN(2014-01-14) Electricity Aq 1yr
548,Nightsaver,1,11,6,72,11.3,6.19,0,,,EoN(2014-01-14) Electricity Aq 1yr
548,Nightsaver,1,11,5,72,11.12,6.22,0,,,EoN(2014-01-14) Electricity Aq 1yr
548,Nightsaver,1,11,8,72,11.5,6.04,0,,,EoN(2014-01-14) Electricity Aq 1yr
150,Nightsaver,2,11,7,72,11.44,6.11,0,,,EoN(2014-01-14) Electricity Aq 1yr
150,Nightsaver,2,11,6,72,11.3,6.19,0,,,EoN(2014-01-14) Electricity Aq 1yr
150,Nightsaver,2,11,5,72,11.12,6.22,0,,,EoN(2014-01-14) Electricity Aq 1yr
150,Nightsaver,2,11,8,72,11.5,6.04,0,,,EoN(2014-01-14) Electricity Aq 1yr
150,Nightsaver,3,11,7,72,11.44,6.11,0,,,EoN(2014-01-14) Electricity Aq 1yr
150,Nightsaver,3,11,6,72,11.3,6.19,0,,,EoN(2014-01-14) Electricity Aq 1yr
150,Nightsaver,3,11,5,72,11.12,6.22,0,,,EoN(2014-01-14) Electricity Aq 1yr
150,Nightsaver,3,11,8,72,11.5,6.04,0,,,EoN(2014-01-14) Electricity Aq 1yr
150,Nightsaver,7,11,7,72,11.44,6.11,0,,,EoN(2014-01-14) Electricity Aq 1yr
150,Nightsaver,7,11,6,72,11.3,6.19,0,,,EoN(2014-01-14) Electricity Aq 1yr
150,Nightsaver,7,11,5,72,11.12,6.22,0,,,EoN(2014-01-14) Electricity Aq 1yr
150,Nightsaver,7,11,8,72,11.5,6.04,0,,,EoN(2014-01-14) Electricity Aq 1yr
548,Nightsaver,17,11,7,72,11.44,6.11,0,,,EoN(2014-01-14) Electricity Aq 1yr
548,Nightsaver,17,11,6,72,11.3,6.19,0,,,EoN(2014-01-14) Electricity Aq 1yr
548,Nightsaver,17,11,5,72,11.12,6.22,0,,,EoN(2014-01-14) Electricity Aq 1yr
548,Nightsaver,17,11,8,72,11.5,6.04,0,,,EoN(2014-01-14) Electricity Aq 1yr
608,Nightsaver,7,11,7,72,11.44,6.11,0,,,EoN(2014-01-14) Electricity Aq 1yr
608,Nightsaver,7,11,6,72,11.3,6.19,0,,,EoN(2014-01-14) Electricity Aq 1yr
608,Nightsaver,7,11,5,72,11.12,6.22,0,,,EoN(2014-01-14) Electricity Aq 1yr
608,Nightsaver,7,11,8,72,11.5,6.04,0,,,EoN(2014-01-14) Electricity Aq 1yr
548,Nightsaver,140,11,7,72,11.44,6.11,0,,,EoN(2014-01-14) Electricity Aq 1yr
548,Nightsaver,140,11,6,72,11.3,6.19,0,,,EoN(2014-01-14) Electricity Aq 1yr
548,Nightsaver,140,11,5,72,11.12,6.22,0,,,EoN(2014-01-14) Electricity Aq 1yr
548,Nightsaver,140,11,8,72,11.5,6.04,0,,,EoN(2014-01-14) Electricity Aq 1yr
548,Nightsaver,119,11,7,72,11.44,6.11,0,,,EoN(2014-01-14) Electricity Aq 1yr
548,Nightsaver,119,11,6,72,11.3,6.19,0,,,EoN(2014-01-14) Electricity Aq 1yr
548,Nightsaver,119,11,5,72,11.12,6.22,0,,,EoN(2014-01-14) Electricity Aq 1yr
548,Nightsaver,119,11,8,72,11.5,6.04,0,,,EoN(2014-01-14) Electricity Aq 1yr
548,Nightsaver,103,11,7,72,11.44,6.11,0,,,EoN(2014-01-14) Electricity Aq 1yr
548,Nightsaver,103,11,6,72,11.3,6.19,0,,,EoN(2014-01-14) Electricity Aq 1yr
548,Nightsaver,103,11,5,72,11.12,6.22,0,,,EoN(2014-01-14) Electricity Aq 1yr
548,Nightsaver,103,11,8,72,11.5,6.04,0,,,EoN(2014-01-14) Electricity Aq 1yr
548,Nightsaver,101,11,7,72,11.44,6.11,0,,,EoN(2014-01-14) Electricity Aq 1yr
548,Nightsaver,101,11,6,72,11.3,6.19,0,,,EoN(2014-01-14) Electricity Aq 1yr
548,Nightsaver,101,11,5,72,11.12,6.22,0,,,EoN(2014-01-14) Electricity Aq 1yr
548,Nightsaver,101,11,8,72,11.5,6.04,0,,,EoN(2014-01-14) Electricity Aq 1yr
548,Nightsaver,40,11,7,72,11.44,6.11,0,,,EoN(2014-01-14) Electricity Aq 1yr
548,Nightsaver,40,11,6,72,11.3,6.19,0,,,EoN(2014-01-14) Electricity Aq 1yr
548,Nightsaver,40,11,5,72,11.12,6.22,0,,,EoN(2014-01-14) Electricity Aq 1yr
548,Nightsaver,40,11,8,72,11.5,6.04,0,,,EoN(2014-01-14) Electricity Aq 1yr
548,Nightsaver,37,11,7,72,11.44,6.11,0,,,EoN(2014-01-14) Electricity Aq 1yr
548,Nightsaver,37,11,6,72,11.3,6.19,0,,,EoN(2014-01-14) Electricity Aq 1yr
548,Nightsaver,37,11,5,72,11.12,6.22,0,,,EoN(2014-01-14) Electricity Aq 1yr
548,Nightsaver,37,11,8,72,11.5,6.04,0,,,EoN(2014-01-14) Electricity Aq 1yr
110,Nightsaver,7,11,7,72,11.44,6.11,0,,,EoN(2014-01-14) Electricity Aq 1yr
110,Nightsaver,7,11,6,72,11.3,6.19,0,,,EoN(2014-01-14) Electricity Aq 1yr
110,Nightsaver,7,11,5,72,11.12,6.22,0,,,EoN(2014-01-14) Electricity Aq 1yr
110,Nightsaver,7,11,8,72,11.5,6.04,0,,,EoN(2014-01-14) Electricity Aq 1yr
613,Nightsaver,2,11,7,72,11.44,6.11,0,,,EoN(2014-01-14) Electricity Aq 1yr
613,Nightsaver,2,11,6,72,11.3,6.19,0,,,EoN(2014-01-14) Electricity Aq 1yr
613,Nightsaver,2,11,5,72,11.12,6.22,0,,,EoN(2014-01-14) Electricity Aq 1yr
613,Nightsaver,2,11,8,72,11.5,6.04,0,,,EoN(2014-01-14) Electricity Aq 1yr
110,Nightsaver,3,11,7,72,11.44,6.11,0,,,EoN(2014-01-14) Electricity Aq 1yr
110,Nightsaver,3,11,6,72,11.3,6.19,0,,,EoN(2014-01-14) Electricity Aq 1yr
110,Nightsaver,3,11,5,72,11.12,6.22,0,,,EoN(2014-01-14) Electricity Aq 1yr
110,Nightsaver,3,11,8,72,11.5,6.04,0,,,EoN(2014-01-14) Electricity Aq 1yr
831,Nightsaver,52,11,7,72,11.44,6.11,0,,,EoN(2014-01-14) Electricity Aq 1yr
831,Nightsaver,52,11,6,72,11.3,6.19,0,,,EoN(2014-01-14) Electricity Aq 1yr
831,Nightsaver,52,11,5,72,11.12,6.22,0,,,EoN(2014-01-14) Electricity Aq 1yr
831,Nightsaver,52,11,8,72,11.5,6.04,0,,,EoN(2014-01-14) Electricity Aq 1yr
831,Nightsaver,103,11,7,72,11.44,6.11,0,,,EoN(2014-01-14) Electricity Aq 1yr
831,Nightsaver,103,11,6,72,11.3,6.19,0,,,EoN(2014-01-14) Electricity Aq 1yr
831,Nightsaver,103,11,5,72,11.12,6.22,0,,,EoN(2014-01-14) Electricity Aq 1yr
831,Nightsaver,103,11,8,72,11.5,6.04,0,,,EoN(2014-01-14) Electricity Aq 1yr
831,Nightsaver,37,11,7,72,11.44,6.11,0,,,EoN(2014-01-14) Electricity Aq 1yr
831,Nightsaver,37,11,6,72,11.3,6.19,0,,,EoN(2014-01-14) Electricity Aq 1yr
831,Nightsaver,37,11,5,72,11.12,6.22,0,,,EoN(2014-01-14) Electricity Aq 1yr
831,Nightsaver,37,11,8,72,11.5,6.04,0,,,EoN(2014-01-14) Electricity Aq 1yr
831,Nightsaver,113,11,7,72,11.44,6.11,0,,,EoN(2014-01-14) Electricity Aq 1yr
831,Nightsaver,113,11,6,72,11.3,6.19,0,,,EoN(2014-01-14) Electricity Aq 1yr
831,Nightsaver,113,11,5,72,11.12,6.22,0,,,EoN(2014-01-14) Electricity Aq 1yr
831,Nightsaver,113,11,8,72,11.5,6.04,0,,,EoN(2014-01-14) Electricity Aq 1yr
831,Nightsaver,101,11,7,72,11.44,6.11,0,,,EoN(2014-01-14) Electricity Aq 1yr
831,Nightsaver,101,11,6,72,11.3,6.19,0,,,EoN(2014-01-14) Electricity Aq 1yr
831,Nightsaver,101,11,5,72,11.12,6.22,0,,,EoN(2014-01-14) Electricity Aq 1yr
831,Nightsaver,101,11,8,72,11.5,6.04,0,,,EoN(2014-01-14) Electricity Aq 1yr
831,Nightsaver,116,11,7,72,11.44,6.11,0,,,EoN(2014-01-14) Electricity Aq 1yr
831,Nightsaver,116,11,6,72,11.3,6.19,0,,,EoN(2014-01-14) Electricity Aq 1yr
831,Nightsaver,116,11,5,72,11.12,6.22,0,,,EoN(2014-01-14) Electricity Aq 1yr
831,Nightsaver,116,11,8,72,11.5,6.04,0,,,EoN(2014-01-14) Electricity Aq 1yr
831,Nightsaver,37,11,7,72,11.44,6.11,0,,,EoN(2014-01-14) Electricity Aq 1yr
831,Nightsaver,37,11,6,72,11.3,6.19,0,,,EoN(2014-01-14) Electricity Aq 1yr
831,Nightsaver,37,11,5,72,11.12,6.22,0,,,EoN(2014-01-14) Electricity Aq 1yr
831,Nightsaver,37,11,8,72,11.5,6.04,0,,,EoN(2014-01-14) Electricity Aq 1yr
831,Nightsaver,19,11,7,72,11.44,6.11,0,,,EoN(2014-01-14) Electricity Aq 1yr
831,Nightsaver,19,11,6,72,11.3,6.19,0,,,EoN(2014-01-14) Electricity Aq 1yr
831,Nightsaver,19,11,5,72,11.12,6.22,0,,,EoN(2014-01-14) Electricity Aq 1yr
831,Nightsaver,19,11,8,72,11.5,6.04,0,,,EoN(2014-01-14) Electricity Aq 1yr
831,Nightsaver,16,11,7,72,11.44,6.11,0,,,EoN(2014-01-14) Electricity Aq 1yr
831,Nightsaver,16,11,6,72,11.3,6.19,0,,,EoN(2014-01-14) Electricity Aq 1yr
831,Nightsaver,16,11,5,72,11.12,6.22,0,,,EoN(2014-01-14) Electricity Aq 1yr
831,Nightsaver,16,11,8,72,11.5,6.04,0,,,EoN(2014-01-14) Electricity Aq 1yr
831,Nightsaver,13,11,7,72,11.44,6.11,0,,,EoN(2014-01-14) Electricity Aq 1yr
831,Nightsaver,13,11,6,72,11.3,6.19,0,,,EoN(2014-01-14) Electricity Aq 1yr
831,Nightsaver,13,11,5,72,11.12,6.22,0,,,EoN(2014-01-14) Electricity Aq 1yr
831,Nightsaver,13,11,8,72,11.5,6.04,0,,,EoN(2014-01-14) Electricity Aq 1yr
831,Nightsaver,3,11,7,72,11.44,6.11,0,,,EoN(2014-01-14) Electricity Aq 1yr
831,Nightsaver,3,11,6,72,11.3,6.19,0,,,EoN(2014-01-14) Electricity Aq 1yr
831,Nightsaver,3,11,5,72,11.12,6.22,0,,,EoN(2014-01-14) Electricity Aq 1yr
831,Nightsaver,3,11,8,72,11.5,6.04,0,,,EoN(2014-01-14) Electricity Aq 1yr
831,Nightsaver,1,11,7,72,11.44,6.11,0,,,EoN(2014-01-14) Electricity Aq 1yr
831,Nightsaver,1,11,6,72,11.3,6.19,0,,,EoN(2014-01-14) Electricity Aq 1yr
831,Nightsaver,1,11,5,72,11.12,6.22,0,,,EoN(2014-01-14) Electricity Aq 1yr
831,Nightsaver,1,11,8,72,11.5,6.04,0,,,EoN(2014-01-14) Electricity Aq 1yr
831,Nightsaver,40,11,7,72,11.44,6.11,0,,,EoN(2014-01-14) Electricity Aq 1yr
831,Nightsaver,40,11,6,72,11.3,6.19,0,,,EoN(2014-01-14) Electricity Aq 1yr
831,Nightsaver,40,11,5,72,11.12,6.22,0,,,EoN(2014-01-14) Electricity Aq 1yr
831,Nightsaver,40,11,8,72,11.5,6.04,0,,,EoN(2014-01-14) Electricity Aq 1yr
830,Nightsaver,103,11,7,72,11.44,6.11,0,,,EoN(2014-01-14) Electricity Aq 1yr
830,Nightsaver,103,11,6,72,11.3,6.19,0,,,EoN(2014-01-14) Electricity Aq 1yr
830,Nightsaver,103,11,5,72,11.12,6.22,0,,,EoN(2014-01-14) Electricity Aq 1yr
830,Nightsaver,103,11,8,72,11.5,6.04,0,,,EoN(2014-01-14) Electricity Aq 1yr
830,Nightsaver,1,11,7,72,11.44,6.11,0,,,EoN(2014-01-14) Electricity Aq 1yr
830,Nightsaver,1,11,6,72,11.3,6.19,0,,,EoN(2014-01-14) Electricity Aq 1yr
830,Nightsaver,1,11,5,72,11.12,6.22,0,,,EoN(2014-01-14) Electricity Aq 1yr
830,Nightsaver,1,11,8,72,11.5,6.04,0,,,EoN(2014-01-14) Electricity Aq 1yr
830,Nightsaver,3,11,7,72,11.44,6.11,0,,,EoN(2014-01-14) Electricity Aq 1yr
830,Nightsaver,3,11,6,72,11.3,6.19,0,,,EoN(2014-01-14) Electricity Aq 1yr
830,Nightsaver,3,11,5,72,11.12,6.22,0,,,EoN(2014-01-14) Electricity Aq 1yr
830,Nightsaver,3,11,8,72,11.5,6.04,0,,,EoN(2014-01-14) Electricity Aq 1yr
830,Nightsaver,13,11,7,72,11.44,6.11,0,,,EoN(2014-01-14) Electricity Aq 1yr
830,Nightsaver,13,11,6,72,11.3,6.19,0,,,EoN(2014-01-14) Electricity Aq 1yr
830,Nightsaver,13,11,5,72,11.12,6.22,0,,,EoN(2014-01-14) Electricity Aq 1yr
830,Nightsaver,13,11,8,72,11.5,6.04,0,,,EoN(2014-01-14) Electricity Aq 1yr
830,Nightsaver,16,11,7,72,11.44,6.11,0,,,EoN(2014-01-14) Electricity Aq 1yr
830,Nightsaver,16,11,6,72,11.3,6.19,0,,,EoN(2014-01-14) Electricity Aq 1yr
830,Nightsaver,16,11,5,72,11.12,6.22,0,,,EoN(2014-01-14) Electricity Aq 1yr
830,Nightsaver,16,11,8,72,11.5,6.04,0,,,EoN(2014-01-14) Electricity Aq 1yr
830,Nightsaver,19,11,7,72,11.44,6.11,0,,,EoN(2014-01-14) Electricity Aq 1yr
830,Nightsaver,19,11,6,72,11.3,6.19,0,,,EoN(2014-01-14) Electricity Aq 1yr
830,Nightsaver,19,11,5,72,11.12,6.22,0,,,EoN(2014-01-14) Electricity Aq 1yr
830,Nightsaver,19,11,8,72,11.5,6.04,0,,,EoN(2014-01-14) Electricity Aq 1yr
830,Nightsaver,37,11,7,72,11.44,6.11,0,,,EoN(2014-01-14) Electricity Aq 1yr
830,Nightsaver,37,11,6,72,11.3,6.19,0,,,EoN(2014-01-14) Electricity Aq 1yr
830,Nightsaver,37,11,5,72,11.12,6.22,0,,,EoN(2014-01-14) Electricity Aq 1yr
830,Nightsaver,37,11,8,72,11.5,6.04,0,,,EoN(2014-01-14) Electricity Aq 1yr
830,Nightsaver,37,11,7,72,11.44,6.11,0,,,EoN(2014-01-14) Electricity Aq 1yr
830,Nightsaver,37,11,6,72,11.3,6.19,0,,,EoN(2014-01-14) Electricity Aq 1yr
830,Nightsaver,37,11,5,72,11.12,6.22,0,,,EoN(2014-01-14) Electricity Aq 1yr
830,Nightsaver,37,11,8,72,11.5,6.04,0,,,EoN(2014-01-14) Electricity Aq 1yr
830,Nightsaver,40,11,7,72,11.44,6.11,0,,,EoN(2014-01-14) Electricity Aq 1yr
830,Nightsaver,40,11,6,72,11.3,6.19,0,,,EoN(2014-01-14) Electricity Aq 1yr
830,Nightsaver,40,11,5,72,11.12,6.22,0,,,EoN(2014-01-14) Electricity Aq 1yr
830,Nightsaver,40,11,8,72,11.5,6.04,0,,,EoN(2014-01-14) Electricity Aq 1yr
831,Nightsaver,140,11,7,72,11.44,6.11,0,,,EoN(2014-01-14) Electricity Aq 1yr
831,Nightsaver,140,11,6,72,11.3,6.19,0,,,EoN(2014-01-14) Electricity Aq 1yr
831,Nightsaver,140,11,5,72,11.12,6.22,0,,,EoN(2014-01-14) Electricity Aq 1yr
831,Nightsaver,140,11,8,72,11.5,6.04,0,,,EoN(2014-01-14) Electricity Aq 1yr
830,Nightsaver,101,11,7,72,11.44,6.11,0,,,EoN(2014-01-14) Electricity Aq 1yr
830,Nightsaver,101,11,6,72,11.3,6.19,0,,,EoN(2014-01-14) Electricity Aq 1yr
830,Nightsaver,101,11,5,72,11.12,6.22,0,,,EoN(2014-01-14) Electricity Aq 1yr
830,Nightsaver,101,11,8,72,11.5,6.04,0,,,EoN(2014-01-14) Electricity Aq 1yr
831,Nightsaver,119,11,7,72,11.44,6.11,0,,,EoN(2014-01-14) Electricity Aq 1yr
831,Nightsaver,119,11,6,72,11.3,6.19,0,,,EoN(2014-01-14) Electricity Aq 1yr
831,Nightsaver,119,11,5,72,11.12,6.22,0,,,EoN(2014-01-14) Electricity Aq 1yr
831,Nightsaver,119,11,8,72,11.5,6.04,0,,,EoN(2014-01-14) Electricity Aq 1yr
830,Nightsaver,113,11,7,72,11.44,6.11,0,,,EoN(2014-01-14) Electricity Aq 1yr
830,Nightsaver,113,11,6,72,11.3,6.19,0,,,EoN(2014-01-14) Electricity Aq 1yr
830,Nightsaver,113,11,5,72,11.12,6.22,0,,,EoN(2014-01-14) Electricity Aq 1yr
830,Nightsaver,113,11,8,72,11.5,6.04,0,,,EoN(2014-01-14) Electricity Aq 1yr
830,Nightsaver,116,11,7,72,11.44,6.11,0,,,EoN(2014-01-14) Electricity Aq 1yr
830,Nightsaver,116,11,6,72,11.3,6.19,0,,,EoN(2014-01-14) Electricity Aq 1yr
830,Nightsaver,116,11,5,72,11.12,6.22,0,,,EoN(2014-01-14) Electricity Aq 1yr
830,Nightsaver,116,11,8,72,11.5,6.04,0,,,EoN(2014-01-14) Electricity Aq 1yr
830,Nightsaver,119,11,7,72,11.44,6.11,0,,,EoN(2014-01-14) Electricity Aq 1yr
830,Nightsaver,119,11,6,72,11.3,6.19,0,,,EoN(2014-01-14) Electricity Aq 1yr
830,Nightsaver,119,11,5,72,11.12,6.22,0,,,EoN(2014-01-14) Electricity Aq 1yr
830,Nightsaver,119,11,8,72,11.5,6.04,0,,,EoN(2014-01-14) Electricity Aq 1yr
830,Nightsaver,137,11,7,72,11.44,6.11,0,,,EoN(2014-01-14) Electricity Aq 1yr
830,Nightsaver,137,11,6,72,11.3,6.19,0,,,EoN(2014-01-14) Electricity Aq 1yr
830,Nightsaver,137,11,5,72,11.12,6.22,0,,,EoN(2014-01-14) Electricity Aq 1yr
830,Nightsaver,137,11,8,72,11.5,6.04,0,,,EoN(2014-01-14) Electricity Aq 1yr
830,Nightsaver,152,11,7,72,11.44,6.11,0,,,EoN(2014-01-14) Electricity Aq 1yr
830,Nightsaver,152,11,6,72,11.3,6.19,0,,,EoN(2014-01-14) Electricity Aq 1yr
830,Nightsaver,152,11,5,72,11.12,6.22,0,,,EoN(2014-01-14) Electricity Aq 1yr
830,Nightsaver,152,11,8,72,11.5,6.04,0,,,EoN(2014-01-14) Electricity Aq 1yr
831,Nightsaver,152,11,7,72,11.44,6.11,0,,,EoN(2014-01-14) Electricity Aq 1yr
831,Nightsaver,152,11,6,72,11.3,6.19,0,,,EoN(2014-01-14) Electricity Aq 1yr
831,Nightsaver,152,11,5,72,11.12,6.22,0,,,EoN(2014-01-14) Electricity Aq 1yr
831,Nightsaver,152,11,8,72,11.5,6.04,0,,,EoN(2014-01-14) Electricity Aq 1yr
830,Nightsaver,140,11,7,72,11.44,6.11,0,,,EoN(2014-01-14) Electricity Aq 1yr
830,Nightsaver,140,11,6,72,11.3,6.19,0,,,EoN(2014-01-14) Electricity Aq 1yr
830,Nightsaver,140,11,5,72,11.12,6.22,0,,,EoN(2014-01-14) Electricity Aq 1yr
830,Nightsaver,140,11,8,72,11.5,6.04,0,,,EoN(2014-01-14) Electricity Aq 1yr
831,Nightsaver,137,11,7,72,11.44,6.11,0,,,EoN(2014-01-14) Electricity Aq 1yr
831,Nightsaver,137,11,6,72,11.3,6.19,0,,,EoN(2014-01-14) Electricity Aq 1yr
831,Nightsaver,137,11,5,72,11.12,6.22,0,,,EoN(2014-01-14) Electricity Aq 1yr
831,Nightsaver,137,11,8,72,11.5,6.04,0,,,EoN(2014-01-14) Electricity Aq 1yr
830,Nightsaver,52,11,7,72,11.44,6.11,0,,,EoN(2014-01-14) Electricity Aq 1yr
830,Nightsaver,52,11,6,72,11.3,6.19,0,,,EoN(2014-01-14) Electricity Aq 1yr
830,Nightsaver,52,11,5,72,11.12,6.22,0,,,EoN(2014-01-14) Electricity Aq 1yr
830,Nightsaver,52,11,8,72,11.5,6.04,0,,,EoN(2014-01-14) Electricity Aq 1yr
542,Nightsaver,40,11,7,72,11.44,6.11,0,,,EoN(2014-01-14) Electricity Aq 1yr
542,Nightsaver,40,11,6,72,11.3,6.19,0,,,EoN(2014-01-14) Electricity Aq 1yr
542,Nightsaver,40,11,5,72,11.12,6.22,0,,,EoN(2014-01-14) Electricity Aq 1yr
542,Nightsaver,40,11,8,72,11.5,6.04,0,,,EoN(2014-01-14) Electricity Aq 1yr
542,Nightsaver,19,11,7,72,11.44,6.11,0,,,EoN(2014-01-14) Electricity Aq 1yr
542,Nightsaver,19,11,6,72,11.3,6.19,0,,,EoN(2014-01-14) Electricity Aq 1yr
542,Nightsaver,19,11,5,72,11.12,6.22,0,,,EoN(2014-01-14) Electricity Aq 1yr
542,Nightsaver,19,11,8,72,11.5,6.04,0,,,EoN(2014-01-14) Electricity Aq 1yr
548,Nightsaver,37,11,7,72,11.44,6.11,0,,,EoN(2014-01-14) Electricity Aq 1yr
548,Nightsaver,37,11,6,72,11.3,6.19,0,,,EoN(2014-01-14) Electricity Aq 1yr
548,Nightsaver,37,11,5,72,11.12,6.22,0,,,EoN(2014-01-14) Electricity Aq 1yr
548,Nightsaver,37,11,8,72,11.5,6.04,0,,,EoN(2014-01-14) Electricity Aq 1yr
548,Nightsaver,134,11,7,72,11.44,6.11,0,,,EoN(2014-01-14) Electricity Aq 1yr
548,Nightsaver,134,11,6,72,11.3,6.19,0,,,EoN(2014-01-14) Electricity Aq 1yr
548,Nightsaver,134,11,5,72,11.12,6.22,0,,,EoN(2014-01-14) Electricity Aq 1yr
548,Nightsaver,134,11,8,72,11.5,6.04,0,,,EoN(2014-01-14) Electricity Aq 1yr
548,Nightsaver,103,11,7,72,11.44,6.11,0,,,EoN(2014-01-14) Electricity Aq 1yr
548,Nightsaver,103,11,6,72,11.3,6.19,0,,,EoN(2014-01-14) Electricity Aq 1yr
548,Nightsaver,103,11,5,72,11.12,6.22,0,,,EoN(2014-01-14) Electricity Aq 1yr
548,Nightsaver,103,11,8,72,11.5,6.04,0,,,EoN(2014-01-14) Electricity Aq 1yr
542,Nightsaver,13,11,7,72,11.44,6.11,0,,,EoN(2014-01-14) Electricity Aq 1yr
542,Nightsaver,13,11,6,72,11.3,6.19,0,,,EoN(2014-01-14) Electricity Aq 1yr
542,Nightsaver,13,11,5,72,11.12,6.22,0,,,EoN(2014-01-14) Electricity Aq 1yr
542,Nightsaver,13,11,8,72,11.5,6.04,0,,,EoN(2014-01-14) Electricity Aq 1yr
653,Nightsaver,3,11,7,72,11.44,6.11,0,,,EoN(2014-01-14) Electricity Aq 1yr
653,Nightsaver,3,11,6,72,11.3,6.19,0,,,EoN(2014-01-14) Electricity Aq 1yr
653,Nightsaver,3,11,5,72,11.12,6.22,0,,,EoN(2014-01-14) Electricity Aq 1yr
653,Nightsaver,3,11,8,72,11.5,6.04,0,,,EoN(2014-01-14) Electricity Aq 1yr
150,Nightsaver,7,11,7,72,11.44,6.11,0,,,EoN(2014-01-14) Electricity Aq 1yr
150,Nightsaver,7,11,6,72,11.3,6.19,0,,,EoN(2014-01-14) Electricity Aq 1yr
150,Nightsaver,7,11,5,72,11.12,6.22,0,,,EoN(2014-01-14) Electricity Aq 1yr
150,Nightsaver,7,11,8,72,11.5,6.04,0,,,EoN(2014-01-14) Electricity Aq 1yr
548,Nightsaver,29,11,7,72,11.44,6.11,0,,,EoN(2014-01-14) Electricity Aq 1yr
548,Nightsaver,29,11,6,72,11.3,6.19,0,,,EoN(2014-01-14) Electricity Aq 1yr
548,Nightsaver,29,11,5,72,11.12,6.22,0,,,EoN(2014-01-14) Electricity Aq 1yr
548,Nightsaver,29,11,8,72,11.5,6.04,0,,,EoN(2014-01-14) Electricity Aq 1yr
548,Nightsaver,27,11,7,72,11.44,6.11,0,,,EoN(2014-01-14) Electricity Aq 1yr
548,Nightsaver,27,11,6,72,11.3,6.19,0,,,EoN(2014-01-14) Electricity Aq 1yr
548,Nightsaver,27,11,5,72,11.12,6.22,0,,,EoN(2014-01-14) Electricity Aq 1yr
548,Nightsaver,27,11,8,72,11.5,6.04,0,,,EoN(2014-01-14) Electricity Aq 1yr
548,Nightsaver,23,11,7,72,11.44,6.11,0,,,EoN(2014-01-14) Electricity Aq 1yr
548,Nightsaver,23,11,6,72,11.3,6.19,0,,,EoN(2014-01-14) Electricity Aq 1yr
548,Nightsaver,23,11,5,72,11.12,6.22,0,,,EoN(2014-01-14) Electricity Aq 1yr
548,Nightsaver,23,11,8,72,11.5,6.04,0,,,EoN(2014-01-14) Electricity Aq 1yr
150,Nightsaver,2,11,7,72,11.44,6.11,0,,,EoN(2014-01-14) Electricity Aq 1yr
150,Nightsaver,2,11,6,72,11.3,6.19,0,,,EoN(2014-01-14) Electricity Aq 1yr
150,Nightsaver,2,11,5,72,11.12,6.22,0,,,EoN(2014-01-14) Electricity Aq 1yr
150,Nightsaver,2,11,8,72,11.5,6.04,0,,,EoN(2014-01-14) Electricity Aq 1yr
548,Nightsaver,113,11,7,72,11.44,6.11,0,,,EoN(2014-01-14) Electricity Aq 1yr
548,Nightsaver,113,11,6,72,11.3,6.19,0,,,EoN(2014-01-14) Electricity Aq 1yr
548,Nightsaver,113,11,5,72,11.12,6.22,0,,,EoN(2014-01-14) Electricity Aq 1yr
548,Nightsaver,113,11,8,72,11.5,6.04,0,,,EoN(2014-01-14) Electricity Aq 1yr
548,Nightsaver,119,11,7,72,11.44,6.11,0,,,EoN(2014-01-14) Electricity Aq 1yr
548,Nightsaver,119,11,6,72,11.3,6.19,0,,,EoN(2014-01-14) Electricity Aq 1yr
548,Nightsaver,119,11,5,72,11.12,6.22,0,,,EoN(2014-01-14) Electricity Aq 1yr
548,Nightsaver,119,11,8,72,11.5,6.04,0,,,EoN(2014-01-14) Electricity Aq 1yr
548,Nightsaver,34,11,7,72,11.44,6.11,0,,,EoN(2014-01-14) Electricity Aq 1yr
548,Nightsaver,34,11,6,72,11.3,6.19,0,,,EoN(2014-01-14) Electricity Aq 1yr
548,Nightsaver,34,11,5,72,11.12,6.22,0,,,EoN(2014-01-14) Electricity Aq 1yr
548,Nightsaver,34,11,8,72,11.5,6.04,0,,,EoN(2014-01-14) Electricity Aq 1yr
548,Nightsaver,17,11,7,72,11.44,6.11,0,,,EoN(2014-01-14) Electricity Aq 1yr
548,Nightsaver,17,11,6,72,11.3,6.19,0,,,EoN(2014-01-14) Electricity Aq 1yr
548,Nightsaver,17,11,5,72,11.12,6.22,0,,,EoN(2014-01-14) Electricity Aq 1yr
548,Nightsaver,17,11,8,72,11.5,6.04,0,,,EoN(2014-01-14) Electricity Aq 1yr
542,Nightsaver,14,11,7,72,11.44,6.11,0,,,EoN(2014-01-14) Electricity Aq 1yr
542,Nightsaver,14,11,6,72,11.3,6.19,0,,,EoN(2014-01-14) Electricity Aq 1yr
542,Nightsaver,14,11,5,72,11.12,6.22,0,,,EoN(2014-01-14) Electricity Aq 1yr
542,Nightsaver,14,11,8,72,11.5,6.04,0,,,EoN(2014-01-14) Electricity Aq 1yr
542,Nightsaver,29,11,7,72,11.44,6.11,0,,,EoN(2014-01-14) Electricity Aq 1yr
542,Nightsaver,29,11,6,72,11.3,6.19,0,,,EoN(2014-01-14) Electricity Aq 1yr
542,Nightsaver,29,11,5,72,11.12,6.22,0,,,EoN(2014-01-14) Electricity Aq 1yr
542,Nightsaver,29,11,8,72,11.5,6.04,0,,,EoN(2014-01-14) Electricity Aq 1yr
542,Nightsaver,23,11,7,72,11.44,6.11,0,,,EoN(2014-01-14) Electricity Aq 1yr
542,Nightsaver,23,11,6,72,11.3,6.19,0,,,EoN(2014-01-14) Electricity Aq 1yr
542,Nightsaver,23,11,5,72,11.12,6.22,0,,,EoN(2014-01-14) Electricity Aq 1yr
542,Nightsaver,23,11,8,72,11.5,6.04,0,,,EoN(2014-01-14) Electricity Aq 1yr
542,Nightsaver,12,11,7,72,11.44,6.11,0,,,EoN(2014-01-14) Electricity Aq 1yr
542,Nightsaver,12,11,6,72,11.3,6.19,0,,,EoN(2014-01-14) Electricity Aq 1yr
542,Nightsaver,12,11,5,72,11.12,6.22,0,,,EoN(2014-01-14) Electricity Aq 1yr
542,Nightsaver,12,11,8,72,11.5,6.04,0,,,EoN(2014-01-14) Electricity Aq 1yr
542,Nightsaver,27,11,7,72,11.44,6.11,0,,,EoN(2014-01-14) Electricity Aq 1yr
542,Nightsaver,27,11,6,72,11.3,6.19,0,,,EoN(2014-01-14) Electricity Aq 1yr
542,Nightsaver,27,11,5,72,11.12,6.22,0,,,EoN(2014-01-14) Electricity Aq 1yr
542,Nightsaver,27,11,8,72,11.5,6.04,0,,,EoN(2014-01-14) Electricity Aq 1yr
542,Nightsaver,3,11,7,72,11.44,6.11,0,,,EoN(2014-01-14) Electricity Aq 1yr
542,Nightsaver,3,11,6,72,11.3,6.19,0,,,EoN(2014-01-14) Electricity Aq 1yr
542,Nightsaver,3,11,5,72,11.12,6.22,0,,,EoN(2014-01-14) Electricity Aq 1yr
542,Nightsaver,3,11,8,72,11.5,6.04,0,,,EoN(2014-01-14) Electricity Aq 1yr
548,Nightsaver,40,11,7,72,11.44,6.11,0,,,EoN(2014-01-14) Electricity Aq 1yr
548,Nightsaver,40,11,6,72,11.3,6.19,0,,,EoN(2014-01-14) Electricity Aq 1yr
548,Nightsaver,40,11,5,72,11.12,6.22,0,,,EoN(2014-01-14) Electricity Aq 1yr
548,Nightsaver,40,11,8,72,11.5,6.04,0,,,EoN(2014-01-14) Electricity Aq 1yr
548,Nightsaver,19,11,7,72,11.44,6.11,0,,,EoN(2014-01-14) Electricity Aq 1yr
548,Nightsaver,19,11,6,72,11.3,6.19,0,,,EoN(2014-01-14) Electricity Aq 1yr
548,Nightsaver,19,11,5,72,11.12,6.22,0,,,EoN(2014-01-14) Electricity Aq 1yr
548,Nightsaver,19,11,8,72,11.5,6.04,0,,,EoN(2014-01-14) Electricity Aq 1yr
548,Nightsaver,101,11,7,72,11.44,6.11,0,,,EoN(2014-01-14) Electricity Aq 1yr
548,Nightsaver,101,11,6,72,11.3,6.19,0,,,EoN(2014-01-14) Electricity Aq 1yr
548,Nightsaver,101,11,5,72,11.12,6.22,0,,,EoN(2014-01-14) Electricity Aq 1yr
548,Nightsaver,101,11,8,72,11.5,6.04,0,,,EoN(2014-01-14) Electricity Aq 1yr
548,Nightsaver,15,11,7,72,11.44,6.11,0,,,EoN(2014-01-14) Electricity Aq 1yr
548,Nightsaver,15,11,6,72,11.3,6.19,0,,,EoN(2014-01-14) Electricity Aq 1yr
548,Nightsaver,15,11,5,72,11.12,6.22,0,,,EoN(2014-01-14) Electricity Aq 1yr
548,Nightsaver,15,11,8,72,11.5,6.04,0,,,EoN(2014-01-14) Electricity Aq 1yr
542,Nightsaver,1,11,7,72,11.44,6.11,0,,,EoN(2014-01-14) Electricity Aq 1yr
542,Nightsaver,1,11,6,72,11.3,6.19,0,,,EoN(2014-01-14) Electricity Aq 1yr
542,Nightsaver,1,11,5,72,11.12,6.22,0,,,EoN(2014-01-14) Electricity Aq 1yr
542,Nightsaver,1,11,8,72,11.5,6.04,0,,,EoN(2014-01-14) Electricity Aq 1yr
653,Nightsaver,2,11,7,72,11.44,6.11,0,,,EoN(2014-01-14) Electricity Aq 1yr
653,Nightsaver,2,11,6,72,11.3,6.19,0,,,EoN(2014-01-14) Electricity Aq 1yr
653,Nightsaver,2,11,5,72,11.12,6.22,0,,,EoN(2014-01-14) Electricity Aq 1yr
653,Nightsaver,2,11,8,72,11.5,6.04,0,,,EoN(2014-01-14) Electricity Aq 1yr
542,Nightsaver,17,11,7,72,11.44,6.11,0,,,EoN(2014-01-14) Electricity Aq 1yr
542,Nightsaver,17,11,6,72,11.3,6.19,0,,,EoN(2014-01-14) Electricity Aq 1yr
542,Nightsaver,17,11,5,72,11.12,6.22,0,,,EoN(2014-01-14) Electricity Aq 1yr
542,Nightsaver,17,11,8,72,11.5,6.04,0,,,EoN(2014-01-14) Electricity Aq 1yr
542,Nightsaver,15,11,7,72,11.44,6.11,0,,,EoN(2014-01-14) Electricity Aq 1yr
542,Nightsaver,15,11,6,72,11.3,6.19,0,,,EoN(2014-01-14) Electricity Aq 1yr
542,Nightsaver,15,11,5,72,11.12,6.22,0,,,EoN(2014-01-14) Electricity Aq 1yr
542,Nightsaver,15,11,8,72,11.5,6.04,0,,,EoN(2014-01-14) Electricity Aq 1yr
542,Nightsaver,21,11,7,72,11.44,6.11,0,,,EoN(2014-01-14) Electricity Aq 1yr
542,Nightsaver,21,11,6,72,11.3,6.19,0,,,EoN(2014-01-14) Electricity Aq 1yr
542,Nightsaver,21,11,5,72,11.12,6.22,0,,,EoN(2014-01-14) Electricity Aq 1yr
542,Nightsaver,21,11,8,72,11.5,6.04,0,,,EoN(2014-01-14) Electricity Aq 1yr
548,Nightsaver,21,11,7,72,11.44,6.11,0,,,EoN(2014-01-14) Electricity Aq 1yr
548,Nightsaver,21,11,6,72,11.3,6.19,0,,,EoN(2014-01-14) Electricity Aq 1yr
548,Nightsaver,21,11,5,72,11.12,6.22,0,,,EoN(2014-01-14) Electricity Aq 1yr
548,Nightsaver,21,11,8,72,11.5,6.04,0,,,EoN(2014-01-14) Electricity Aq 1yr
110,Nightsaver,3,11,7,72,11.44,6.11,0,,,EoN(2014-01-14) Electricity Aq 1yr
110,Nightsaver,3,11,6,72,11.3,6.19,0,,,EoN(2014-01-14) Electricity Aq 1yr
110,Nightsaver,3,11,5,72,11.12,6.22,0,,,EoN(2014-01-14) Electricity Aq 1yr
110,Nightsaver,3,11,8,72,11.5,6.04,0,,,EoN(2014-01-14) Electricity Aq 1yr
542,Nightsaver,101,11,7,72,11.44,6.11,0,,,EoN(2014-01-14) Electricity Aq 1yr
542,Nightsaver,101,11,6,72,11.3,6.19,0,,,EoN(2014-01-14) Electricity Aq 1yr
542,Nightsaver,101,11,5,72,11.12,6.22,0,,,EoN(2014-01-14) Electricity Aq 1yr
542,Nightsaver,101,11,8,72,11.5,6.04,0,,,EoN(2014-01-14) Electricity Aq 1yr
608,Nightsaver,7,11,7,72,11.44,6.11,0,,,EoN(2014-01-14) Electricity Aq 1yr
608,Nightsaver,7,11,6,72,11.3,6.19,0,,,EoN(2014-01-14) Electricity Aq 1yr
608,Nightsaver,7,11,5,72,11.12,6.22,0,,,EoN(2014-01-14) Electricity Aq 1yr
608,Nightsaver,7,11,8,72,11.5,6.04,0,,,EoN(2014-01-14) Electricity Aq 1yr
106,Nightsaver,7,11,7,72,11.44,6.11,0,,,EoN(2014-01-14) Electricity Aq 1yr
106,Nightsaver,7,11,6,72,11.3,6.19,0,,,EoN(2014-01-14) Electricity Aq 1yr
106,Nightsaver,7,11,5,72,11.12,6.22,0,,,EoN(2014-01-14) Electricity Aq 1yr
106,Nightsaver,7,11,8,72,11.5,6.04,0,,,EoN(2014-01-14) Electricity Aq 1yr
653,Nightsaver,7,11,7,72,11.44,6.11,0,,,EoN(2014-01-14) Electricity Aq 1yr
653,Nightsaver,7,11,6,72,11.3,6.19,0,,,EoN(2014-01-14) Electricity Aq 1yr
653,Nightsaver,7,11,5,72,11.12,6.22,0,,,EoN(2014-01-14) Electricity Aq 1yr
653,Nightsaver,7,11,8,72,11.5,6.04,0,,,EoN(2014-01-14) Electricity Aq 1yr
146,Nightsaver,7,11,7,72,11.44,6.11,0,,,EoN(2014-01-14) Electricity Aq 1yr
146,Nightsaver,7,11,6,72,11.3,6.19,0,,,EoN(2014-01-14) Electricity Aq 1yr
146,Nightsaver,7,11,5,72,11.12,6.22,0,,,EoN(2014-01-14) Electricity Aq 1yr
146,Nightsaver,7,11,8,72,11.5,6.04,0,,,EoN(2014-01-14) Electricity Aq 1yr
106,Nightsaver,3,11,7,72,11.44,6.11,0,,,EoN(2014-01-14) Electricity Aq 1yr
106,Nightsaver,3,11,6,72,11.3,6.19,0,,,EoN(2014-01-14) Electricity Aq 1yr
106,Nightsaver,3,11,5,72,11.12,6.22,0,,,EoN(2014-01-14) Electricity Aq 1yr
106,Nightsaver,3,11,8,72,11.5,6.04,0,,,EoN(2014-01-14) Electricity Aq 1yr
106,Nightsaver,2,11,7,72,11.44,6.11,0,,,EoN(2014-01-14) Electricity Aq 1yr
106,Nightsaver,2,11,6,72,11.3,6.19,0,,,EoN(2014-01-14) Electricity Aq 1yr
106,Nightsaver,2,11,5,72,11.12,6.22,0,,,EoN(2014-01-14) Electricity Aq 1yr
106,Nightsaver,2,11,8,72,11.5,6.04,0,,,EoN(2014-01-14) Electricity Aq 1yr
146,Nightsaver,3,11,7,72,11.44,6.11,0,,,EoN(2014-01-14) Electricity Aq 1yr
146,Nightsaver,3,11,6,72,11.3,6.19,0,,,EoN(2014-01-14) Electricity Aq 1yr
146,Nightsaver,3,11,5,72,11.12,6.22,0,,,EoN(2014-01-14) Electricity Aq 1yr
146,Nightsaver,3,11,8,72,11.5,6.04,0,,,EoN(2014-01-14) Electricity Aq 1yr
548,Nightsaver,12,11,7,72,11.44,6.11,0,,,EoN(2014-01-14) Electricity Aq 1yr
548,Nightsaver,12,11,6,72,11.3,6.19,0,,,EoN(2014-01-14) Electricity Aq 1yr
548,Nightsaver,12,11,5,72,11.12,6.22,0,,,EoN(2014-01-14) Electricity Aq 1yr
548,Nightsaver,12,11,8,72,11.5,6.04,0,,,EoN(2014-01-14) Electricity Aq 1yr
542,Nightsaver,34,11,7,72,11.44,6.11,0,,,EoN(2014-01-14) Electricity Aq 1yr
542,Nightsaver,34,11,6,72,11.3,6.19,0,,,EoN(2014-01-14) Electricity Aq 1yr
542,Nightsaver,34,11,5,72,11.12,6.22,0,,,EoN(2014-01-14) Electricity Aq 1yr
542,Nightsaver,34,11,8,72,11.5,6.04,0,,,EoN(2014-01-14) Electricity Aq 1yr
150,Nightsaver,3,11,7,72,11.44,6.11,0,,,EoN(2014-01-14) Electricity Aq 1yr
150,Nightsaver,3,11,6,72,11.3,6.19,0,,,EoN(2014-01-14) Electricity Aq 1yr
150,Nightsaver,3,11,5,72,11.12,6.22,0,,,EoN(2014-01-14) Electricity Aq 1yr
150,Nightsaver,3,11,8,72,11.5,6.04,0,,,EoN(2014-01-14) Electricity Aq 1yr
648,Nightsaver,7,11,7,72,11.44,6.11,0,,,EoN(2014-01-14) Electricity Aq 1yr
648,Nightsaver,7,11,6,72,11.3,6.19,0,,,EoN(2014-01-14) Electricity Aq 1yr
648,Nightsaver,7,11,5,72,11.12,6.22,0,,,EoN(2014-01-14) Electricity Aq 1yr
648,Nightsaver,7,11,8,72,11.5,6.04,0,,,EoN(2014-01-14) Electricity Aq 1yr
548,Nightsaver,3,11,7,72,11.44,6.11,0,,,EoN(2014-01-14) Electricity Aq 1yr
548,Nightsaver,3,11,6,72,11.3,6.19,0,,,EoN(2014-01-14) Electricity Aq 1yr
548,Nightsaver,3,11,5,72,11.12,6.22,0,,,EoN(2014-01-14) Electricity Aq 1yr
548,Nightsaver,3,11,8,72,11.5,6.04,0,,,EoN(2014-01-14) Electricity Aq 1yr
548,Nightsaver,1,11,7,72,11.44,6.11,0,,,EoN(2014-01-14) Electricity Aq 1yr
548,Nightsaver,1,11,6,72,11.3,6.19,0,,,EoN(2014-01-14) Electricity Aq 1yr
548,Nightsaver,1,11,5,72,11.12,6.22,0,,,EoN(2014-01-14) Electricity Aq 1yr
548,Nightsaver,1,11,8,72,11.5,6.04,0,,,EoN(2014-01-14) Electricity Aq 1yr
542,Nightsaver,37,11,7,72,11.44,6.11,0,,,EoN(2014-01-14) Electricity Aq 1yr
542,Nightsaver,37,11,6,72,11.3,6.19,0,,,EoN(2014-01-14) Electricity Aq 1yr
542,Nightsaver,37,11,5,72,11.12,6.22,0,,,EoN(2014-01-14) Electricity Aq 1yr
542,Nightsaver,37,11,8,72,11.5,6.04,0,,,EoN(2014-01-14) Electricity Aq 1yr
648,Nightsaver,3,11,7,72,11.44,6.11,0,,,EoN(2014-01-14) Electricity Aq 1yr
648,Nightsaver,3,11,6,72,11.3,6.19,0,,,EoN(2014-01-14) Electricity Aq 1yr
648,Nightsaver,3,11,5,72,11.12,6.22,0,,,EoN(2014-01-14) Electricity Aq 1yr
648,Nightsaver,3,11,8,72,11.5,6.04,0,,,EoN(2014-01-14) Electricity Aq 1yr
648,Nightsaver,2,11,7,72,11.44,6.11,0,,,EoN(2014-01-14) Electricity Aq 1yr
648,Nightsaver,2,11,6,72,11.3,6.19,0,,,EoN(2014-01-14) Electricity Aq 1yr
648,Nightsaver,2,11,5,72,11.12,6.22,0,,,EoN(2014-01-14) Electricity Aq 1yr
648,Nightsaver,2,11,8,72,11.5,6.04,0,,,EoN(2014-01-14) Electricity Aq 1yr
608,Nightsaver,2,11,7,72,11.44,6.11,0,,,EoN(2014-01-14) Electricity Aq 1yr
608,Nightsaver,2,11,6,72,11.3,6.19,0,,,EoN(2014-01-14) Electricity Aq 1yr
608,Nightsaver,2,11,5,72,11.12,6.22,0,,,EoN(2014-01-14) Electricity Aq 1yr
608,Nightsaver,2,11,8,72,11.5,6.04,0,,,EoN(2014-01-14) Electricity Aq 1yr
608,Nightsaver,3,11,7,72,11.44,6.11,0,,,EoN(2014-01-14) Electricity Aq 1yr
608,Nightsaver,3,11,6,72,11.3,6.19,0,,,EoN(2014-01-14) Electricity Aq 1yr
608,Nightsaver,3,11,5,72,11.12,6.22,0,,,EoN(2014-01-14) Electricity Aq 1yr
608,Nightsaver,3,11,8,72,11.5,6.04,0,,,EoN(2014-01-14) Electricity Aq 1yr
110,Nightsaver,2,11,7,72,11.44,6.11,0,,,EoN(2014-01-14) Electricity Aq 1yr
110,Nightsaver,2,11,6,72,11.3,6.19,0,,,EoN(2014-01-14) Electricity Aq 1yr
110,Nightsaver,2,11,5,72,11.12,6.22,0,,,EoN(2014-01-14) Electricity Aq 1yr
110,Nightsaver,2,11,8,72,11.5,6.04,0,,,EoN(2014-01-14) Electricity Aq 1yr
146,Nightsaver,2,11,7,72,11.44,6.11,0,,,EoN(2014-01-14) Electricity Aq 1yr
146,Nightsaver,2,11,6,72,11.3,6.19,0,,,EoN(2014-01-14) Electricity Aq 1yr
146,Nightsaver,2,11,5,72,11.12,6.22,0,,,EoN(2014-01-14) Electricity Aq 1yr
146,Nightsaver,2,11,8,72,11.5,6.04,0,,,EoN(2014-01-14) Electricity Aq 1yr
542,Nightsaver,134,11,7,72,11.44,6.11,0,,,EoN(2014-01-14) Electricity Aq 1yr
542,Nightsaver,134,11,6,72,11.3,6.19,0,,,EoN(2014-01-14) Electricity Aq 1yr
542,Nightsaver,134,11,5,72,11.12,6.22,0,,,EoN(2014-01-14) Electricity Aq 1yr
542,Nightsaver,134,11,8,72,11.5,6.04,0,,,EoN(2014-01-14) Electricity Aq 1yr
110,Nightsaver,7,11,7,72,11.44,6.11,0,,,EoN(2014-01-14) Electricity Aq 1yr
110,Nightsaver,7,11,6,72,11.3,6.19,0,,,EoN(2014-01-14) Electricity Aq 1yr
110,Nightsaver,7,11,5,72,11.12,6.22,0,,,EoN(2014-01-14) Electricity Aq 1yr
110,Nightsaver,7,11,8,72,11.5,6.04,0,,,EoN(2014-01-14) Electricity Aq 1yr
548,Nightsaver,13,11,7,72,11.44,6.11,0,,,EoN(2014-01-14) Electricity Aq 1yr
548,Nightsaver,13,11,6,72,11.3,6.19,0,,,EoN(2014-01-14) Electricity Aq 1yr
548,Nightsaver,13,11,5,72,11.12,6.22,0,,,EoN(2014-01-14) Electricity Aq 1yr
548,Nightsaver,13,11,8,72,11.5,6.04,0,,,EoN(2014-01-14) Electricity Aq 1yr
613,Nightsaver,7,11,7,72,11.44,6.11,0,,,EoN(2014-01-14) Electricity Aq 1yr
613,Nightsaver,7,11,6,72,11.3,6.19,0,,,EoN(2014-01-14) Electricity Aq 1yr
613,Nightsaver,7,11,5,72,11.12,6.22,0,,,EoN(2014-01-14) Electricity Aq 1yr
613,Nightsaver,7,11,8,72,11.5,6.04,0,,,EoN(2014-01-14) Electricity Aq 1yr
542,Nightsaver,140,11,7,72,11.44,6.11,0,,,EoN(2014-01-14) Electricity Aq 1yr
542,Nightsaver,140,11,6,72,11.3,6.19,0,,,EoN(2014-01-14) Electricity Aq 1yr
542,Nightsaver,140,11,5,72,11.12,6.22,0,,,EoN(2014-01-14) Electricity Aq 1yr
542,Nightsaver,140,11,8,72,11.5,6.04,0,,,EoN(2014-01-14) Electricity Aq 1yr
613,Nightsaver,3,11,7,72,11.44,6.11,0,,,EoN(2014-01-14) Electricity Aq 1yr
613,Nightsaver,3,11,6,72,11.3,6.19,0,,,EoN(2014-01-14) Electricity Aq 1yr
613,Nightsaver,3,11,5,72,11.12,6.22,0,,,EoN(2014-01-14) Electricity Aq 1yr
613,Nightsaver,3,11,8,72,11.5,6.04,0,,,EoN(2014-01-14) Electricity Aq 1yr
542,Nightsaver,119,11,7,72,11.44,6.11,0,,,EoN(2014-01-14) Electricity Aq 1yr
542,Nightsaver,119,11,6,72,11.3,6.19,0,,,EoN(2014-01-14) Electricity Aq 1yr
542,Nightsaver,119,11,5,72,11.12,6.22,0,,,EoN(2014-01-14) Electricity Aq 1yr
542,Nightsaver,119,11,8,72,11.5,6.04,0,,,EoN(2014-01-14) Electricity Aq 1yr
542,Nightsaver,113,11,7,72,11.44,6.11,0,,,EoN(2014-01-14) Electricity Aq 1yr
542,Nightsaver,113,11,6,72,11.3,6.19,0,,,EoN(2014-01-14) Electricity Aq 1yr
542,Nightsaver,113,11,5,72,11.12,6.22,0,,,EoN(2014-01-14) Electricity Aq 1yr
542,Nightsaver,113,11,8,72,11.5,6.04,0,,,EoN(2014-01-14) Electricity Aq 1yr
542,Nightsaver,103,11,7,72,11.44,6.11,0,,,EoN(2014-01-14) Electricity Aq 1yr
542,Nightsaver,103,11,6,72,11.3,6.19,0,,,EoN(2014-01-14) Electricity Aq 1yr
542,Nightsaver,103,11,5,72,11.12,6.22,0,,,EoN(2014-01-14) Electricity Aq 1yr
542,Nightsaver,103,11,8,72,11.5,6.04,0,,,EoN(2014-01-14) Electricity Aq 1yr
613,Nightsaver,2,11,7,72,11.44,6.11,0,,,EoN(2014-01-14) Electricity Aq 1yr
613,Nightsaver,2,11,6,72,11.3,6.19,0,,,EoN(2014-01-14) Electricity Aq 1yr
613,Nightsaver,2,11,5,72,11.12,6.22,0,,,EoN(2014-01-14) Electricity Aq 1yr
613,Nightsaver,2,11,8,72,11.5,6.04,0,,,EoN(2014-01-14) Electricity Aq 1yr
548,Nightsaver,14,11,7,72,11.44,6.11,0,,,EoN(2014-01-14) Electricity Aq 1yr
548,Nightsaver,14,11,6,72,11.3,6.19,0,,,EoN(2014-01-14) Electricity Aq 1yr
548,Nightsaver,14,11,5,72,11.12,6.22,0,,,EoN(2014-01-14) Electricity Aq 1yr
548,Nightsaver,14,11,8,72,11.5,6.04,0,,,EoN(2014-01-14) Electricity Aq 1yr
548,Nightsaver,140,11,7,72,11.44,6.11,0,,,EoN(2014-01-14) Electricity Aq 1yr
548,Nightsaver,140,11,6,72,11.3,6.19,0,,,EoN(2014-01-14) Electricity Aq 1yr
548,Nightsaver,140,11,5,72,11.12,6.22,0,,,EoN(2014-01-14) Electricity Aq 1yr
548,Nightsaver,140,11,8,72,11.5,6.04,0,,,EoN(2014-01-14) Electricity Aq 1yr
830,Nightsaver,119,11,7,72,11.44,6.11,0,,,EoN(2014-01-14) Electricity Aq 1yr
830,Nightsaver,119,11,6,72,11.3,6.19,0,,,EoN(2014-01-14) Electricity Aq 1yr
830,Nightsaver,119,11,5,72,11.12,6.22,0,,,EoN(2014-01-14) Electricity Aq 1yr
830,Nightsaver,119,11,8,72,11.5,6.04,0,,,EoN(2014-01-14) Electricity Aq 1yr
830,Nightsaver,103,11,7,72,11.44,6.11,0,,,EoN(2014-01-14) Electricity Aq 1yr
830,Nightsaver,103,11,6,72,11.3,6.19,0,,,EoN(2014-01-14) Electricity Aq 1yr
830,Nightsaver,103,11,5,72,11.12,6.22,0,,,EoN(2014-01-14) Electricity Aq 1yr
830,Nightsaver,103,11,8,72,11.5,6.04,0,,,EoN(2014-01-14) Electricity Aq 1yr
830,Nightsaver,116,11,7,72,11.44,6.11,0,,,EoN(2014-01-14) Electricity Aq 1yr
830,Nightsaver,116,11,6,72,11.3,6.19,0,,,EoN(2014-01-14) Electricity Aq 1yr
830,Nightsaver,116,11,5,72,11.12,6.22,0,,,EoN(2014-01-14) Electricity Aq 1yr
830,Nightsaver,116,11,8,72,11.5,6.04,0,,,EoN(2014-01-14) Electricity Aq 1yr
830,Nightsaver,40,11,7,72,11.44,6.11,0,,,EoN(2014-01-14) Electricity Aq 1yr
830,Nightsaver,40,11,6,72,11.3,6.19,0,,,EoN(2014-01-14) Electricity Aq 1yr
830,Nightsaver,40,11,5,72,11.12,6.22,0,,,EoN(2014-01-14) Electricity Aq 1yr
830,Nightsaver,40,11,8,72,11.5,6.04,0,,,EoN(2014-01-14) Electricity Aq 1yr
830,Nightsaver,137,11,7,72,11.44,6.11,0,,,EoN(2014-01-14) Electricity Aq 1yr
830,Nightsaver,137,11,6,72,11.3,6.19,0,,,EoN(2014-01-14) Electricity Aq 1yr
830,Nightsaver,137,11,5,72,11.12,6.22,0,,,EoN(2014-01-14) Electricity Aq 1yr
830,Nightsaver,137,11,8,72,11.5,6.04,0,,,EoN(2014-01-14) Electricity Aq 1yr
830,Nightsaver,140,11,7,72,11.44,6.11,0,,,EoN(2014-01-14) Electricity Aq 1yr
830,Nightsaver,140,11,6,72,11.3,6.19,0,,,EoN(2014-01-14) Electricity Aq 1yr
830,Nightsaver,140,11,5,72,11.12,6.22,0,,,EoN(2014-01-14) Electricity Aq 1yr
830,Nightsaver,140,11,8,72,11.5,6.04,0,,,EoN(2014-01-14) Electricity Aq 1yr
830,Nightsaver,113,11,7,72,11.44,6.11,0,,,EoN(2014-01-14) Electricity Aq 1yr
830,Nightsaver,113,11,6,72,11.3,6.19,0,,,EoN(2014-01-14) Electricity Aq 1yr
830,Nightsaver,113,11,5,72,11.12,6.22,0,,,EoN(2014-01-14) Electricity Aq 1yr
830,Nightsaver,113,11,8,72,11.5,6.04,0,,,EoN(2014-01-14) Electricity Aq 1yr
830,Nightsaver,152,11,7,72,11.44,6.11,0,,,EoN(2014-01-14) Electricity Aq 1yr
830,Nightsaver,152,11,6,72,11.3,6.19,0,,,EoN(2014-01-14) Electricity Aq 1yr
830,Nightsaver,152,11,5,72,11.12,6.22,0,,,EoN(2014-01-14) Electricity Aq 1yr
830,Nightsaver,152,11,8,72,11.5,6.04,0,,,EoN(2014-01-14) Electricity Aq 1yr
830,Nightsaver,52,11,7,72,11.44,6.11,0,,,EoN(2014-01-14) Electricity Aq 1yr
830,Nightsaver,52,11,6,72,11.3,6.19,0,,,EoN(2014-01-14) Electricity Aq 1yr
830,Nightsaver,52,11,5,72,11.12,6.22,0,,,EoN(2014-01-14) Electricity Aq 1yr
830,Nightsaver,52,11,8,72,11.5,6.04,0,,,EoN(2014-01-14) Electricity Aq 1yr
830,Nightsaver,37,11,7,72,11.44,6.11,0,,,EoN(2014-01-14) Electricity Aq 1yr
830,Nightsaver,37,11,6,72,11.3,6.19,0,,,EoN(2014-01-14) Electricity Aq 1yr
830,Nightsaver,37,11,5,72,11.12,6.22,0,,,EoN(2014-01-14) Electricity Aq 1yr
830,Nightsaver,37,11,8,72,11.5,6.04,0,,,EoN(2014-01-14) Electricity Aq 1yr
830,Nightsaver,37,11,7,72,11.44,6.11,0,,,EoN(2014-01-14) Electricity Aq 1yr
830,Nightsaver,37,11,6,72,11.3,6.19,0,,,EoN(2014-01-14) Electricity Aq 1yr
830,Nightsaver,37,11,5,72,11.12,6.22,0,,,EoN(2014-01-14) Electricity Aq 1yr
830,Nightsaver,37,11,8,72,11.5,6.04,0,,,EoN(2014-01-14) Electricity Aq 1yr
830,Nightsaver,19,11,7,72,11.44,6.11,0,,,EoN(2014-01-14) Electricity Aq 1yr
830,Nightsaver,19,11,6,72,11.3,6.19,0,,,EoN(2014-01-14) Electricity Aq 1yr
830,Nightsaver,19,11,5,72,11.12,6.22,0,,,EoN(2014-01-14) Electricity Aq 1yr
830,Nightsaver,19,11,8,72,11.5,6.04,0,,,EoN(2014-01-14) Electricity Aq 1yr
830,Nightsaver,16,11,7,72,11.44,6.11,0,,,EoN(2014-01-14) Electricity Aq 1yr
830,Nightsaver,16,11,6,72,11.3,6.19,0,,,EoN(2014-01-14) Electricity Aq 1yr
830,Nightsaver,16,11,5,72,11.12,6.22,0,,,EoN(2014-01-14) Electricity Aq 1yr
830,Nightsaver,16,11,8,72,11.5,6.04,0,,,EoN(2014-01-14) Electricity Aq 1yr
830,Nightsaver,13,11,7,72,11.44,6.11,0,,,EoN(2014-01-14) Electricity Aq 1yr
830,Nightsaver,13,11,6,72,11.3,6.19,0,,,EoN(2014-01-14) Electricity Aq 1yr
830,Nightsaver,13,11,5,72,11.12,6.22,0,,,EoN(2014-01-14) Electricity Aq 1yr
830,Nightsaver,13,11,8,72,11.5,6.04,0,,,EoN(2014-01-14) Electricity Aq 1yr
830,Nightsaver,3,11,7,72,11.44,6.11,0,,,EoN(2014-01-14) Electricity Aq 1yr
830,Nightsaver,3,11,6,72,11.3,6.19,0,,,EoN(2014-01-14) Electricity Aq 1yr
830,Nightsaver,3,11,5,72,11.12,6.22,0,,,EoN(2014-01-14) Electricity Aq 1yr
830,Nightsaver,3,11,8,72,11.5,6.04,0,,,EoN(2014-01-14) Electricity Aq 1yr
830,Nightsaver,101,11,7,72,11.44,6.11,0,,,EoN(2014-01-14) Electricity Aq 1yr
830,Nightsaver,101,11,6,72,11.3,6.19,0,,,EoN(2014-01-14) Electricity Aq 1yr
830,Nightsaver,101,11,5,72,11.12,6.22,0,,,EoN(2014-01-14) Electricity Aq 1yr
830,Nightsaver,101,11,8,72,11.5,6.04,0,,,EoN(2014-01-14) Electricity Aq 1yr
831,Nightsaver,103,11,7,72,11.44,6.11,0,,,EoN(2014-01-14) Electricity Aq 1yr
831,Nightsaver,103,11,6,72,11.3,6.19,0,,,EoN(2014-01-14) Electricity Aq 1yr
831,Nightsaver,103,11,5,72,11.12,6.22,0,,,EoN(2014-01-14) Electricity Aq 1yr
831,Nightsaver,103,11,8,72,11.5,6.04,0,,,EoN(2014-01-14) Electricity Aq 1yr
831,Nightsaver,3,11,7,72,11.44,6.11,0,,,EoN(2014-01-14) Electricity Aq 1yr
831,Nightsaver,3,11,6,72,11.3,6.19,0,,,EoN(2014-01-14) Electricity Aq 1yr
831,Nightsaver,3,11,5,72,11.12,6.22,0,,,EoN(2014-01-14) Electricity Aq 1yr
831,Nightsaver,3,11,8,72,11.5,6.04,0,,,EoN(2014-01-14) Electricity Aq 1yr
831,Nightsaver,13,11,7,72,11.44,6.11,0,,,EoN(2014-01-14) Electricity Aq 1yr
831,Nightsaver,13,11,6,72,11.3,6.19,0,,,EoN(2014-01-14) Electricity Aq 1yr
831,Nightsaver,13,11,5,72,11.12,6.22,0,,,EoN(2014-01-14) Electricity Aq 1yr
831,Nightsaver,13,11,8,72,11.5,6.04,0,,,EoN(2014-01-14) Electricity Aq 1yr
831,Nightsaver,16,11,7,72,11.44,6.11,0,,,EoN(2014-01-14) Electricity Aq 1yr
831,Nightsaver,16,11,6,72,11.3,6.19,0,,,EoN(2014-01-14) Electricity Aq 1yr
831,Nightsaver,16,11,5,72,11.12,6.22,0,,,EoN(2014-01-14) Electricity Aq 1yr
831,Nightsaver,16,11,8,72,11.5,6.04,0,,,EoN(2014-01-14) Electricity Aq 1yr
831,Nightsaver,19,11,7,72,11.44,6.11,0,,,EoN(2014-01-14) Electricity Aq 1yr
831,Nightsaver,19,11,6,72,11.3,6.19,0,,,EoN(2014-01-14) Electricity Aq 1yr
831,Nightsaver,19,11,5,72,11.12,6.22,0,,,EoN(2014-01-14) Electricity Aq 1yr
831,Nightsaver,19,11,8,72,11.5,6.04,0,,,EoN(2014-01-14) Electricity Aq 1yr
831,Nightsaver,37,11,7,72,11.44,6.11,0,,,EoN(2014-01-14) Electricity Aq 1yr
831,Nightsaver,37,11,6,72,11.3,6.19,0,,,EoN(2014-01-14) Electricity Aq 1yr
831,Nightsaver,37,11,5,72,11.12,6.22,0,,,EoN(2014-01-14) Electricity Aq 1yr
831,Nightsaver,37,11,8,72,11.5,6.04,0,,,EoN(2014-01-14) Electricity Aq 1yr
831,Nightsaver,37,11,7,72,11.44,6.11,0,,,EoN(2014-01-14) Electricity Aq 1yr
831,Nightsaver,37,11,6,72,11.3,6.19,0,,,EoN(2014-01-14) Electricity Aq 1yr
831,Nightsaver,37,11,5,72,11.12,6.22,0,,,EoN(2014-01-14) Electricity Aq 1yr
831,Nightsaver,37,11,8,72,11.5,6.04,0,,,EoN(2014-01-14) Electricity Aq 1yr
831,Nightsaver,1,11,7,72,11.44,6.11,0,,,EoN(2014-01-14) Electricity Aq 1yr
831,Nightsaver,1,11,6,72,11.3,6.19,0,,,EoN(2014-01-14) Electricity Aq 1yr
831,Nightsaver,1,11,5,72,11.12,6.22,0,,,EoN(2014-01-14) Electricity Aq 1yr
831,Nightsaver,1,11,8,72,11.5,6.04,0,,,EoN(2014-01-14) Electricity Aq 1yr
831,Nightsaver,52,11,7,72,11.44,6.11,0,,,EoN(2014-01-14) Electricity Aq 1yr
831,Nightsaver,52,11,6,72,11.3,6.19,0,,,EoN(2014-01-14) Electricity Aq 1yr
831,Nightsaver,52,11,5,72,11.12,6.22,0,,,EoN(2014-01-14) Electricity Aq 1yr
831,Nightsaver,52,11,8,72,11.5,6.04,0,,,EoN(2014-01-14) Electricity Aq 1yr
831,Nightsaver,101,11,7,72,11.44,6.11,0,,,EoN(2014-01-14) Electricity Aq 1yr
831,Nightsaver,101,11,6,72,11.3,6.19,0,,,EoN(2014-01-14) Electricity Aq 1yr
831,Nightsaver,101,11,5,72,11.12,6.22,0,,,EoN(2014-01-14) Electricity Aq 1yr
831,Nightsaver,101,11,8,72,11.5,6.04,0,,,EoN(2014-01-14) Electricity Aq 1yr
830,Nightsaver,1,11,7,72,11.44,6.11,0,,,EoN(2014-01-14) Electricity Aq 1yr
830,Nightsaver,1,11,6,72,11.3,6.19,0,,,EoN(2014-01-14) Electricity Aq 1yr
830,Nightsaver,1,11,5,72,11.12,6.22,0,,,EoN(2014-01-14) Electricity Aq 1yr
830,Nightsaver,1,11,8,72,11.5,6.04,0,,,EoN(2014-01-14) Electricity Aq 1yr
831,Nightsaver,113,11,7,72,11.44,6.11,0,,,EoN(2014-01-14) Electricity Aq 1yr
831,Nightsaver,113,11,6,72,11.3,6.19,0,,,EoN(2014-01-14) Electricity Aq 1yr
831,Nightsaver,113,11,5,72,11.12,6.22,0,,,EoN(2014-01-14) Electricity Aq 1yr
831,Nightsaver,113,11,8,72,11.5,6.04,0,,,EoN(2014-01-14) Electricity Aq 1yr
831,Nightsaver,116,11,7,72,11.44,6.11,0,,,EoN(2014-01-14) Electricity Aq 1yr
831,Nightsaver,116,11,6,72,11.3,6.19,0,,,EoN(2014-01-14) Electricity Aq 1yr
831,Nightsaver,116,11,5,72,11.12,6.22,0,,,EoN(2014-01-14) Electricity Aq 1yr
831,Nightsaver,116,11,8,72,11.5,6.04,0,,,EoN(2014-01-14) Electricity Aq 1yr
831,Nightsaver,119,11,7,72,11.44,6.11,0,,,EoN(2014-01-14) Electricity Aq 1yr
831,Nightsaver,119,11,6,72,11.3,6.19,0,,,EoN(2014-01-14) Electricity Aq 1yr
831,Nightsaver,119,11,5,72,11.12,6.22,0,,,EoN(2014-01-14) Electricity Aq 1yr
831,Nightsaver,119,11,8,72,11.5,6.04,0,,,EoN(2014-01-14) Electricity Aq 1yr
831,Nightsaver,137,11,7,72,11.44,6.11,0,,,EoN(2014-01-14) Electricity Aq 1yr
831,Nightsaver,137,11,6,72,11.3,6.19,0,,,EoN(2014-01-14) Electricity Aq 1yr
831,Nightsaver,137,11,5,72,11.12,6.22,0,,,EoN(2014-01-14) Electricity Aq 1yr
831,Nightsaver,137,11,8,72,11.5,6.04,0,,,EoN(2014-01-14) Electricity Aq 1yr
831,Nightsaver,140,11,7,72,11.44,6.11,0,,,EoN(2014-01-14) Electricity Aq 1yr
831,Nightsaver,140,11,6,72,11.3,6.19,0,,,EoN(2014-01-14) Electricity Aq 1yr
831,Nightsaver,140,11,5,72,11.12,6.22,0,,,EoN(2014-01-14) Electricity Aq 1yr
831,Nightsaver,140,11,8,72,11.5,6.04,0,,,EoN(2014-01-14) Electricity Aq 1yr
831,Nightsaver,152,11,7,72,11.44,6.11,0,,,EoN(2014-01-14) Electricity Aq 1yr
831,Nightsaver,152,11,6,72,11.3,6.19,0,,,EoN(2014-01-14) Electricity Aq 1yr
831,Nightsaver,152,11,5,72,11.12,6.22,0,,,EoN(2014-01-14) Electricity Aq 1yr
831,Nightsaver,152,11,8,72,11.5,6.04,0,,,EoN(2014-01-14) Electricity Aq 1yr
831,Nightsaver,40,11,7,72,11.44,6.11,0,,,EoN(2014-01-14) Electricity Aq 1yr
831,Nightsaver,40,11,6,72,11.3,6.19,0,,,EoN(2014-01-14) Electricity Aq 1yr
831,Nightsaver,40,11,5,72,11.12,6.22,0,,,EoN(2014-01-14) Electricity Aq 1yr
831,Nightsaver,40,11,8,72,11.5,6.04,0,,,EoN(2014-01-14) Electricity Aq 1yr
150,Nightsaver,3,11,7,72,11.44,6.11,0,,,EoN(2014-01-14) Electricity Aq 1yr
150,Nightsaver,3,11,6,72,11.3,6.19,0,,,EoN(2014-01-14) Electricity Aq 1yr
150,Nightsaver,3,11,5,72,11.12,6.22,0,,,EoN(2014-01-14) Electricity Aq 1yr
150,Nightsaver,3,11,8,72,11.5,6.04,0,,,EoN(2014-01-14) Electricity Aq 1yr
548,Nightsaver,134,11,7,72,11.44,6.11,0,,,EoN(2014-01-14) Electricity Aq 1yr
548,Nightsaver,134,11,6,72,11.3,6.19,0,,,EoN(2014-01-14) Electricity Aq 1yr
548,Nightsaver,134,11,5,72,11.12,6.22,0,,,EoN(2014-01-14) Electricity Aq 1yr
548,Nightsaver,134,11,8,72,11.5,6.04,0,,,EoN(2014-01-14) Electricity Aq 1yr
548,Nightsaver,119,11,7,72,11.44,6.11,0,,,EoN(2014-01-14) Electricity Aq 1yr
548,Nightsaver,119,11,6,72,11.3,6.19,0,,,EoN(2014-01-14) Electricity Aq 1yr
548,Nightsaver,119,11,5,72,11.12,6.22,0,,,EoN(2014-01-14) Electricity Aq 1yr
548,Nightsaver,119,11,8,72,11.5,6.04,0,,,EoN(2014-01-14) Electricity Aq 1yr
548,Nightsaver,113,11,7,72,11.44,6.11,0,,,EoN(2014-01-14) Electricity Aq 1yr
548,Nightsaver,113,11,6,72,11.3,6.19,0,,,EoN(2014-01-14) Electricity Aq 1yr
548,Nightsaver,113,11,5,72,11.12,6.22,0,,,EoN(2014-01-14) Electricity Aq 1yr
548,Nightsaver,113,11,8,72,11.5,6.04,0,,,EoN(2014-01-14) Electricity Aq 1yr
548,Nightsaver,103,11,7,72,11.44,6.11,0,,,EoN(2014-01-14) Electricity Aq 1yr
548,Nightsaver,103,11,6,72,11.3,6.19,0,,,EoN(2014-01-14) Electricity Aq 1yr
548,Nightsaver,103,11,5,72,11.12,6.22,0,,,EoN(2014-01-14) Electricity Aq 1yr
548,Nightsaver,103,11,8,72,11.5,6.04,0,,,EoN(2014-01-14) Electricity Aq 1yr
542,Nightsaver,103,11,7,72,11.44,6.11,0,,,EoN(2014-01-14) Electricity Aq 1yr
542,Nightsaver,103,11,6,72,11.3,6.19,0,,,EoN(2014-01-14) Electricity Aq 1yr
542,Nightsaver,103,11,5,72,11.12,6.22,0,,,EoN(2014-01-14) Electricity Aq 1yr
542,Nightsaver,103,11,8,72,11.5,6.04,0,,,EoN(2014-01-14) Electricity Aq 1yr
150,Nightsaver,7,11,7,72,11.44,6.11,0,,,EoN(2014-01-14) Electricity Aq 1yr
150,Nightsaver,7,11,6,72,11.3,6.19,0,,,EoN(2014-01-14) Electricity Aq 1yr
150,Nightsaver,7,11,5,72,11.12,6.22,0,,,EoN(2014-01-14) Electricity Aq 1yr
150,Nightsaver,7,11,8,72,11.5,6.04,0,,,EoN(2014-01-14) Electricity Aq 1yr
653,Nightsaver,7,11,7,72,11.44,6.11,0,,,EoN(2014-01-14) Electricity Aq 1yr
653,Nightsaver,7,11,6,72,11.3,6.19,0,,,EoN(2014-01-14) Electricity Aq 1yr
653,Nightsaver,7,11,5,72,11.12,6.22,0,,,EoN(2014-01-14) Electricity Aq 1yr
653,Nightsaver,7,11,8,72,11.5,6.04,0,,,EoN(2014-01-14) Electricity Aq 1yr
150,Nightsaver,2,11,7,72,11.44,6.11,0,,,EoN(2014-01-14) Electricity Aq 1yr
150,Nightsaver,2,11,6,72,11.3,6.19,0,,,EoN(2014-01-14) Electricity Aq 1yr
150,Nightsaver,2,11,5,72,11.12,6.22,0,,,EoN(2014-01-14) Electricity Aq 1yr
150,Nightsaver,2,11,8,72,11.5,6.04,0,,,EoN(2014-01-14) Electricity Aq 1yr
653,Nightsaver,3,11,7,72,11.44,6.11,0,,,EoN(2014-01-14) Electricity Aq 1yr
653,Nightsaver,3,11,6,72,11.3,6.19,0,,,EoN(2014-01-14) Electricity Aq 1yr
653,Nightsaver,3,11,5,72,11.12,6.22,0,,,EoN(2014-01-14) Electricity Aq 1yr
653,Nightsaver,3,11,8,72,11.5,6.04,0,,,EoN(2014-01-14) Electricity Aq 1yr
548,Nightsaver,101,11,7,72,11.44,6.11,0,,,EoN(2014-01-14) Electricity Aq 1yr
548,Nightsaver,101,11,6,72,11.3,6.19,0,,,EoN(2014-01-14) Electricity Aq 1yr
548,Nightsaver,101,11,5,72,11.12,6.22,0,,,EoN(2014-01-14) Electricity Aq 1yr
548,Nightsaver,101,11,8,72,11.5,6.04,0,,,EoN(2014-01-14) Electricity Aq 1yr
150,Nightsaver,1,11,7,72,11.44,6.11,0,,,EoN(2014-01-14) Electricity Aq 1yr
150,Nightsaver,1,11,6,72,11.3,6.19,0,,,EoN(2014-01-14) Electricity Aq 1yr
150,Nightsaver,1,11,5,72,11.12,6.22,0,,,EoN(2014-01-14) Electricity Aq 1yr
150,Nightsaver,1,11,8,72,11.5,6.04,0,,,EoN(2014-01-14) Electricity Aq 1yr
548,Nightsaver,23,11,7,72,11.44,6.11,0,,,EoN(2014-01-14) Electricity Aq 1yr
548,Nightsaver,23,11,6,72,11.3,6.19,0,,,EoN(2014-01-14) Electricity Aq 1yr
548,Nightsaver,23,11,5,72,11.12,6.22,0,,,EoN(2014-01-14) Electricity Aq 1yr
548,Nightsaver,23,11,8,72,11.5,6.04,0,,,EoN(2014-01-14) Electricity Aq 1yr
548,Nightsaver,1,11,7,72,11.44,6.11,0,,,EoN(2014-01-14) Electricity Aq 1yr
548,Nightsaver,1,11,6,72,11.3,6.19,0,,,EoN(2014-01-14) Electricity Aq 1yr
548,Nightsaver,1,11,5,72,11.12,6.22,0,,,EoN(2014-01-14) Electricity Aq 1yr
548,Nightsaver,1,11,8,72,11.5,6.04,0,,,EoN(2014-01-14) Electricity Aq 1yr
548,Nightsaver,3,11,7,72,11.44,6.11,0,,,EoN(2014-01-14) Electricity Aq 1yr
548,Nightsaver,3,11,6,72,11.3,6.19,0,,,EoN(2014-01-14) Electricity Aq 1yr
548,Nightsaver,3,11,5,72,11.12,6.22,0,,,EoN(2014-01-14) Electricity Aq 1yr
548,Nightsaver,3,11,8,72,11.5,6.04,0,,,EoN(2014-01-14) Electricity Aq 1yr
548,Nightsaver,12,11,7,72,11.44,6.11,0,,,EoN(2014-01-14) Electricity Aq 1yr
548,Nightsaver,12,11,6,72,11.3,6.19,0,,,EoN(2014-01-14) Electricity Aq 1yr
548,Nightsaver,12,11,5,72,11.12,6.22,0,,,EoN(2014-01-14) Electricity Aq 1yr
548,Nightsaver,12,11,8,72,11.5,6.04,0,,,EoN(2014-01-14) Electricity Aq 1yr
548,Nightsaver,13,11,7,72,11.44,6.11,0,,,EoN(2014-01-14) Electricity Aq 1yr
548,Nightsaver,13,11,6,72,11.3,6.19,0,,,EoN(2014-01-14) Electricity Aq 1yr
548,Nightsaver,13,11,5,72,11.12,6.22,0,,,EoN(2014-01-14) Electricity Aq 1yr
548,Nightsaver,13,11,8,72,11.5,6.04,0,,,EoN(2014-01-14) Electricity Aq 1yr
548,Nightsaver,14,11,7,72,11.44,6.11,0,,,EoN(2014-01-14) Electricity Aq 1yr
548,Nightsaver,14,11,6,72,11.3,6.19,0,,,EoN(2014-01-14) Electricity Aq 1yr
548,Nightsaver,14,11,5,72,11.12,6.22,0,,,EoN(2014-01-14) Electricity Aq 1yr
548,Nightsaver,14,11,8,72,11.5,6.04,0,,,EoN(2014-01-14) Electricity Aq 1yr
548,Nightsaver,15,11,7,72,11.44,6.11,0,,,EoN(2014-01-14) Electricity Aq 1yr
548,Nightsaver,15,11,6,72,11.3,6.19,0,,,EoN(2014-01-14) Electricity Aq 1yr
548,Nightsaver,15,11,5,72,11.12,6.22,0,,,EoN(2014-01-14) Electricity Aq 1yr
548,Nightsaver,15,11,8,72,11.5,6.04,0,,,EoN(2014-01-14) Electricity Aq 1yr
548,Nightsaver,17,11,7,72,11.44,6.11,0,,,EoN(2014-01-14) Electricity Aq 1yr
548,Nightsaver,17,11,6,72,11.3,6.19,0,,,EoN(2014-01-14) Electricity Aq 1yr
548,Nightsaver,17,11,5,72,11.12,6.22,0,,,EoN(2014-01-14) Electricity Aq 1yr
548,Nightsaver,17,11,8,72,11.5,6.04,0,,,EoN(2014-01-14) Electricity Aq 1yr
548,Nightsaver,34,11,7,72,11.44,6.11,0,,,EoN(2014-01-14) Electricity Aq 1yr
548,Nightsaver,34,11,6,72,11.3,6.19,0,,,EoN(2014-01-14) Electricity Aq 1yr
548,Nightsaver,34,11,5,72,11.12,6.22,0,,,EoN(2014-01-14) Electricity Aq 1yr
548,Nightsaver,34,11,8,72,11.5,6.04,0,,,EoN(2014-01-14) Electricity Aq 1yr
548,Nightsaver,21,11,7,72,11.44,6.11,0,,,EoN(2014-01-14) Electricity Aq 1yr
548,Nightsaver,21,11,6,72,11.3,6.19,0,,,EoN(2014-01-14) Electricity Aq 1yr
548,Nightsaver,21,11,5,72,11.12,6.22,0,,,EoN(2014-01-14) Electricity Aq 1yr
548,Nightsaver,21,11,8,72,11.5,6.04,0,,,EoN(2014-01-14) Electricity Aq 1yr
548,Nightsaver,40,11,7,72,11.44,6.11,0,,,EoN(2014-01-14) Electricity Aq 1yr
548,Nightsaver,40,11,6,72,11.3,6.19,0,,,EoN(2014-01-14) Electricity Aq 1yr
548,Nightsaver,40,11,5,72,11.12,6.22,0,,,EoN(2014-01-14) Electricity Aq 1yr
548,Nightsaver,40,11,8,72,11.5,6.04,0,,,EoN(2014-01-14) Electricity Aq 1yr
542,Nightsaver,1,11,7,72,11.44,6.11,0,,,EoN(2014-01-14) Electricity Aq 1yr
542,Nightsaver,1,11,6,72,11.3,6.19,0,,,EoN(2014-01-14) Electricity Aq 1yr
542,Nightsaver,1,11,5,72,11.12,6.22,0,,,EoN(2014-01-14) Electricity Aq 1yr
542,Nightsaver,1,11,8,72,11.5,6.04,0,,,EoN(2014-01-14) Electricity Aq 1yr
548,Nightsaver,29,11,7,72,11.44,6.11,0,,,EoN(2014-01-14) Electricity Aq 1yr
548,Nightsaver,29,11,6,72,11.3,6.19,0,,,EoN(2014-01-14) Electricity Aq 1yr
548,Nightsaver,29,11,5,72,11.12,6.22,0,,,EoN(2014-01-14) Electricity Aq 1yr
548,Nightsaver,29,11,8,72,11.5,6.04,0,,,EoN(2014-01-14) Electricity Aq 1yr
548,Nightsaver,27,11,7,72,11.44,6.11,0,,,EoN(2014-01-14) Electricity Aq 1yr
548,Nightsaver,27,11,6,72,11.3,6.19,0,,,EoN(2014-01-14) Electricity Aq 1yr
548,Nightsaver,27,11,5,72,11.12,6.22,0,,,EoN(2014-01-14) Electricity Aq 1yr
548,Nightsaver,27,11,8,72,11.5,6.04,0,,,EoN(2014-01-14) Electricity Aq 1yr
653,Nightsaver,2,11,7,72,11.44,6.11,0,,,EoN(2014-01-14) Electricity Aq 1yr
653,Nightsaver,2,11,6,72,11.3,6.19,0,,,EoN(2014-01-14) Electricity Aq 1yr
653,Nightsaver,2,11,5,72,11.12,6.22,0,,,EoN(2014-01-14) Electricity Aq 1yr
653,Nightsaver,2,11,8,72,11.5,6.04,0,,,EoN(2014-01-14) Electricity Aq 1yr
542,Nightsaver,37,11,7,72,11.44,6.11,0,,,EoN(2014-01-14) Electricity Aq 1yr
542,Nightsaver,37,11,6,72,11.3,6.19,0,,,EoN(2014-01-14) Electricity Aq 1yr
542,Nightsaver,37,11,5,72,11.12,6.22,0,,,EoN(2014-01-14) Electricity Aq 1yr
542,Nightsaver,37,11,8,72,11.5,6.04,0,,,EoN(2014-01-14) Electricity Aq 1yr
542,Nightsaver,40,11,7,72,11.44,6.11,0,,,EoN(2014-01-14) Electricity Aq 1yr
542,Nightsaver,40,11,6,72,11.3,6.19,0,,,EoN(2014-01-14) Electricity Aq 1yr
542,Nightsaver,40,11,5,72,11.12,6.22,0,,,EoN(2014-01-14) Electricity Aq 1yr
542,Nightsaver,40,11,8,72,11.5,6.04,0,,,EoN(2014-01-14) Electricity Aq 1yr
542,Nightsaver,101,11,7,72,11.44,6.11,0,,,EoN(2014-01-14) Electricity Aq 1yr
542,Nightsaver,101,11,6,72,11.3,6.19,0,,,EoN(2014-01-14) Electricity Aq 1yr
542,Nightsaver,101,11,5,72,11.12,6.22,0,,,EoN(2014-01-14) Electricity Aq 1yr
542,Nightsaver,101,11,8,72,11.5,6.04,0,,,EoN(2014-01-14) Electricity Aq 1yr
548,Nightsaver,37,11,7,72,11.44,6.11,0,,,EoN(2014-01-14) Electricity Aq 1yr
548,Nightsaver,37,11,6,72,11.3,6.19,0,,,EoN(2014-01-14) Electricity Aq 1yr
548,Nightsaver,37,11,5,72,11.12,6.22,0,,,EoN(2014-01-14) Electricity Aq 1yr
548,Nightsaver,37,11,8,72,11.5,6.04,0,,,EoN(2014-01-14) Electricity Aq 1yr
548,Nightsaver,19,11,7,72,11.44,6.11,0,,,EoN(2014-01-14) Electricity Aq 1yr
548,Nightsaver,19,11,6,72,11.3,6.19,0,,,EoN(2014-01-14) Electricity Aq 1yr
548,Nightsaver,19,11,5,72,11.12,6.22,0,,,EoN(2014-01-14) Electricity Aq 1yr
548,Nightsaver,19,11,8,72,11.5,6.04,0,,,EoN(2014-01-14) Electricity Aq 1yr
613,Nightsaver,7,11,7,72,11.44,6.11,0,,,EoN(2014-01-14) Electricity Aq 1yr
613,Nightsaver,7,11,6,72,11.3,6.19,0,,,EoN(2014-01-14) Electricity Aq 1yr
613,Nightsaver,7,11,5,72,11.12,6.22,0,,,EoN(2014-01-14) Electricity Aq 1yr
613,Nightsaver,7,11,8,72,11.5,6.04,0,,,EoN(2014-01-14) Electricity Aq 1yr
542,Nightsaver,12,11,7,72,11.44,6.11,0,,,EoN(2014-01-14) Electricity Aq 1yr
542,Nightsaver,12,11,6,72,11.3,6.19,0,,,EoN(2014-01-14) Electricity Aq 1yr
542,Nightsaver,12,11,5,72,11.12,6.22,0,,,EoN(2014-01-14) Electricity Aq 1yr
542,Nightsaver,12,11,8,72,11.5,6.04,0,,,EoN(2014-01-14) Electricity Aq 1yr
542,Nightsaver,13,11,7,72,11.44,6.11,0,,,EoN(2014-01-14) Electricity Aq 1yr
542,Nightsaver,13,11,6,72,11.3,6.19,0,,,EoN(2014-01-14) Electricity Aq 1yr
542,Nightsaver,13,11,5,72,11.12,6.22,0,,,EoN(2014-01-14) Electricity Aq 1yr
542,Nightsaver,13,11,8,72,11.5,6.04,0,,,EoN(2014-01-14) Electricity Aq 1yr
548,Nightsaver,140,11,7,72,11.44,6.11,0,,,EoN(2014-01-14) Electricity Aq 1yr
548,Nightsaver,140,11,6,72,11.3,6.19,0,,,EoN(2014-01-14) Electricity Aq 1yr
548,Nightsaver,140,11,5,72,11.12,6.22,0,,,EoN(2014-01-14) Electricity Aq 1yr
548,Nightsaver,140,11,8,72,11.5,6.04,0,,,EoN(2014-01-14) Electricity Aq 1yr
542,Nightsaver,3,11,7,72,11.44,6.11,0,,,EoN(2014-01-14) Electricity Aq 1yr
542,Nightsaver,3,11,6,72,11.3,6.19,0,,,EoN(2014-01-14) Electricity Aq 1yr
542,Nightsaver,3,11,5,72,11.12,6.22,0,,,EoN(2014-01-14) Electricity Aq 1yr
542,Nightsaver,3,11,8,72,11.5,6.04,0,,,EoN(2014-01-14) Electricity Aq 1yr
146,Nightsaver,3,11,7,72,11.44,6.11,0,,,EoN(2014-01-14) Electricity Aq 1yr
146,Nightsaver,3,11,6,72,11.3,6.19,0,,,EoN(2014-01-14) Electricity Aq 1yr
146,Nightsaver,3,11,5,72,11.12,6.22,0,,,EoN(2014-01-14) Electricity Aq 1yr
146,Nightsaver,3,11,8,72,11.5,6.04,0,,,EoN(2014-01-14) Electricity Aq 1yr
146,Nightsaver,2,11,7,72,11.44,6.11,0,,,EoN(2014-01-14) Electricity Aq 1yr
146,Nightsaver,2,11,6,72,11.3,6.19,0,,,EoN(2014-01-14) Electricity Aq 1yr
146,Nightsaver,2,11,5,72,11.12,6.22,0,,,EoN(2014-01-14) Electricity Aq 1yr
146,Nightsaver,2,11,8,72,11.5,6.04,0,,,EoN(2014-01-14) Electricity Aq 1yr
146,Nightsaver,1,11,7,72,11.44,6.11,0,,,EoN(2014-01-14) Electricity Aq 1yr
146,Nightsaver,1,11,6,72,11.3,6.19,0,,,EoN(2014-01-14) Electricity Aq 1yr
146,Nightsaver,1,11,5,72,11.12,6.22,0,,,EoN(2014-01-14) Electricity Aq 1yr
146,Nightsaver,1,11,8,72,11.5,6.04,0,,,EoN(2014-01-14) Electricity Aq 1yr
648,Nightsaver,7,11,7,72,11.44,6.11,0,,,EoN(2014-01-14) Electricity Aq 1yr
648,Nightsaver,7,11,6,72,11.3,6.19,0,,,EoN(2014-01-14) Electricity Aq 1yr
648,Nightsaver,7,11,5,72,11.12,6.22,0,,,EoN(2014-01-14) Electricity Aq 1yr
648,Nightsaver,7,11,8,72,11.5,6.04,0,,,EoN(2014-01-14) Electricity Aq 1yr
542,Nightsaver,15,11,7,72,11.44,6.11,0,,,EoN(2014-01-14) Electricity Aq 1yr
542,Nightsaver,15,11,6,72,11.3,6.19,0,,,EoN(2014-01-14) Electricity Aq 1yr
542,Nightsaver,15,11,5,72,11.12,6.22,0,,,EoN(2014-01-14) Electricity Aq 1yr
542,Nightsaver,15,11,8,72,11.5,6.04,0,,,EoN(2014-01-14) Electricity Aq 1yr
648,Nightsaver,2,11,7,72,11.44,6.11,0,,,EoN(2014-01-14) Electricity Aq 1yr
648,Nightsaver,2,11,6,72,11.3,6.19,0,,,EoN(2014-01-14) Electricity Aq 1yr
648,Nightsaver,2,11,5,72,11.12,6.22,0,,,EoN(2014-01-14) Electricity Aq 1yr
648,Nightsaver,2,11,8,72,11.5,6.04,0,,,EoN(2014-01-14) Electricity Aq 1yr
613,Nightsaver,1,11,7,72,11.44,6.11,0,,,EoN(2014-01-14) Electricity Aq 1yr
613,Nightsaver,1,11,6,72,11.3,6.19,0,,,EoN(2014-01-14) Electricity Aq 1yr
613,Nightsaver,1,11,5,72,11.12,6.22,0,,,EoN(2014-01-14) Electricity Aq 1yr
613,Nightsaver,1,11,8,72,11.5,6.04,0,,,EoN(2014-01-14) Electricity Aq 1yr
608,Nightsaver,3,11,7,72,11.44,6.11,0,,,EoN(2014-01-14) Electricity Aq 1yr
608,Nightsaver,3,11,6,72,11.3,6.19,0,,,EoN(2014-01-14) Electricity Aq 1yr
608,Nightsaver,3,11,5,72,11.12,6.22,0,,,EoN(2014-01-14) Electricity Aq 1yr
608,Nightsaver,3,11,8,72,11.5,6.04,0,,,EoN(2014-01-14) Electricity Aq 1yr
110,Nightsaver,1,11,7,72,11.44,6.11,0,,,EoN(2014-01-14) Electricity Aq 1yr
110,Nightsaver,1,11,6,72,11.3,6.19,0,,,EoN(2014-01-14) Electricity Aq 1yr
110,Nightsaver,1,11,5,72,11.12,6.22,0,,,EoN(2014-01-14) Electricity Aq 1yr
110,Nightsaver,1,11,8,72,11.5,6.04,0,,,EoN(2014-01-14) Electricity Aq 1yr
110,Nightsaver,2,11,7,72,11.44,6.11,0,,,EoN(2014-01-14) Electricity Aq 1yr
110,Nightsaver,2,11,6,72,11.3,6.19,0,,,EoN(2014-01-14) Electricity Aq 1yr
110,Nightsaver,2,11,5,72,11.12,6.22,0,,,EoN(2014-01-14) Electricity Aq 1yr
110,Nightsaver,2,11,8,72,11.5,6.04,0,,,EoN(2014-01-14) Electricity Aq 1yr
110,Nightsaver,3,11,7,72,11.44,6.11,0,,,EoN(2014-01-14) Electricity Aq 1yr
110,Nightsaver,3,11,6,72,11.3,6.19,0,,,EoN(2014-01-14) Electricity Aq 1yr
110,Nightsaver,3,11,5,72,11.12,6.22,0,,,EoN(2014-01-14) Electricity Aq 1yr
110,Nightsaver,3,11,8,72,11.5,6.04,0,,,EoN(2014-01-14) Electricity Aq 1yr
608,Nightsaver,2,11,7,72,11.44,6.11,0,,,EoN(2014-01-14) Electricity Aq 1yr
608,Nightsaver,2,11,6,72,11.3,6.19,0,,,EoN(2014-01-14) Electricity Aq 1yr
608,Nightsaver,2,11,5,72,11.12,6.22,0,,,EoN(2014-01-14) Electricity Aq 1yr
608,Nightsaver,2,11,8,72,11.5,6.04,0,,,EoN(2014-01-14) Electricity Aq 1yr
608,Nightsaver,37,11,7,72,11.44,6.11,0,,,EoN(2014-01-14) Electricity Aq 1yr
608,Nightsaver,37,11,6,72,11.3,6.19,0,,,EoN(2014-01-14) Electricity Aq 1yr
608,Nightsaver,37,11,5,72,11.12,6.22,0,,,EoN(2014-01-14) Electricity Aq 1yr
608,Nightsaver,37,11,8,72,11.5,6.04,0,,,EoN(2014-01-14) Electricity Aq 1yr
608,Nightsaver,7,11,7,72,11.44,6.11,0,,,EoN(2014-01-14) Electricity Aq 1yr
608,Nightsaver,7,11,6,72,11.3,6.19,0,,,EoN(2014-01-14) Electricity Aq 1yr
608,Nightsaver,7,11,5,72,11.12,6.22,0,,,EoN(2014-01-14) Electricity Aq 1yr
608,Nightsaver,7,11,8,72,11.5,6.04,0,,,EoN(2014-01-14) Electricity Aq 1yr
110,Nightsaver,7,11,7,72,11.44,6.11,0,,,EoN(2014-01-14) Electricity Aq 1yr
110,Nightsaver,7,11,6,72,11.3,6.19,0,,,EoN(2014-01-14) Electricity Aq 1yr
110,Nightsaver,7,11,5,72,11.12,6.22,0,,,EoN(2014-01-14) Electricity Aq 1yr
110,Nightsaver,7,11,8,72,11.5,6.04,0,,,EoN(2014-01-14) Electricity Aq 1yr
648,Nightsaver,3,11,7,72,11.44,6.11,0,,,EoN(2014-01-14) Electricity Aq 1yr
648,Nightsaver,3,11,6,72,11.3,6.19,0,,,EoN(2014-01-14) Electricity Aq 1yr
648,Nightsaver,3,11,5,72,11.12,6.22,0,,,EoN(2014-01-14) Electricity Aq 1yr
648,Nightsaver,3,11,8,72,11.5,6.04,0,,,EoN(2014-01-14) Electricity Aq 1yr
106,Nightsaver,2,11,7,72,11.44,6.11,0,,,EoN(2014-01-14) Electricity Aq 1yr
106,Nightsaver,2,11,6,72,11.3,6.19,0,,,EoN(2014-01-14) Electricity Aq 1yr
106,Nightsaver,2,11,5,72,11.12,6.22,0,,,EoN(2014-01-14) Electricity Aq 1yr
106,Nightsaver,2,11,8,72,11.5,6.04,0,,,EoN(2014-01-14) Electricity Aq 1yr
542,Nightsaver,119,11,7,72,11.44,6.11,0,,,EoN(2014-01-14) Electricity Aq 1yr
542,Nightsaver,119,11,6,72,11.3,6.19,0,,,EoN(2014-01-14) Electricity Aq 1yr
542,Nightsaver,119,11,5,72,11.12,6.22,0,,,EoN(2014-01-14) Electricity Aq 1yr
542,Nightsaver,119,11,8,72,11.5,6.04,0,,,EoN(2014-01-14) Electricity Aq 1yr
542,Nightsaver,134,11,7,72,11.44,6.11,0,,,EoN(2014-01-14) Electricity Aq 1yr
542,Nightsaver,134,11,6,72,11.3,6.19,0,,,EoN(2014-01-14) Electricity Aq 1yr
542,Nightsaver,134,11,5,72,11.12,6.22,0,,,EoN(2014-01-14) Electricity Aq 1yr
542,Nightsaver,134,11,8,72,11.5,6.04,0,,,EoN(2014-01-14) Electricity Aq 1yr
542,Nightsaver,140,11,7,72,11.44,6.11,0,,,EoN(2014-01-14) Electricity Aq 1yr
542,Nightsaver,140,11,6,72,11.3,6.19,0,,,EoN(2014-01-14) Electricity Aq 1yr
542,Nightsaver,140,11,5,72,11.12,6.22,0,,,EoN(2014-01-14) Electricity Aq 1yr
542,Nightsaver,140,11,8,72,11.5,6.04,0,,,EoN(2014-01-14) Electricity Aq 1yr
542,Nightsaver,34,11,7,72,11.44,6.11,0,,,EoN(2014-01-14) Electricity Aq 1yr
542,Nightsaver,34,11,6,72,11.3,6.19,0,,,EoN(2014-01-14) Electricity Aq 1yr
542,Nightsaver,34,11,5,72,11.12,6.22,0,,,EoN(2014-01-14) Electricity Aq 1yr
542,Nightsaver,34,11,8,72,11.5,6.04,0,,,EoN(2014-01-14) Electricity Aq 1yr
106,Nightsaver,37,11,7,72,11.44,6.11,0,,,EoN(2014-01-14) Electricity Aq 1yr
106,Nightsaver,37,11,6,72,11.3,6.19,0,,,EoN(2014-01-14) Electricity Aq 1yr
106,Nightsaver,37,11,5,72,11.12,6.22,0,,,EoN(2014-01-14) Electricity Aq 1yr
106,Nightsaver,37,11,8,72,11.5,6.04,0,,,EoN(2014-01-14) Electricity Aq 1yr
106,Nightsaver,7,11,7,72,11.44,6.11,0,,,EoN(2014-01-14) Electricity Aq 1yr
106,Nightsaver,7,11,6,72,11.3,6.19,0,,,EoN(2014-01-14) Electricity Aq 1yr
106,Nightsaver,7,11,5,72,11.12,6.22,0,,,EoN(2014-01-14) Electricity Aq 1yr
106,Nightsaver,7,11,8,72,11.5,6.04,0,,,EoN(2014-01-14) Electricity Aq 1yr
106,Nightsaver,3,11,7,72,11.44,6.11,0,,,EoN(2014-01-14) Electricity Aq 1yr
106,Nightsaver,3,11,6,72,11.3,6.19,0,,,EoN(2014-01-14) Electricity Aq 1yr
106,Nightsaver,3,11,5,72,11.12,6.22,0,,,EoN(2014-01-14) Electricity Aq 1yr
106,Nightsaver,3,11,8,72,11.5,6.04,0,,,EoN(2014-01-14) Electricity Aq 1yr
542,Nightsaver,14,11,7,72,11.44,6.11,0,,,EoN(2014-01-14) Electricity Aq 1yr
542,Nightsaver,14,11,6,72,11.3,6.19,0,,,EoN(2014-01-14) Electricity Aq 1yr
542,Nightsaver,14,11,5,72,11.12,6.22,0,,,EoN(2014-01-14) Electricity Aq 1yr
542,Nightsaver,14,11,8,72,11.5,6.04,0,,,EoN(2014-01-14) Electricity Aq 1yr
542,Nightsaver,27,11,7,72,11.44,6.11,0,,,EoN(2014-01-14) Electricity Aq 1yr
542,Nightsaver,27,11,6,72,11.3,6.19,0,,,EoN(2014-01-14) Electricity Aq 1yr
542,Nightsaver,27,11,5,72,11.12,6.22,0,,,EoN(2014-01-14) Electricity Aq 1yr
542,Nightsaver,27,11,8,72,11.5,6.04,0,,,EoN(2014-01-14) Electricity Aq 1yr
542,Nightsaver,113,11,7,72,11.44,6.11,0,,,EoN(2014-01-14) Electricity Aq 1yr
542,Nightsaver,113,11,6,72,11.3,6.19,0,,,EoN(2014-01-14) Electricity Aq 1yr
542,Nightsaver,113,11,5,72,11.12,6.22,0,,,EoN(2014-01-14) Electricity Aq 1yr
542,Nightsaver,113,11,8,72,11.5,6.04,0,,,EoN(2014-01-14) Electricity Aq 1yr
106,Nightsaver,1,11,7,72,11.44,6.11,0,,,EoN(2014-01-14) Electricity Aq 1yr
106,Nightsaver,1,11,6,72,11.3,6.19,0,,,EoN(2014-01-14) Electricity Aq 1yr
106,Nightsaver,1,11,5,72,11.12,6.22,0,,,EoN(2014-01-14) Electricity Aq 1yr
106,Nightsaver,1,11,8,72,11.5,6.04,0,,,EoN(2014-01-14) Electricity Aq 1yr
542,Nightsaver,23,11,7,72,11.44,6.11,0,,,EoN(2014-01-14) Electricity Aq 1yr
542,Nightsaver,23,11,6,72,11.3,6.19,0,,,EoN(2014-01-14) Electricity Aq 1yr
542,Nightsaver,23,11,5,72,11.12,6.22,0,,,EoN(2014-01-14) Electricity Aq 1yr
542,Nightsaver,23,11,8,72,11.5,6.04,0,,,EoN(2014-01-14) Electricity Aq 1yr
542,Nightsaver,21,11,7,72,11.44,6.11,0,,,EoN(2014-01-14) Electricity Aq 1yr
542,Nightsaver,21,11,6,72,11.3,6.19,0,,,EoN(2014-01-14) Electricity Aq 1yr
542,Nightsaver,21,11,5,72,11.12,6.22,0,,,EoN(2014-01-14) Electricity Aq 1yr
542,Nightsaver,21,11,8,72,11.5,6.04,0,,,EoN(2014-01-14) Electricity Aq 1yr
146,Nightsaver,7,11,7,72,11.44,6.11,0,,,EoN(2014-01-14) Electricity Aq 1yr
146,Nightsaver,7,11,6,72,11.3,6.19,0,,,EoN(2014-01-14) Electricity Aq 1yr
146,Nightsaver,7,11,5,72,11.12,6.22,0,,,EoN(2014-01-14) Electricity Aq 1yr
146,Nightsaver,7,11,8,72,11.5,6.04,0,,,EoN(2014-01-14) Electricity Aq 1yr
542,Nightsaver,19,11,7,72,11.44,6.11,0,,,EoN(2014-01-14) Electricity Aq 1yr
542,Nightsaver,19,11,6,72,11.3,6.19,0,,,EoN(2014-01-14) Electricity Aq 1yr
542,Nightsaver,19,11,5,72,11.12,6.22,0,,,EoN(2014-01-14) Electricity Aq 1yr
542,Nightsaver,19,11,8,72,11.5,6.04,0,,,EoN(2014-01-14) Electricity Aq 1yr
542,Nightsaver,17,11,7,72,11.44,6.11,0,,,EoN(2014-01-14) Electricity Aq 1yr
542,Nightsaver,17,11,6,72,11.3,6.19,0,,,EoN(2014-01-14) Electricity Aq 1yr
542,Nightsaver,17,11,5,72,11.12,6.22,0,,,EoN(2014-01-14) Electricity Aq 1yr
542,Nightsaver,17,11,8,72,11.5,6.04,0,,,EoN(2014-01-14) Electricity Aq 1yr
613,Nightsaver,3,11,7,72,11.44,6.11,0,,,EoN(2014-01-14) Electricity Aq 1yr
613,Nightsaver,3,11,6,72,11.3,6.19,0,,,EoN(2014-01-14) Electricity Aq 1yr
613,Nightsaver,3,11,5,72,11.12,6.22,0,,,EoN(2014-01-14) Electricity Aq 1yr
613,Nightsaver,3,11,8,72,11.5,6.04,0,,,EoN(2014-01-14) Electricity Aq 1yr
613,Nightsaver,2,11,7,72,11.44,6.11,0,,,EoN(2014-01-14) Electricity Aq 1yr
613,Nightsaver,2,11,6,72,11.3,6.19,0,,,EoN(2014-01-14) Electricity Aq 1yr
613,Nightsaver,2,11,5,72,11.12,6.22,0,,,EoN(2014-01-14) Electricity Aq 1yr
613,Nightsaver,2,11,8,72,11.5,6.04,0,,,EoN(2014-01-14) Electricity Aq 1yr
542,Nightsaver,29,11,7,72,11.44,6.11,0,,,EoN(2014-01-14) Electricity Aq 1yr
542,Nightsaver,29,11,6,72,11.3,6.19,0,,,EoN(2014-01-14) Electricity Aq 1yr
542,Nightsaver,29,11,5,72,11.12,6.22,0,,,EoN(2014-01-14) Electricity Aq 1yr
542,Nightsaver,29,11,8,72,11.5,6.04,0,,,EoN(2014-01-14) Electricity Aq 1yr
831,Nightsaver,37,11,7,72,11.44,6.11,0,,,EoN(2014-01-14) Electricity Aq 1yr
831,Nightsaver,37,11,6,72,11.3,6.19,0,,,EoN(2014-01-14) Electricity Aq 1yr
831,Nightsaver,37,11,5,72,11.12,6.22,0,,,EoN(2014-01-14) Electricity Aq 1yr
831,Nightsaver,37,11,8,72,11.5,6.04,0,,,EoN(2014-01-14) Electricity Aq 1yr
830,Nightsaver,19,11,7,72,11.44,6.11,0,,,EoN(2014-01-14) Electricity Aq 1yr
830,Nightsaver,19,11,6,72,11.3,6.19,0,,,EoN(2014-01-14) Electricity Aq 1yr
830,Nightsaver,19,11,5,72,11.12,6.22,0,,,EoN(2014-01-14) Electricity Aq 1yr
830,Nightsaver,19,11,8,72,11.5,6.04,0,,,EoN(2014-01-14) Electricity Aq 1yr
830,Nightsaver,37,11,7,72,11.44,6.11,0,,,EoN(2014-01-14) Electricity Aq 1yr
830,Nightsaver,37,11,6,72,11.3,6.19,0,,,EoN(2014-01-14) Electricity Aq 1yr
830,Nightsaver,37,11,5,72,11.12,6.22,0,,,EoN(2014-01-14) Electricity Aq 1yr
830,Nightsaver,37,11,8,72,11.5,6.04,0,,,EoN(2014-01-14) Electricity Aq 1yr
830,Nightsaver,37,11,7,72,11.44,6.11,0,,,EoN(2014-01-14) Electricity Aq 1yr
830,Nightsaver,37,11,6,72,11.3,6.19,0,,,EoN(2014-01-14) Electricity Aq 1yr
830,Nightsaver,37,11,5,72,11.12,6.22,0,,,EoN(2014-01-14) Electricity Aq 1yr
830,Nightsaver,37,11,8,72,11.5,6.04,0,,,EoN(2014-01-14) Electricity Aq 1yr
830,Nightsaver,40,11,7,72,11.44,6.11,0,,,EoN(2014-01-14) Electricity Aq 1yr
830,Nightsaver,40,11,6,72,11.3,6.19,0,,,EoN(2014-01-14) Electricity Aq 1yr
830,Nightsaver,40,11,5,72,11.12,6.22,0,,,EoN(2014-01-14) Electricity Aq 1yr
830,Nightsaver,40,11,8,72,11.5,6.04,0,,,EoN(2014-01-14) Electricity Aq 1yr
830,Nightsaver,52,11,7,72,11.44,6.11,0,,,EoN(2014-01-14) Electricity Aq 1yr
830,Nightsaver,52,11,6,72,11.3,6.19,0,,,EoN(2014-01-14) Electricity Aq 1yr
830,Nightsaver,52,11,5,72,11.12,6.22,0,,,EoN(2014-01-14) Electricity Aq 1yr
830,Nightsaver,52,11,8,72,11.5,6.04,0,,,EoN(2014-01-14) Electricity Aq 1yr
831,Nightsaver,1,11,7,72,11.44,6.11,0,,,EoN(2014-01-14) Electricity Aq 1yr
831,Nightsaver,1,11,6,72,11.3,6.19,0,,,EoN(2014-01-14) Electricity Aq 1yr
831,Nightsaver,1,11,5,72,11.12,6.22,0,,,EoN(2014-01-14) Electricity Aq 1yr
831,Nightsaver,1,11,8,72,11.5,6.04,0,,,EoN(2014-01-14) Electricity Aq 1yr
831,Nightsaver,3,11,7,72,11.44,6.11,0,,,EoN(2014-01-14) Electricity Aq 1yr
831,Nightsaver,3,11,6,72,11.3,6.19,0,,,EoN(2014-01-14) Electricity Aq 1yr
831,Nightsaver,3,11,5,72,11.12,6.22,0,,,EoN(2014-01-14) Electricity Aq 1yr
831,Nightsaver,3,11,8,72,11.5,6.04,0,,,EoN(2014-01-14) Electricity Aq 1yr
831,Nightsaver,13,11,7,72,11.44,6.11,0,,,EoN(2014-01-14) Electricity Aq 1yr
831,Nightsaver,13,11,6,72,11.3,6.19,0,,,EoN(2014-01-14) Electricity Aq 1yr
831,Nightsaver,13,11,5,72,11.12,6.22,0,,,EoN(2014-01-14) Electricity Aq 1yr
831,Nightsaver,13,11,8,72,11.5,6.04,0,,,EoN(2014-01-14) Electricity Aq 1yr
831,Nightsaver,16,11,7,72,11.44,6.11,0,,,EoN(2014-01-14) Electricity Aq 1yr
831,Nightsaver,16,11,6,72,11.3,6.19,0,,,EoN(2014-01-14) Electricity Aq 1yr
831,Nightsaver,16,11,5,72,11.12,6.22,0,,,EoN(2014-01-14) Electricity Aq 1yr
831,Nightsaver,16,11,8,72,11.5,6.04,0,,,EoN(2014-01-14) Electricity Aq 1yr
830,Nightsaver,16,11,7,72,11.44,6.11,0,,,EoN(2014-01-14) Electricity Aq 1yr
830,Nightsaver,16,11,6,72,11.3,6.19,0,,,EoN(2014-01-14) Electricity Aq 1yr
830,Nightsaver,16,11,5,72,11.12,6.22,0,,,EoN(2014-01-14) Electricity Aq 1yr
830,Nightsaver,16,11,8,72,11.5,6.04,0,,,EoN(2014-01-14) Electricity Aq 1yr
831,Nightsaver,37,11,7,72,11.44,6.11,0,,,EoN(2014-01-14) Electricity Aq 1yr
831,Nightsaver,37,11,6,72,11.3,6.19,0,,,EoN(2014-01-14) Electricity Aq 1yr
831,Nightsaver,37,11,5,72,11.12,6.22,0,,,EoN(2014-01-14) Electricity Aq 1yr
831,Nightsaver,37,11,8,72,11.5,6.04,0,,,EoN(2014-01-14) Electricity Aq 1yr
830,Nightsaver,13,11,7,72,11.44,6.11,0,,,EoN(2014-01-14) Electricity Aq 1yr
830,Nightsaver,13,11,6,72,11.3,6.19,0,,,EoN(2014-01-14) Electricity Aq 1yr
830,Nightsaver,13,11,5,72,11.12,6.22,0,,,EoN(2014-01-14) Electricity Aq 1yr
830,Nightsaver,13,11,8,72,11.5,6.04,0,,,EoN(2014-01-14) Electricity Aq 1yr
831,Nightsaver,40,11,7,72,11.44,6.11,0,,,EoN(2014-01-14) Electricity Aq 1yr
831,Nightsaver,40,11,6,72,11.3,6.19,0,,,EoN(2014-01-14) Electricity Aq 1yr
831,Nightsaver,40,11,5,72,11.12,6.22,0,,,EoN(2014-01-14) Electricity Aq 1yr
831,Nightsaver,40,11,8,72,11.5,6.04,0,,,EoN(2014-01-14) Electricity Aq 1yr
831,Nightsaver,52,11,7,72,11.44,6.11,0,,,EoN(2014-01-14) Electricity Aq 1yr
831,Nightsaver,52,11,6,72,11.3,6.19,0,,,EoN(2014-01-14) Electricity Aq 1yr
831,Nightsaver,52,11,5,72,11.12,6.22,0,,,EoN(2014-01-14) Electricity Aq 1yr
831,Nightsaver,52,11,8,72,11.5,6.04,0,,,EoN(2014-01-14) Electricity Aq 1yr
831,Nightsaver,101,11,7,72,11.44,6.11,0,,,EoN(2014-01-14) Electricity Aq 1yr
831,Nightsaver,101,11,6,72,11.3,6.19,0,,,EoN(2014-01-14) Electricity Aq 1yr
831,Nightsaver,101,11,5,72,11.12,6.22,0,,,EoN(2014-01-14) Electricity Aq 1yr
831,Nightsaver,101,11,8,72,11.5,6.04,0,,,EoN(2014-01-14) Electricity Aq 1yr
831,Nightsaver,103,11,7,72,11.44,6.11,0,,,EoN(2014-01-14) Electricity Aq 1yr
831,Nightsaver,103,11,6,72,11.3,6.19,0,,,EoN(2014-01-14) Electricity Aq 1yr
831,Nightsaver,103,11,5,72,11.12,6.22,0,,,EoN(2014-01-14) Electricity Aq 1yr
831,Nightsaver,103,11,8,72,11.5,6.04,0,,,EoN(2014-01-14) Electricity Aq 1yr
831,Nightsaver,113,11,7,72,11.44,6.11,0,,,EoN(2014-01-14) Electricity Aq 1yr
831,Nightsaver,113,11,6,72,11.3,6.19,0,,,EoN(2014-01-14) Electricity Aq 1yr
831,Nightsaver,113,11,5,72,11.12,6.22,0,,,EoN(2014-01-14) Electricity Aq 1yr
831,Nightsaver,113,11,8,72,11.5,6.04,0,,,EoN(2014-01-14) Electricity Aq 1yr
831,Nightsaver,116,11,7,72,11.44,6.11,0,,,EoN(2014-01-14) Electricity Aq 1yr
831,Nightsaver,116,11,6,72,11.3,6.19,0,,,EoN(2014-01-14) Electricity Aq 1yr
831,Nightsaver,116,11,5,72,11.12,6.22,0,,,EoN(2014-01-14) Electricity Aq 1yr
831,Nightsaver,116,11,8,72,11.5,6.04,0,,,EoN(2014-01-14) Electricity Aq 1yr
831,Nightsaver,119,11,7,72,11.44,6.11,0,,,EoN(2014-01-14) Electricity Aq 1yr
831,Nightsaver,119,11,6,72,11.3,6.19,0,,,EoN(2014-01-14) Electricity Aq 1yr
831,Nightsaver,119,11,5,72,11.12,6.22,0,,,EoN(2014-01-14) Electricity Aq 1yr
831,Nightsaver,119,11,8,72,11.5,6.04,0,,,EoN(2014-01-14) Electricity Aq 1yr
831,Nightsaver,137,11,7,72,11.44,6.11,0,,,EoN(2014-01-14) Electricity Aq 1yr
831,Nightsaver,137,11,6,72,11.3,6.19,0,,,EoN(2014-01-14) Electricity Aq 1yr
831,Nightsaver,137,11,5,72,11.12,6.22,0,,,EoN(2014-01-14) Electricity Aq 1yr
831,Nightsaver,137,11,8,72,11.5,6.04,0,,,EoN(2014-01-14) Electricity Aq 1yr
831,Nightsaver,140,11,7,72,11.44,6.11,0,,,EoN(2014-01-14) Electricity Aq 1yr
831,Nightsaver,140,11,6,72,11.3,6.19,0,,,EoN(2014-01-14) Electricity Aq 1yr
831,Nightsaver,140,11,5,72,11.12,6.22,0,,,EoN(2014-01-14) Electricity Aq 1yr
831,Nightsaver,140,11,8,72,11.5,6.04,0,,,EoN(2014-01-14) Electricity Aq 1yr
831,Nightsaver,19,11,7,72,11.44,6.11,0,,,EoN(2014-01-14) Electricity Aq 1yr
831,Nightsaver,19,11,6,72,11.3,6.19,0,,,EoN(2014-01-14) Electricity Aq 1yr
831,Nightsaver,19,11,5,72,11.12,6.22,0,,,EoN(2014-01-14) Electricity Aq 1yr
831,Nightsaver,19,11,8,72,11.5,6.04,0,,,EoN(2014-01-14) Electricity Aq 1yr
830,Nightsaver,1,11,7,72,11.44,6.11,0,,,EoN(2014-01-14) Electricity Aq 1yr
830,Nightsaver,1,11,6,72,11.3,6.19,0,,,EoN(2014-01-14) Electricity Aq 1yr
830,Nightsaver,1,11,5,72,11.12,6.22,0,,,EoN(2014-01-14) Electricity Aq 1yr
830,Nightsaver,1,11,8,72,11.5,6.04,0,,,EoN(2014-01-14) Electricity Aq 1yr
830,Nightsaver,140,11,7,72,11.44,6.11,0,,,EoN(2014-01-14) Electricity Aq 1yr
830,Nightsaver,140,11,6,72,11.3,6.19,0,,,EoN(2014-01-14) Electricity Aq 1yr
830,Nightsaver,140,11,5,72,11.12,6.22,0,,,EoN(2014-01-14) Electricity Aq 1yr
830,Nightsaver,140,11,8,72,11.5,6.04,0,,,EoN(2014-01-14) Electricity Aq 1yr
830,Nightsaver,152,11,7,72,11.44,6.11,0,,,EoN(2014-01-14) Electricity Aq 1yr
830,Nightsaver,152,11,6,72,11.3,6.19,0,,,EoN(2014-01-14) Electricity Aq 1yr
830,Nightsaver,152,11,5,72,11.12,6.22,0,,,EoN(2014-01-14) Electricity Aq 1yr
830,Nightsaver,152,11,8,72,11.5,6.04,0,,,EoN(2014-01-14) Electricity Aq 1yr
830,Nightsaver,119,11,7,72,11.44,6.11,0,,,EoN(2014-01-14) Electricity Aq 1yr
830,Nightsaver,119,11,6,72,11.3,6.19,0,,,EoN(2014-01-14) Electricity Aq 1yr
830,Nightsaver,119,11,5,72,11.12,6.22,0,,,EoN(2014-01-14) Electricity Aq 1yr
830,Nightsaver,119,11,8,72,11.5,6.04,0,,,EoN(2014-01-14) Electricity Aq 1yr
830,Nightsaver,116,11,7,72,11.44,6.11,0,,,EoN(2014-01-14) Electricity Aq 1yr
830,Nightsaver,116,11,6,72,11.3,6.19,0,,,EoN(2014-01-14) Electricity Aq 1yr
830,Nightsaver,116,11,5,72,11.12,6.22,0,,,EoN(2014-01-14) Electricity Aq 1yr
830,Nightsaver,116,11,8,72,11.5,6.04,0,,,EoN(2014-01-14) Electricity Aq 1yr
830,Nightsaver,113,11,7,72,11.44,6.11,0,,,EoN(2014-01-14) Electricity Aq 1yr
830,Nightsaver,113,11,6,72,11.3,6.19,0,,,EoN(2014-01-14) Electricity Aq 1yr
830,Nightsaver,113,11,5,72,11.12,6.22,0,,,EoN(2014-01-14) Electricity Aq 1yr
830,Nightsaver,113,11,8,72,11.5,6.04,0,,,EoN(2014-01-14) Electricity Aq 1yr
830,Nightsaver,103,11,7,72,11.44,6.11,0,,,EoN(2014-01-14) Electricity Aq 1yr
830,Nightsaver,103,11,6,72,11.3,6.19,0,,,EoN(2014-01-14) Electricity Aq 1yr
830,Nightsaver,103,11,5,72,11.12,6.22,0,,,EoN(2014-01-14) Electricity Aq 1yr
830,Nightsaver,103,11,8,72,11.5,6.04,0,,,EoN(2014-01-14) Electricity Aq 1yr
830,Nightsaver,137,11,7,72,11.44,6.11,0,,,EoN(2014-01-14) Electricity Aq 1yr
830,Nightsaver,137,11,6,72,11.3,6.19,0,,,EoN(2014-01-14) Electricity Aq 1yr
830,Nightsaver,137,11,5,72,11.12,6.22,0,,,EoN(2014-01-14) Electricity Aq 1yr
830,Nightsaver,137,11,8,72,11.5,6.04,0,,,EoN(2014-01-14) Electricity Aq 1yr
830,Nightsaver,3,11,7,72,11.44,6.11,0,,,EoN(2014-01-14) Electricity Aq 1yr
830,Nightsaver,3,11,6,72,11.3,6.19,0,,,EoN(2014-01-14) Electricity Aq 1yr
830,Nightsaver,3,11,5,72,11.12,6.22,0,,,EoN(2014-01-14) Electricity Aq 1yr
830,Nightsaver,3,11,8,72,11.5,6.04,0,,,EoN(2014-01-14) Electricity Aq 1yr
831,Nightsaver,152,11,7,72,11.44,6.11,0,,,EoN(2014-01-14) Electricity Aq 1yr
831,Nightsaver,152,11,6,72,11.3,6.19,0,,,EoN(2014-01-14) Electricity Aq 1yr
831,Nightsaver,152,11,5,72,11.12,6.22,0,,,EoN(2014-01-14) Electricity Aq 1yr
831,Nightsaver,152,11,8,72,11.5,6.04,0,,,EoN(2014-01-14) Electricity Aq 1yr
830,Nightsaver,101,11,7,72,11.44,6.11,0,,,EoN(2014-01-14) Electricity Aq 1yr
830,Nightsaver,101,11,6,72,11.3,6.19,0,,,EoN(2014-01-14) Electricity Aq 1yr
830,Nightsaver,101,11,5,72,11.12,6.22,0,,,EoN(2014-01-14) Electricity Aq 1yr
830,Nightsaver,101,11,8,72,11.5,6.04,0,,,EoN(2014-01-14) Electricity Aq 1yr
524,Nightsaver,81,11,7,72,11.44,6.11,0,,,EoN(2014-01-14) Electricity Aq 1yr
524,Nightsaver,81,11,6,72,11.3,6.19,0,,,EoN(2014-01-14) Electricity Aq 1yr
524,Nightsaver,81,11,5,72,11.12,6.22,0,,,EoN(2014-01-14) Electricity Aq 1yr
524,Nightsaver,81,11,8,72,11.5,6.04,0,,,EoN(2014-01-14) Electricity Aq 1yr
536,Nightsaver,171,11,7,72,11.44,6.11,0,,,EoN(2014-01-14) Electricity Aq 1yr
536,Nightsaver,171,11,6,72,11.3,6.19,0,,,EoN(2014-01-14) Electricity Aq 1yr
536,Nightsaver,171,11,5,72,11.12,6.22,0,,,EoN(2014-01-14) Electricity Aq 1yr
536,Nightsaver,171,11,8,72,11.5,6.04,0,,,EoN(2014-01-14) Electricity Aq 1yr
536,Nightsaver,56,11,7,72,11.44,6.11,0,,,EoN(2014-01-14) Electricity Aq 1yr
536,Nightsaver,56,11,6,72,11.3,6.19,0,,,EoN(2014-01-14) Electricity Aq 1yr
536,Nightsaver,56,11,5,72,11.12,6.22,0,,,EoN(2014-01-14) Electricity Aq 1yr
536,Nightsaver,56,11,8,72,11.5,6.04,0,,,EoN(2014-01-14) Electricity Aq 1yr
536,Nightsaver,81,11,7,72,11.44,6.11,0,,,EoN(2014-01-14) Electricity Aq 1yr
536,Nightsaver,81,11,6,72,11.3,6.19,0,,,EoN(2014-01-14) Electricity Aq 1yr
536,Nightsaver,81,11,5,72,11.12,6.22,0,,,EoN(2014-01-14) Electricity Aq 1yr
536,Nightsaver,81,11,8,72,11.5,6.04,0,,,EoN(2014-01-14) Electricity Aq 1yr
536,Nightsaver,82,11,7,72,11.44,6.11,0,,,EoN(2014-01-14) Electricity Aq 1yr
536,Nightsaver,82,11,6,72,11.3,6.19,0,,,EoN(2014-01-14) Electricity Aq 1yr
536,Nightsaver,82,11,5,72,11.12,6.22,0,,,EoN(2014-01-14) Electricity Aq 1yr
536,Nightsaver,82,11,8,72,11.5,6.04,0,,,EoN(2014-01-14) Electricity Aq 1yr
536,Nightsaver,90,11,7,72,11.44,6.11,0,,,EoN(2014-01-14) Electricity Aq 1yr
536,Nightsaver,90,11,6,72,11.3,6.19,0,,,EoN(2014-01-14) Electricity Aq 1yr
536,Nightsaver,90,11,5,72,11.12,6.22,0,,,EoN(2014-01-14) Electricity Aq 1yr
536,Nightsaver,90,11,8,72,11.5,6.04,0,,,EoN(2014-01-14) Electricity Aq 1yr
536,Nightsaver,903,11,7,72,11.44,6.11,0,,,EoN(2014-01-14) Electricity Aq 1yr
536,Nightsaver,903,11,6,72,11.3,6.19,0,,,EoN(2014-01-14) Electricity Aq 1yr
536,Nightsaver,903,11,5,72,11.12,6.22,0,,,EoN(2014-01-14) Electricity Aq 1yr
536,Nightsaver,903,11,8,72,11.5,6.04,0,,,EoN(2014-01-14) Electricity Aq 1yr
536,Nightsaver,94,11,7,72,11.44,6.11,0,,,EoN(2014-01-14) Electricity Aq 1yr
536,Nightsaver,94,11,6,72,11.3,6.19,0,,,EoN(2014-01-14) Electricity Aq 1yr
536,Nightsaver,94,11,5,72,11.12,6.22,0,,,EoN(2014-01-14) Electricity Aq 1yr
536,Nightsaver,94,11,8,72,11.5,6.04,0,,,EoN(2014-01-14) Electricity Aq 1yr
536,Nightsaver,113,11,7,72,11.44,6.11,0,,,EoN(2014-01-14) Electricity Aq 1yr
536,Nightsaver,113,11,6,72,11.3,6.19,0,,,EoN(2014-01-14) Electricity Aq 1yr
536,Nightsaver,113,11,5,72,11.12,6.22,0,,,EoN(2014-01-14) Electricity Aq 1yr
536,Nightsaver,113,11,8,72,11.5,6.04,0,,,EoN(2014-01-14) Electricity Aq 1yr
536,Nightsaver,134,11,7,72,11.44,6.11,0,,,EoN(2014-01-14) Electricity Aq 1yr
536,Nightsaver,134,11,6,72,11.3,6.19,0,,,EoN(2014-01-14) Electricity Aq 1yr
536,Nightsaver,134,11,5,72,11.12,6.22,0,,,EoN(2014-01-14) Electricity Aq 1yr
536,Nightsaver,134,11,8,72,11.5,6.04,0,,,EoN(2014-01-14) Electricity Aq 1yr
536,Nightsaver,161,11,7,72,11.44,6.11,0,,,EoN(2014-01-14) Electricity Aq 1yr
536,Nightsaver,161,11,6,72,11.3,6.19,0,,,EoN(2014-01-14) Electricity Aq 1yr
536,Nightsaver,161,11,5,72,11.12,6.22,0,,,EoN(2014-01-14) Electricity Aq 1yr
536,Nightsaver,161,11,8,72,11.5,6.04,0,,,EoN(2014-01-14) Electricity Aq 1yr
524,Nightsaver,12,11,7,72,11.44,6.11,0,,,EoN(2014-01-14) Electricity Aq 1yr
524,Nightsaver,12,11,6,72,11.3,6.19,0,,,EoN(2014-01-14) Electricity Aq 1yr
524,Nightsaver,12,11,5,72,11.12,6.22,0,,,EoN(2014-01-14) Electricity Aq 1yr
524,Nightsaver,12,11,8,72,11.5,6.04,0,,,EoN(2014-01-14) Electricity Aq 1yr
524,Nightsaver,82,11,7,72,11.44,6.11,0,,,EoN(2014-01-14) Electricity Aq 1yr
524,Nightsaver,82,11,6,72,11.3,6.19,0,,,EoN(2014-01-14) Electricity Aq 1yr
524,Nightsaver,82,11,5,72,11.12,6.22,0,,,EoN(2014-01-14) Electricity Aq 1yr
524,Nightsaver,82,11,8,72,11.5,6.04,0,,,EoN(2014-01-14) Electricity Aq 1yr
524,Nightsaver,13,11,7,72,11.44,6.11,0,,,EoN(2014-01-14) Electricity Aq 1yr
524,Nightsaver,13,11,6,72,11.3,6.19,0,,,EoN(2014-01-14) Electricity Aq 1yr
524,Nightsaver,13,11,5,72,11.12,6.22,0,,,EoN(2014-01-14) Electricity Aq 1yr
524,Nightsaver,13,11,8,72,11.5,6.04,0,,,EoN(2014-01-14) Electricity Aq 1yr
524,Nightsaver,14,11,7,72,11.44,6.11,0,,,EoN(2014-01-14) Electricity Aq 1yr
524,Nightsaver,14,11,6,72,11.3,6.19,0,,,EoN(2014-01-14) Electricity Aq 1yr
524,Nightsaver,14,11,5,72,11.12,6.22,0,,,EoN(2014-01-14) Electricity Aq 1yr
524,Nightsaver,14,11,8,72,11.5,6.04,0,,,EoN(2014-01-14) Electricity Aq 1yr
524,Nightsaver,15,11,7,72,11.44,6.11,0,,,EoN(2014-01-14) Electricity Aq 1yr
524,Nightsaver,15,11,6,72,11.3,6.19,0,,,EoN(2014-01-14) Electricity Aq 1yr
524,Nightsaver,15,11,5,72,11.12,6.22,0,,,EoN(2014-01-14) Electricity Aq 1yr
524,Nightsaver,15,11,8,72,11.5,6.04,0,,,EoN(2014-01-14) Electricity Aq 1yr
524,Nightsaver,17,11,7,72,11.44,6.11,0,,,EoN(2014-01-14) Electricity Aq 1yr
524,Nightsaver,17,11,6,72,11.3,6.19,0,,,EoN(2014-01-14) Electricity Aq 1yr
524,Nightsaver,17,11,5,72,11.12,6.22,0,,,EoN(2014-01-14) Electricity Aq 1yr
524,Nightsaver,17,11,8,72,11.5,6.04,0,,,EoN(2014-01-14) Electricity Aq 1yr
524,Nightsaver,34,11,7,72,11.44,6.11,0,,,EoN(2014-01-14) Electricity Aq 1yr
524,Nightsaver,34,11,6,72,11.3,6.19,0,,,EoN(2014-01-14) Electricity Aq 1yr
524,Nightsaver,34,11,5,72,11.12,6.22,0,,,EoN(2014-01-14) Electricity Aq 1yr
524,Nightsaver,34,11,8,72,11.5,6.04,0,,,EoN(2014-01-14) Electricity Aq 1yr
536,Nightsaver,162,11,7,72,11.44,6.11,0,,,EoN(2014-01-14) Electricity Aq 1yr
536,Nightsaver,162,11,6,72,11.3,6.19,0,,,EoN(2014-01-14) Electricity Aq 1yr
536,Nightsaver,162,11,5,72,11.12,6.22,0,,,EoN(2014-01-14) Electricity Aq 1yr
536,Nightsaver,162,11,8,72,11.5,6.04,0,,,EoN(2014-01-14) Electricity Aq 1yr
524,Nightsaver,56,11,7,72,11.44,6.11,0,,,EoN(2014-01-14) Electricity Aq 1yr
524,Nightsaver,56,11,6,72,11.3,6.19,0,,,EoN(2014-01-14) Electricity Aq 1yr
524,Nightsaver,56,11,5,72,11.12,6.22,0,,,EoN(2014-01-14) Electricity Aq 1yr
524,Nightsaver,56,11,8,72,11.5,6.04,0,,,EoN(2014-01-14) Electricity Aq 1yr
536,Nightsaver,170,11,7,72,11.44,6.11,0,,,EoN(2014-01-14) Electricity Aq 1yr
536,Nightsaver,170,11,6,72,11.3,6.19,0,,,EoN(2014-01-14) Electricity Aq 1yr
536,Nightsaver,170,11,5,72,11.12,6.22,0,,,EoN(2014-01-14) Electricity Aq 1yr
536,Nightsaver,170,11,8,72,11.5,6.04,0,,,EoN(2014-01-14) Electricity Aq 1yr
524,Nightsaver,90,11,7,72,11.44,6.11,0,,,EoN(2014-01-14) Electricity Aq 1yr
524,Nightsaver,90,11,6,72,11.3,6.19,0,,,EoN(2014-01-14) Electricity Aq 1yr
524,Nightsaver,90,11,5,72,11.12,6.22,0,,,EoN(2014-01-14) Electricity Aq 1yr
524,Nightsaver,90,11,8,72,11.5,6.04,0,,,EoN(2014-01-14) Electricity Aq 1yr
524,Nightsaver,91,11,7,72,11.44,6.11,0,,,EoN(2014-01-14) Electricity Aq 1yr
524,Nightsaver,91,11,6,72,11.3,6.19,0,,,EoN(2014-01-14) Electricity Aq 1yr
524,Nightsaver,91,11,5,72,11.12,6.22,0,,,EoN(2014-01-14) Electricity Aq 1yr
524,Nightsaver,91,11,8,72,11.5,6.04,0,,,EoN(2014-01-14) Electricity Aq 1yr
536,Nightsaver,902,11,7,72,11.44,6.11,0,,,EoN(2014-01-14) Electricity Aq 1yr
536,Nightsaver,902,11,6,72,11.3,6.19,0,,,EoN(2014-01-14) Electricity Aq 1yr
536,Nightsaver,902,11,5,72,11.12,6.22,0,,,EoN(2014-01-14) Electricity Aq 1yr
536,Nightsaver,902,11,8,72,11.5,6.04,0,,,EoN(2014-01-14) Electricity Aq 1yr
536,Nightsaver,176,11,7,72,11.44,6.11,0,,,EoN(2014-01-14) Electricity Aq 1yr
536,Nightsaver,176,11,6,72,11.3,6.19,0,,,EoN(2014-01-14) Electricity Aq 1yr
536,Nightsaver,176,11,5,72,11.12,6.22,0,,,EoN(2014-01-14) Electricity Aq 1yr
536,Nightsaver,176,11,8,72,11.5,6.04,0,,,EoN(2014-01-14) Electricity Aq 1yr
536,Nightsaver,174,11,7,72,11.44,6.11,0,,,EoN(2014-01-14) Electricity Aq 1yr
536,Nightsaver,174,11,6,72,11.3,6.19,0,,,EoN(2014-01-14) Electricity Aq 1yr
536,Nightsaver,174,11,5,72,11.12,6.22,0,,,EoN(2014-01-14) Electricity Aq 1yr
536,Nightsaver,174,11,8,72,11.5,6.04,0,,,EoN(2014-01-14) Electricity Aq 1yr
524,Nightsaver,55,11,7,72,11.44,6.11,0,,,EoN(2014-01-14) Electricity Aq 1yr
524,Nightsaver,55,11,6,72,11.3,6.19,0,,,EoN(2014-01-14) Electricity Aq 1yr
524,Nightsaver,55,11,5,72,11.12,6.22,0,,,EoN(2014-01-14) Electricity Aq 1yr
524,Nightsaver,55,11,8,72,11.5,6.04,0,,,EoN(2014-01-14) Electricity Aq 1yr
524,Nightsaver,914,11,7,72,11.44,6.11,0,,,EoN(2014-01-14) Electricity Aq 1yr
524,Nightsaver,914,11,6,72,11.3,6.19,0,,,EoN(2014-01-14) Electricity Aq 1yr
524,Nightsaver,914,11,5,72,11.12,6.22,0,,,EoN(2014-01-14) Electricity Aq 1yr
524,Nightsaver,914,11,8,72,11.5,6.04,0,,,EoN(2014-01-14) Electricity Aq 1yr
524,Nightsaver,161,11,7,72,11.44,6.11,0,,,EoN(2014-01-14) Electricity Aq 1yr
524,Nightsaver,161,11,6,72,11.3,6.19,0,,,EoN(2014-01-14) Electricity Aq 1yr
524,Nightsaver,161,11,5,72,11.12,6.22,0,,,EoN(2014-01-14) Electricity Aq 1yr
524,Nightsaver,161,11,8,72,11.5,6.04,0,,,EoN(2014-01-14) Electricity Aq 1yr
524,Nightsaver,162,11,7,72,11.44,6.11,0,,,EoN(2014-01-14) Electricity Aq 1yr
524,Nightsaver,162,11,6,72,11.3,6.19,0,,,EoN(2014-01-14) Electricity Aq 1yr
524,Nightsaver,162,11,5,72,11.12,6.22,0,,,EoN(2014-01-14) Electricity Aq 1yr
524,Nightsaver,162,11,8,72,11.5,6.04,0,,,EoN(2014-01-14) Electricity Aq 1yr
524,Nightsaver,170,11,7,72,11.44,6.11,0,,,EoN(2014-01-14) Electricity Aq 1yr
524,Nightsaver,170,11,6,72,11.3,6.19,0,,,EoN(2014-01-14) Electricity Aq 1yr
524,Nightsaver,170,11,5,72,11.12,6.22,0,,,EoN(2014-01-14) Electricity Aq 1yr
524,Nightsaver,170,11,8,72,11.5,6.04,0,,,EoN(2014-01-14) Electricity Aq 1yr
524,Nightsaver,171,11,7,72,11.44,6.11,0,,,EoN(2014-01-14) Electricity Aq 1yr
524,Nightsaver,171,11,6,72,11.3,6.19,0,,,EoN(2014-01-14) Electricity Aq 1yr
524,Nightsaver,171,11,5,72,11.12,6.22,0,,,EoN(2014-01-14) Electricity Aq 1yr
524,Nightsaver,171,11,8,72,11.5,6.04,0,,,EoN(2014-01-14) Electricity Aq 1yr
524,Nightsaver,113,11,7,72,11.44,6.11,0,,,EoN(2014-01-14) Electricity Aq 1yr
524,Nightsaver,113,11,6,72,11.3,6.19,0,,,EoN(2014-01-14) Electricity Aq 1yr
524,Nightsaver,113,11,5,72,11.12,6.22,0,,,EoN(2014-01-14) Electricity Aq 1yr
524,Nightsaver,113,11,8,72,11.5,6.04,0,,,EoN(2014-01-14) Electricity Aq 1yr
524,Nightsaver,915,11,7,72,11.44,6.11,0,,,EoN(2014-01-14) Electricity Aq 1yr
524,Nightsaver,915,11,6,72,11.3,6.19,0,,,EoN(2014-01-14) Electricity Aq 1yr
524,Nightsaver,915,11,5,72,11.12,6.22,0,,,EoN(2014-01-14) Electricity Aq 1yr
524,Nightsaver,915,11,8,72,11.5,6.04,0,,,EoN(2014-01-14) Electricity Aq 1yr
524,Nightsaver,96,11,7,72,11.44,6.11,0,,,EoN(2014-01-14) Electricity Aq 1yr
524,Nightsaver,96,11,6,72,11.3,6.19,0,,,EoN(2014-01-14) Electricity Aq 1yr
524,Nightsaver,96,11,5,72,11.12,6.22,0,,,EoN(2014-01-14) Electricity Aq 1yr
524,Nightsaver,96,11,8,72,11.5,6.04,0,,,EoN(2014-01-14) Electricity Aq 1yr
524,Nightsaver,912,11,7,72,11.44,6.11,0,,,EoN(2014-01-14) Electricity Aq 1yr
524,Nightsaver,912,11,6,72,11.3,6.19,0,,,EoN(2014-01-14) Electricity Aq 1yr
524,Nightsaver,912,11,5,72,11.12,6.22,0,,,EoN(2014-01-14) Electricity Aq 1yr
524,Nightsaver,912,11,8,72,11.5,6.04,0,,,EoN(2014-01-14) Electricity Aq 1yr
524,Nightsaver,908,11,7,72,11.44,6.11,0,,,EoN(2014-01-14) Electricity Aq 1yr
524,Nightsaver,908,11,6,72,11.3,6.19,0,,,EoN(2014-01-14) Electricity Aq 1yr
524,Nightsaver,908,11,5,72,11.12,6.22,0,,,EoN(2014-01-14) Electricity Aq 1yr
524,Nightsaver,908,11,8,72,11.5,6.04,0,,,EoN(2014-01-14) Electricity Aq 1yr
524,Nightsaver,907,11,7,72,11.44,6.11,0,,,EoN(2014-01-14) Electricity Aq 1yr
524,Nightsaver,907,11,6,72,11.3,6.19,0,,,EoN(2014-01-14) Electricity Aq 1yr
524,Nightsaver,907,11,5,72,11.12,6.22,0,,,EoN(2014-01-14) Electricity Aq 1yr
524,Nightsaver,907,11,8,72,11.5,6.04,0,,,EoN(2014-01-14) Electricity Aq 1yr
524,Nightsaver,903,11,7,72,11.44,6.11,0,,,EoN(2014-01-14) Electricity Aq 1yr
524,Nightsaver,903,11,6,72,11.3,6.19,0,,,EoN(2014-01-14) Electricity Aq 1yr
524,Nightsaver,903,11,5,72,11.12,6.22,0,,,EoN(2014-01-14) Electricity Aq 1yr
524,Nightsaver,903,11,8,72,11.5,6.04,0,,,EoN(2014-01-14) Electricity Aq 1yr
524,Nightsaver,902,11,7,72,11.44,6.11,0,,,EoN(2014-01-14) Electricity Aq 1yr
524,Nightsaver,902,11,6,72,11.3,6.19,0,,,EoN(2014-01-14) Electricity Aq 1yr
524,Nightsaver,902,11,5,72,11.12,6.22,0,,,EoN(2014-01-14) Electricity Aq 1yr
524,Nightsaver,902,11,8,72,11.5,6.04,0,,,EoN(2014-01-14) Electricity Aq 1yr
524,Nightsaver,176,11,7,72,11.44,6.11,0,,,EoN(2014-01-14) Electricity Aq 1yr
524,Nightsaver,176,11,6,72,11.3,6.19,0,,,EoN(2014-01-14) Electricity Aq 1yr
524,Nightsaver,176,11,5,72,11.12,6.22,0,,,EoN(2014-01-14) Electricity Aq 1yr
524,Nightsaver,176,11,8,72,11.5,6.04,0,,,EoN(2014-01-14) Electricity Aq 1yr
524,Nightsaver,174,11,7,72,11.44,6.11,0,,,EoN(2014-01-14) Electricity Aq 1yr
524,Nightsaver,174,11,6,72,11.3,6.19,0,,,EoN(2014-01-14) Electricity Aq 1yr
524,Nightsaver,174,11,5,72,11.12,6.22,0,,,EoN(2014-01-14) Electricity Aq 1yr
524,Nightsaver,174,11,8,72,11.5,6.04,0,,,EoN(2014-01-14) Electricity Aq 1yr
536,Nightsaver,34,11,7,72,11.44,6.11,0,,,EoN(2014-01-14) Electricity Aq 1yr
536,Nightsaver,34,11,6,72,11.3,6.19,0,,,EoN(2014-01-14) Electricity Aq 1yr
536,Nightsaver,34,11,5,72,11.12,6.22,0,,,EoN(2014-01-14) Electricity Aq 1yr
536,Nightsaver,34,11,8,72,11.5,6.04,0,,,EoN(2014-01-14) Electricity Aq 1yr
536,Nightsaver,96,11,7,72,11.44,6.11,0,,,EoN(2014-01-14) Electricity Aq 1yr
536,Nightsaver,96,11,6,72,11.3,6.19,0,,,EoN(2014-01-14) Electricity Aq 1yr
536,Nightsaver,96,11,5,72,11.12,6.22,0,,,EoN(2014-01-14) Electricity Aq 1yr
536,Nightsaver,96,11,8,72,11.5,6.04,0,,,EoN(2014-01-14) Electricity Aq 1yr
524,Nightsaver,134,11,7,72,11.44,6.11,0,,,EoN(2014-01-14) Electricity Aq 1yr
524,Nightsaver,134,11,6,72,11.3,6.19,0,,,EoN(2014-01-14) Electricity Aq 1yr
524,Nightsaver,134,11,5,72,11.12,6.22,0,,,EoN(2014-01-14) Electricity Aq 1yr
524,Nightsaver,134,11,8,72,11.5,6.04,0,,,EoN(2014-01-14) Electricity Aq 1yr
536,Nightsaver,55,11,7,72,11.44,6.11,0,,,EoN(2014-01-14) Electricity Aq 1yr
536,Nightsaver,55,11,6,72,11.3,6.19,0,,,EoN(2014-01-14) Electricity Aq 1yr
536,Nightsaver,55,11,5,72,11.12,6.22,0,,,EoN(2014-01-14) Electricity Aq 1yr
536,Nightsaver,55,11,8,72,11.5,6.04,0,,,EoN(2014-01-14) Electricity Aq 1yr
536,Nightsaver,17,11,7,72,11.44,6.11,0,,,EoN(2014-01-14) Electricity Aq 1yr
536,Nightsaver,17,11,6,72,11.3,6.19,0,,,EoN(2014-01-14) Electricity Aq 1yr
536,Nightsaver,17,11,5,72,11.12,6.22,0,,,EoN(2014-01-14) Electricity Aq 1yr
536,Nightsaver,17,11,8,72,11.5,6.04,0,,,EoN(2014-01-14) Electricity Aq 1yr
536,Nightsaver,15,11,7,72,11.44,6.11,0,,,EoN(2014-01-14) Electricity Aq 1yr
536,Nightsaver,15,11,6,72,11.3,6.19,0,,,EoN(2014-01-14) Electricity Aq 1yr
536,Nightsaver,15,11,5,72,11.12,6.22,0,,,EoN(2014-01-14) Electricity Aq 1yr
536,Nightsaver,15,11,8,72,11.5,6.04,0,,,EoN(2014-01-14) Electricity Aq 1yr
536,Nightsaver,14,11,7,72,11.44,6.11,0,,,EoN(2014-01-14) Electricity Aq 1yr
536,Nightsaver,14,11,6,72,11.3,6.19,0,,,EoN(2014-01-14) Electricity Aq 1yr
536,Nightsaver,14,11,5,72,11.12,6.22,0,,,EoN(2014-01-14) Electricity Aq 1yr
536,Nightsaver,14,11,8,72,11.5,6.04,0,,,EoN(2014-01-14) Electricity Aq 1yr
536,Nightsaver,13,11,7,72,11.44,6.11,0,,,EoN(2014-01-14) Electricity Aq 1yr
536,Nightsaver,13,11,6,72,11.3,6.19,0,,,EoN(2014-01-14) Electricity Aq 1yr
536,Nightsaver,13,11,5,72,11.12,6.22,0,,,EoN(2014-01-14) Electricity Aq 1yr
536,Nightsaver,13,11,8,72,11.5,6.04,0,,,EoN(2014-01-14) Electricity Aq 1yr
536,Nightsaver,12,11,7,72,11.44,6.11,0,,,EoN(2014-01-14) Electricity Aq 1yr
536,Nightsaver,12,11,6,72,11.3,6.19,0,,,EoN(2014-01-14) Electricity Aq 1yr
536,Nightsaver,12,11,5,72,11.12,6.22,0,,,EoN(2014-01-14) Electricity Aq 1yr
536,Nightsaver,12,11,8,72,11.5,6.04,0,,,EoN(2014-01-14) Electricity Aq 1yr
524,Nightsaver,94,11,7,72,11.44,6.11,0,,,EoN(2014-01-14) Electricity Aq 1yr
524,Nightsaver,94,11,6,72,11.3,6.19,0,,,EoN(2014-01-14) Electricity Aq 1yr
524,Nightsaver,94,11,5,72,11.12,6.22,0,,,EoN(2014-01-14) Electricity Aq 1yr
524,Nightsaver,94,11,8,72,11.5,6.04,0,,,EoN(2014-01-14) Electricity Aq 1yr
536,Nightsaver,907,11,7,72,11.44,6.11,0,,,EoN(2014-01-14) Electricity Aq 1yr
536,Nightsaver,907,11,6,72,11.3,6.19,0,,,EoN(2014-01-14) Electricity Aq 1yr
536,Nightsaver,907,11,5,72,11.12,6.22,0,,,EoN(2014-01-14) Electricity Aq 1yr
536,Nightsaver,907,11,8,72,11.5,6.04,0,,,EoN(2014-01-14) Electricity Aq 1yr
536,Nightsaver,91,11,7,72,11.44,6.11,0,,,EoN(2014-01-14) Electricity Aq 1yr
536,Nightsaver,91,11,6,72,11.3,6.19,0,,,EoN(2014-01-14) Electricity Aq 1yr
536,Nightsaver,91,11,5,72,11.12,6.22,0,,,EoN(2014-01-14) Electricity Aq 1yr
536,Nightsaver,91,11,8,72,11.5,6.04,0,,,EoN(2014-01-14) Electricity Aq 1yr
536,Nightsaver,915,11,7,72,11.44,6.11,0,,,EoN(2014-01-14) Electricity Aq 1yr
536,Nightsaver,915,11,6,72,11.3,6.19,0,,,EoN(2014-01-14) Electricity Aq 1yr
536,Nightsaver,915,11,5,72,11.12,6.22,0,,,EoN(2014-01-14) Electricity Aq 1yr
536,Nightsaver,915,11,8,72,11.5,6.04,0,,,EoN(2014-01-14) Electricity Aq 1yr
536,Nightsaver,914,11,7,72,11.44,6.11,0,,,EoN(2014-01-14) Electricity Aq 1yr
536,Nightsaver,914,11,6,72,11.3,6.19,0,,,EoN(2014-01-14) Electricity Aq 1yr
536,Nightsaver,914,11,5,72,11.12,6.22,0,,,EoN(2014-01-14) Electricity Aq 1yr
536,Nightsaver,914,11,8,72,11.5,6.04,0,,,EoN(2014-01-14) Electricity Aq 1yr
536,Nightsaver,912,11,7,72,11.44,6.11,0,,,EoN(2014-01-14) Electricity Aq 1yr
536,Nightsaver,912,11,6,72,11.3,6.19,0,,,EoN(2014-01-14) Electricity Aq 1yr
536,Nightsaver,912,11,5,72,11.12,6.22,0,,,EoN(2014-01-14) Electricity Aq 1yr
536,Nightsaver,912,11,8,72,11.5,6.04,0,,,EoN(2014-01-14) Electricity Aq 1yr
536,Nightsaver,908,11,7,72,11.44,6.11,0,,,EoN(2014-01-14) Electricity Aq 1yr
536,Nightsaver,908,11,6,72,11.3,6.19,0,,,EoN(2014-01-14) Electricity Aq 1yr
536,Nightsaver,908,11,5,72,11.12,6.22,0,,,EoN(2014-01-14) Electricity Aq 1yr
536,Nightsaver,908,11,8,72,11.5,6.04,0,,,EoN(2014-01-14) Electricity Aq 1yr
816,Nightsaver,912,11,7,72,11.44,6.11,0,,,EoN(2014-01-14) Electricity Aq 1yr
816,Nightsaver,912,11,6,72,11.3,6.19,0,,,EoN(2014-01-14) Electricity Aq 1yr
816,Nightsaver,912,11,5,72,11.12,6.22,0,,,EoN(2014-01-14) Electricity Aq 1yr
816,Nightsaver,912,11,8,72,11.5,6.04,0,,,EoN(2014-01-14) Electricity Aq 1yr
816,Nightsaver,908,11,7,72,11.44,6.11,0,,,EoN(2014-01-14) Electricity Aq 1yr
816,Nightsaver,908,11,6,72,11.3,6.19,0,,,EoN(2014-01-14) Electricity Aq 1yr
816,Nightsaver,908,11,5,72,11.12,6.22,0,,,EoN(2014-01-14) Electricity Aq 1yr
816,Nightsaver,908,11,8,72,11.5,6.04,0,,,EoN(2014-01-14) Electricity Aq 1yr
816,Nightsaver,907,11,7,72,11.44,6.11,0,,,EoN(2014-01-14) Electricity Aq 1yr
816,Nightsaver,907,11,6,72,11.3,6.19,0,,,EoN(2014-01-14) Electricity Aq 1yr
816,Nightsaver,907,11,5,72,11.12,6.22,0,,,EoN(2014-01-14) Electricity Aq 1yr
816,Nightsaver,907,11,8,72,11.5,6.04,0,,,EoN(2014-01-14) Electricity Aq 1yr
816,Nightsaver,903,11,7,72,11.44,6.11,0,,,EoN(2014-01-14) Electricity Aq 1yr
816,Nightsaver,903,11,6,72,11.3,6.19,0,,,EoN(2014-01-14) Electricity Aq 1yr
816,Nightsaver,903,11,5,72,11.12,6.22,0,,,EoN(2014-01-14) Electricity Aq 1yr
816,Nightsaver,903,11,8,72,11.5,6.04,0,,,EoN(2014-01-14) Electricity Aq 1yr
816,Nightsaver,176,11,7,72,11.44,6.11,0,,,EoN(2014-01-14) Electricity Aq 1yr
816,Nightsaver,176,11,6,72,11.3,6.19,0,,,EoN(2014-01-14) Electricity Aq 1yr
816,Nightsaver,176,11,5,72,11.12,6.22,0,,,EoN(2014-01-14) Electricity Aq 1yr
816,Nightsaver,176,11,8,72,11.5,6.04,0,,,EoN(2014-01-14) Electricity Aq 1yr
816,Nightsaver,171,11,7,72,11.44,6.11,0,,,EoN(2014-01-14) Electricity Aq 1yr
816,Nightsaver,171,11,6,72,11.3,6.19,0,,,EoN(2014-01-14) Electricity Aq 1yr
816,Nightsaver,171,11,5,72,11.12,6.22,0,,,EoN(2014-01-14) Electricity Aq 1yr
816,Nightsaver,171,11,8,72,11.5,6.04,0,,,EoN(2014-01-14) Electricity Aq 1yr
816,Nightsaver,174,11,7,72,11.44,6.11,0,,,EoN(2014-01-14) Electricity Aq 1yr
816,Nightsaver,174,11,6,72,11.3,6.19,0,,,EoN(2014-01-14) Electricity Aq 1yr
816,Nightsaver,174,11,5,72,11.12,6.22,0,,,EoN(2014-01-14) Electricity Aq 1yr
816,Nightsaver,174,11,8,72,11.5,6.04,0,,,EoN(2014-01-14) Electricity Aq 1yr
816,Nightsaver,902,11,7,72,11.44,6.11,0,,,EoN(2014-01-14) Electricity Aq 1yr
816,Nightsaver,902,11,6,72,11.3,6.19,0,,,EoN(2014-01-14) Electricity Aq 1yr
816,Nightsaver,902,11,5,72,11.12,6.22,0,,,EoN(2014-01-14) Electricity Aq 1yr
816,Nightsaver,902,11,8,72,11.5,6.04,0,,,EoN(2014-01-14) Electricity Aq 1yr
816,Nightsaver,914,11,7,72,11.44,6.11,0,,,EoN(2014-01-14) Electricity Aq 1yr
816,Nightsaver,914,11,6,72,11.3,6.19,0,,,EoN(2014-01-14) Electricity Aq 1yr
816,Nightsaver,914,11,5,72,11.12,6.22,0,,,EoN(2014-01-14) Electricity Aq 1yr
816,Nightsaver,914,11,8,72,11.5,6.04,0,,,EoN(2014-01-14) Electricity Aq 1yr
816,Nightsaver,915,11,7,72,11.44,6.11,0,,,EoN(2014-01-14) Electricity Aq 1yr
816,Nightsaver,915,11,6,72,11.3,6.19,0,,,EoN(2014-01-14) Electricity Aq 1yr
816,Nightsaver,915,11,5,72,11.12,6.22,0,,,EoN(2014-01-14) Electricity Aq 1yr
816,Nightsaver,915,11,8,72,11.5,6.04,0,,,EoN(2014-01-14) Electricity Aq 1yr
816,Nightsaver,170,11,7,72,11.44,6.11,0,,,EoN(2014-01-14) Electricity Aq 1yr
816,Nightsaver,170,11,6,72,11.3,6.19,0,,,EoN(2014-01-14) Electricity Aq 1yr
816,Nightsaver,170,11,5,72,11.12,6.22,0,,,EoN(2014-01-14) Electricity Aq 1yr
816,Nightsaver,170,11,8,72,11.5,6.04,0,,,EoN(2014-01-14) Electricity Aq 1yr
816,Nightsaver,13,11,7,72,11.44,6.11,0,,,EoN(2014-01-14) Electricity Aq 1yr
816,Nightsaver,13,11,6,72,11.3,6.19,0,,,EoN(2014-01-14) Electricity Aq 1yr
816,Nightsaver,13,11,5,72,11.12,6.22,0,,,EoN(2014-01-14) Electricity Aq 1yr
816,Nightsaver,13,11,8,72,11.5,6.04,0,,,EoN(2014-01-14) Electricity Aq 1yr
816,Nightsaver,81,11,7,72,11.44,6.11,0,,,EoN(2014-01-14) Electricity Aq 1yr
816,Nightsaver,81,11,6,72,11.3,6.19,0,,,EoN(2014-01-14) Electricity Aq 1yr
816,Nightsaver,81,11,5,72,11.12,6.22,0,,,EoN(2014-01-14) Electricity Aq 1yr
816,Nightsaver,81,11,8,72,11.5,6.04,0,,,EoN(2014-01-14) Electricity Aq 1yr
817,Nightsaver,912,11,7,72,11.44,6.11,0,,,EoN(2014-01-14) Electricity Aq 1yr
817,Nightsaver,912,11,6,72,11.3,6.19,0,,,EoN(2014-01-14) Electricity Aq 1yr
817,Nightsaver,912,11,5,72,11.12,6.22,0,,,EoN(2014-01-14) Electricity Aq 1yr
817,Nightsaver,912,11,8,72,11.5,6.04,0,,,EoN(2014-01-14) Electricity Aq 1yr
816,Nightsaver,12,11,7,72,11.44,6.11,0,,,EoN(2014-01-14) Electricity Aq 1yr
816,Nightsaver,12,11,6,72,11.3,6.19,0,,,EoN(2014-01-14) Electricity Aq 1yr
816,Nightsaver,12,11,5,72,11.12,6.22,0,,,EoN(2014-01-14) Electricity Aq 1yr
816,Nightsaver,12,11,8,72,11.5,6.04,0,,,EoN(2014-01-14) Electricity Aq 1yr
816,Nightsaver,14,11,7,72,11.44,6.11,0,,,EoN(2014-01-14) Electricity Aq 1yr
816,Nightsaver,14,11,6,72,11.3,6.19,0,,,EoN(2014-01-14) Electricity Aq 1yr
816,Nightsaver,14,11,5,72,11.12,6.22,0,,,EoN(2014-01-14) Electricity Aq 1yr
816,Nightsaver,14,11,8,72,11.5,6.04,0,,,EoN(2014-01-14) Electricity Aq 1yr
816,Nightsaver,17,11,7,72,11.44,6.11,0,,,EoN(2014-01-14) Electricity Aq 1yr
816,Nightsaver,17,11,6,72,11.3,6.19,0,,,EoN(2014-01-14) Electricity Aq 1yr
816,Nightsaver,17,11,5,72,11.12,6.22,0,,,EoN(2014-01-14) Electricity Aq 1yr
816,Nightsaver,17,11,8,72,11.5,6.04,0,,,EoN(2014-01-14) Electricity Aq 1yr
816,Nightsaver,34,11,7,72,11.44,6.11,0,,,EoN(2014-01-14) Electricity Aq 1yr
816,Nightsaver,34,11,6,72,11.3,6.19,0,,,EoN(2014-01-14) Electricity Aq 1yr
816,Nightsaver,34,11,5,72,11.12,6.22,0,,,EoN(2014-01-14) Electricity Aq 1yr
816,Nightsaver,34,11,8,72,11.5,6.04,0,,,EoN(2014-01-14) Electricity Aq 1yr
816,Nightsaver,37,11,7,72,11.44,6.11,0,,,EoN(2014-01-14) Electricity Aq 1yr
816,Nightsaver,37,11,6,72,11.3,6.19,0,,,EoN(2014-01-14) Electricity Aq 1yr
816,Nightsaver,37,11,5,72,11.12,6.22,0,,,EoN(2014-01-14) Electricity Aq 1yr
816,Nightsaver,37,11,8,72,11.5,6.04,0,,,EoN(2014-01-14) Electricity Aq 1yr
816,Nightsaver,15,11,7,72,11.44,6.11,0,,,EoN(2014-01-14) Electricity Aq 1yr
816,Nightsaver,15,11,6,72,11.3,6.19,0,,,EoN(2014-01-14) Electricity Aq 1yr
816,Nightsaver,15,11,5,72,11.12,6.22,0,,,EoN(2014-01-14) Electricity Aq 1yr
816,Nightsaver,15,11,8,72,11.5,6.04,0,,,EoN(2014-01-14) Electricity Aq 1yr
816,Nightsaver,56,11,7,72,11.44,6.11,0,,,EoN(2014-01-14) Electricity Aq 1yr
816,Nightsaver,56,11,6,72,11.3,6.19,0,,,EoN(2014-01-14) Electricity Aq 1yr
816,Nightsaver,56,11,5,72,11.12,6.22,0,,,EoN(2014-01-14) Electricity Aq 1yr
816,Nightsaver,56,11,8,72,11.5,6.04,0,,,EoN(2014-01-14) Electricity Aq 1yr
816,Nightsaver,162,11,7,72,11.44,6.11,0,,,EoN(2014-01-14) Electricity Aq 1yr
816,Nightsaver,162,11,6,72,11.3,6.19,0,,,EoN(2014-01-14) Electricity Aq 1yr
816,Nightsaver,162,11,5,72,11.12,6.22,0,,,EoN(2014-01-14) Electricity Aq 1yr
816,Nightsaver,162,11,8,72,11.5,6.04,0,,,EoN(2014-01-14) Electricity Aq 1yr
816,Nightsaver,82,11,7,72,11.44,6.11,0,,,EoN(2014-01-14) Electricity Aq 1yr
816,Nightsaver,82,11,6,72,11.3,6.19,0,,,EoN(2014-01-14) Electricity Aq 1yr
816,Nightsaver,82,11,5,72,11.12,6.22,0,,,EoN(2014-01-14) Electricity Aq 1yr
816,Nightsaver,82,11,8,72,11.5,6.04,0,,,EoN(2014-01-14) Electricity Aq 1yr
816,Nightsaver,90,11,7,72,11.44,6.11,0,,,EoN(2014-01-14) Electricity Aq 1yr
816,Nightsaver,90,11,6,72,11.3,6.19,0,,,EoN(2014-01-14) Electricity Aq 1yr
816,Nightsaver,90,11,5,72,11.12,6.22,0,,,EoN(2014-01-14) Electricity Aq 1yr
816,Nightsaver,90,11,8,72,11.5,6.04,0,,,EoN(2014-01-14) Electricity Aq 1yr
816,Nightsaver,91,11,7,72,11.44,6.11,0,,,EoN(2014-01-14) Electricity Aq 1yr
816,Nightsaver,91,11,6,72,11.3,6.19,0,,,EoN(2014-01-14) Electricity Aq 1yr
816,Nightsaver,91,11,5,72,11.12,6.22,0,,,EoN(2014-01-14) Electricity Aq 1yr
816,Nightsaver,91,11,8,72,11.5,6.04,0,,,EoN(2014-01-14) Electricity Aq 1yr
816,Nightsaver,94,11,7,72,11.44,6.11,0,,,EoN(2014-01-14) Electricity Aq 1yr
816,Nightsaver,94,11,6,72,11.3,6.19,0,,,EoN(2014-01-14) Electricity Aq 1yr
816,Nightsaver,94,11,5,72,11.12,6.22,0,,,EoN(2014-01-14) Electricity Aq 1yr
816,Nightsaver,94,11,8,72,11.5,6.04,0,,,EoN(2014-01-14) Electricity Aq 1yr
816,Nightsaver,96,11,7,72,11.44,6.11,0,,,EoN(2014-01-14) Electricity Aq 1yr
816,Nightsaver,96,11,6,72,11.3,6.19,0,,,EoN(2014-01-14) Electricity Aq 1yr
816,Nightsaver,96,11,5,72,11.12,6.22,0,,,EoN(2014-01-14) Electricity Aq 1yr
816,Nightsaver,96,11,8,72,11.5,6.04,0,,,EoN(2014-01-14) Electricity Aq 1yr
816,Nightsaver,113,11,7,72,11.44,6.11,0,,,EoN(2014-01-14) Electricity Aq 1yr
816,Nightsaver,113,11,6,72,11.3,6.19,0,,,EoN(2014-01-14) Electricity Aq 1yr
816,Nightsaver,113,11,5,72,11.12,6.22,0,,,EoN(2014-01-14) Electricity Aq 1yr
816,Nightsaver,113,11,8,72,11.5,6.04,0,,,EoN(2014-01-14) Electricity Aq 1yr
816,Nightsaver,134,11,7,72,11.44,6.11,0,,,EoN(2014-01-14) Electricity Aq 1yr
816,Nightsaver,134,11,6,72,11.3,6.19,0,,,EoN(2014-01-14) Electricity Aq 1yr
816,Nightsaver,134,11,5,72,11.12,6.22,0,,,EoN(2014-01-14) Electricity Aq 1yr
816,Nightsaver,134,11,8,72,11.5,6.04,0,,,EoN(2014-01-14) Electricity Aq 1yr
816,Nightsaver,161,11,7,72,11.44,6.11,0,,,EoN(2014-01-14) Electricity Aq 1yr
816,Nightsaver,161,11,6,72,11.3,6.19,0,,,EoN(2014-01-14) Electricity Aq 1yr
816,Nightsaver,161,11,5,72,11.12,6.22,0,,,EoN(2014-01-14) Electricity Aq 1yr
816,Nightsaver,161,11,8,72,11.5,6.04,0,,,EoN(2014-01-14) Electricity Aq 1yr
816,Nightsaver,55,11,7,72,11.44,6.11,0,,,EoN(2014-01-14) Electricity Aq 1yr
816,Nightsaver,55,11,6,72,11.3,6.19,0,,,EoN(2014-01-14) Electricity Aq 1yr
816,Nightsaver,55,11,5,72,11.12,6.22,0,,,EoN(2014-01-14) Electricity Aq 1yr
816,Nightsaver,55,11,8,72,11.5,6.04,0,,,EoN(2014-01-14) Electricity Aq 1yr
817,Nightsaver,907,11,7,72,11.44,6.11,0,,,EoN(2014-01-14) Electricity Aq 1yr
817,Nightsaver,907,11,6,72,11.3,6.19,0,,,EoN(2014-01-14) Electricity Aq 1yr
817,Nightsaver,907,11,5,72,11.12,6.22,0,,,EoN(2014-01-14) Electricity Aq 1yr
817,Nightsaver,907,11,8,72,11.5,6.04,0,,,EoN(2014-01-14) Electricity Aq 1yr
817,Nightsaver,915,11,7,72,11.44,6.11,0,,,EoN(2014-01-14) Electricity Aq 1yr
817,Nightsaver,915,11,6,72,11.3,6.19,0,,,EoN(2014-01-14) Electricity Aq 1yr
817,Nightsaver,915,11,5,72,11.12,6.22,0,,,EoN(2014-01-14) Electricity Aq 1yr
817,Nightsaver,915,11,8,72,11.5,6.04,0,,,EoN(2014-01-14) Electricity Aq 1yr
817,Nightsaver,914,11,7,72,11.44,6.11,0,,,EoN(2014-01-14) Electricity Aq 1yr
817,Nightsaver,914,11,6,72,11.3,6.19,0,,,EoN(2014-01-14) Electricity Aq 1yr
817,Nightsaver,914,11,5,72,11.12,6.22,0,,,EoN(2014-01-14) Electricity Aq 1yr
817,Nightsaver,914,11,8,72,11.5,6.04,0,,,EoN(2014-01-14) Electricity Aq 1yr
817,Nightsaver,903,11,7,72,11.44,6.11,0,,,EoN(2014-01-14) Electricity Aq 1yr
817,Nightsaver,903,11,6,72,11.3,6.19,0,,,EoN(2014-01-14) Electricity Aq 1yr
817,Nightsaver,903,11,5,72,11.12,6.22,0,,,EoN(2014-01-14) Electricity Aq 1yr
817,Nightsaver,903,11,8,72,11.5,6.04,0,,,EoN(2014-01-14) Electricity Aq 1yr
817,Nightsaver,19,11,7,72,11.44,6.11,0,,,EoN(2014-01-14) Electricity Aq 1yr
817,Nightsaver,19,11,6,72,11.3,6.19,0,,,EoN(2014-01-14) Electricity Aq 1yr
817,Nightsaver,19,11,5,72,11.12,6.22,0,,,EoN(2014-01-14) Electricity Aq 1yr
817,Nightsaver,19,11,8,72,11.5,6.04,0,,,EoN(2014-01-14) Electricity Aq 1yr
817,Nightsaver,13,11,7,72,11.44,6.11,0,,,EoN(2014-01-14) Electricity Aq 1yr
817,Nightsaver,13,11,6,72,11.3,6.19,0,,,EoN(2014-01-14) Electricity Aq 1yr
817,Nightsaver,13,11,5,72,11.12,6.22,0,,,EoN(2014-01-14) Electricity Aq 1yr
817,Nightsaver,13,11,8,72,11.5,6.04,0,,,EoN(2014-01-14) Electricity Aq 1yr
817,Nightsaver,12,11,7,72,11.44,6.11,0,,,EoN(2014-01-14) Electricity Aq 1yr
817,Nightsaver,12,11,6,72,11.3,6.19,0,,,EoN(2014-01-14) Electricity Aq 1yr
817,Nightsaver,12,11,5,72,11.12,6.22,0,,,EoN(2014-01-14) Electricity Aq 1yr
817,Nightsaver,12,11,8,72,11.5,6.04,0,,,EoN(2014-01-14) Electricity Aq 1yr
817,Nightsaver,15,11,7,72,11.44,6.11,0,,,EoN(2014-01-14) Electricity Aq 1yr
817,Nightsaver,15,11,6,72,11.3,6.19,0,,,EoN(2014-01-14) Electricity Aq 1yr
817,Nightsaver,15,11,5,72,11.12,6.22,0,,,EoN(2014-01-14) Electricity Aq 1yr
817,Nightsaver,15,11,8,72,11.5,6.04,0,,,EoN(2014-01-14) Electricity Aq 1yr
817,Nightsaver,17,11,7,72,11.44,6.11,0,,,EoN(2014-01-14) Electricity Aq 1yr
817,Nightsaver,17,11,6,72,11.3,6.19,0,,,EoN(2014-01-14) Electricity Aq 1yr
817,Nightsaver,17,11,5,72,11.12,6.22,0,,,EoN(2014-01-14) Electricity Aq 1yr
817,Nightsaver,17,11,8,72,11.5,6.04,0,,,EoN(2014-01-14) Electricity Aq 1yr
817,Nightsaver,96,11,7,72,11.44,6.11,0,,,EoN(2014-01-14) Electricity Aq 1yr
817,Nightsaver,96,11,6,72,11.3,6.19,0,,,EoN(2014-01-14) Electricity Aq 1yr
817,Nightsaver,96,11,5,72,11.12,6.22,0,,,EoN(2014-01-14) Electricity Aq 1yr
817,Nightsaver,96,11,8,72,11.5,6.04,0,,,EoN(2014-01-14) Electricity Aq 1yr
817,Nightsaver,902,11,7,72,11.44,6.11,0,,,EoN(2014-01-14) Electricity Aq 1yr
817,Nightsaver,902,11,6,72,11.3,6.19,0,,,EoN(2014-01-14) Electricity Aq 1yr
817,Nightsaver,902,11,5,72,11.12,6.22,0,,,EoN(2014-01-14) Electricity Aq 1yr
817,Nightsaver,902,11,8,72,11.5,6.04,0,,,EoN(2014-01-14) Electricity Aq 1yr
817,Nightsaver,176,11,7,72,11.44,6.11,0,,,EoN(2014-01-14) Electricity Aq 1yr
817,Nightsaver,176,11,6,72,11.3,6.19,0,,,EoN(2014-01-14) Electricity Aq 1yr
817,Nightsaver,176,11,5,72,11.12,6.22,0,,,EoN(2014-01-14) Electricity Aq 1yr
817,Nightsaver,176,11,8,72,11.5,6.04,0,,,EoN(2014-01-14) Electricity Aq 1yr
817,Nightsaver,174,11,7,72,11.44,6.11,0,,,EoN(2014-01-14) Electricity Aq 1yr
817,Nightsaver,174,11,6,72,11.3,6.19,0,,,EoN(2014-01-14) Electricity Aq 1yr
817,Nightsaver,174,11,5,72,11.12,6.22,0,,,EoN(2014-01-14) Electricity Aq 1yr
817,Nightsaver,174,11,8,72,11.5,6.04,0,,,EoN(2014-01-14) Electricity Aq 1yr
817,Nightsaver,171,11,7,72,11.44,6.11,0,,,EoN(2014-01-14) Electricity Aq 1yr
817,Nightsaver,171,11,6,72,11.3,6.19,0,,,EoN(2014-01-14) Electricity Aq 1yr
817,Nightsaver,171,11,5,72,11.12,6.22,0,,,EoN(2014-01-14) Electricity Aq 1yr
817,Nightsaver,171,11,8,72,11.5,6.04,0,,,EoN(2014-01-14) Electricity Aq 1yr
817,Nightsaver,170,11,7,72,11.44,6.11,0,,,EoN(2014-01-14) Electricity Aq 1yr
817,Nightsaver,170,11,6,72,11.3,6.19,0,,,EoN(2014-01-14) Electricity Aq 1yr
817,Nightsaver,170,11,5,72,11.12,6.22,0,,,EoN(2014-01-14) Electricity Aq 1yr
817,Nightsaver,170,11,8,72,11.5,6.04,0,,,EoN(2014-01-14) Electricity Aq 1yr
817,Nightsaver,162,11,7,72,11.44,6.11,0,,,EoN(2014-01-14) Electricity Aq 1yr
817,Nightsaver,162,11,6,72,11.3,6.19,0,,,EoN(2014-01-14) Electricity Aq 1yr
817,Nightsaver,162,11,5,72,11.12,6.22,0,,,EoN(2014-01-14) Electricity Aq 1yr
817,Nightsaver,162,11,8,72,11.5,6.04,0,,,EoN(2014-01-14) Electricity Aq 1yr
817,Nightsaver,161,11,7,72,11.44,6.11,0,,,EoN(2014-01-14) Electricity Aq 1yr
817,Nightsaver,161,11,6,72,11.3,6.19,0,,,EoN(2014-01-14) Electricity Aq 1yr
817,Nightsaver,161,11,5,72,11.12,6.22,0,,,EoN(2014-01-14) Electricity Aq 1yr
817,Nightsaver,161,11,8,72,11.5,6.04,0,,,EoN(2014-01-14) Electricity Aq 1yr
817,Nightsaver,14,11,7,72,11.44,6.11,0,,,EoN(2014-01-14) Electricity Aq 1yr
817,Nightsaver,14,11,6,72,11.3,6.19,0,,,EoN(2014-01-14) Electricity Aq 1yr
817,Nightsaver,14,11,5,72,11.12,6.22,0,,,EoN(2014-01-14) Electricity Aq 1yr
817,Nightsaver,14,11,8,72,11.5,6.04,0,,,EoN(2014-01-14) Electricity Aq 1yr
817,Nightsaver,113,11,7,72,11.44,6.11,0,,,EoN(2014-01-14) Electricity Aq 1yr
817,Nightsaver,113,11,6,72,11.3,6.19,0,,,EoN(2014-01-14) Electricity Aq 1yr
817,Nightsaver,113,11,5,72,11.12,6.22,0,,,EoN(2014-01-14) Electricity Aq 1yr
817,Nightsaver,113,11,8,72,11.5,6.04,0,,,EoN(2014-01-14) Electricity Aq 1yr
817,Nightsaver,908,11,7,72,11.44,6.11,0,,,EoN(2014-01-14) Electricity Aq 1yr
817,Nightsaver,908,11,6,72,11.3,6.19,0,,,EoN(2014-01-14) Electricity Aq 1yr
817,Nightsaver,908,11,5,72,11.12,6.22,0,,,EoN(2014-01-14) Electricity Aq 1yr
817,Nightsaver,908,11,8,72,11.5,6.04,0,,,EoN(2014-01-14) Electricity Aq 1yr
817,Nightsaver,94,11,7,72,11.44,6.11,0,,,EoN(2014-01-14) Electricity Aq 1yr
817,Nightsaver,94,11,6,72,11.3,6.19,0,,,EoN(2014-01-14) Electricity Aq 1yr
817,Nightsaver,94,11,5,72,11.12,6.22,0,,,EoN(2014-01-14) Electricity Aq 1yr
817,Nightsaver,94,11,8,72,11.5,6.04,0,,,EoN(2014-01-14) Electricity Aq 1yr
817,Nightsaver,91,11,7,72,11.44,6.11,0,,,EoN(2014-01-14) Electricity Aq 1yr
817,Nightsaver,91,11,6,72,11.3,6.19,0,,,EoN(2014-01-14) Electricity Aq 1yr
817,Nightsaver,91,11,5,72,11.12,6.22,0,,,EoN(2014-01-14) Electricity Aq 1yr
817,Nightsaver,91,11,8,72,11.5,6.04,0,,,EoN(2014-01-14) Electricity Aq 1yr
817,Nightsaver,90,11,7,72,11.44,6.11,0,,,EoN(2014-01-14) Electricity Aq 1yr
817,Nightsaver,90,11,6,72,11.3,6.19,0,,,EoN(2014-01-14) Electricity Aq 1yr
817,Nightsaver,90,11,5,72,11.12,6.22,0,,,EoN(2014-01-14) Electricity Aq 1yr
817,Nightsaver,90,11,8,72,11.5,6.04,0,,,EoN(2014-01-14) Electricity Aq 1yr
817,Nightsaver,82,11,7,72,11.44,6.11,0,,,EoN(2014-01-14) Electricity Aq 1yr
817,Nightsaver,82,11,6,72,11.3,6.19,0,,,EoN(2014-01-14) Electricity Aq 1yr
817,Nightsaver,82,11,5,72,11.12,6.22,0,,,EoN(2014-01-14) Electricity Aq 1yr
817,Nightsaver,82,11,8,72,11.5,6.04,0,,,EoN(2014-01-14) Electricity Aq 1yr
817,Nightsaver,81,11,7,72,11.44,6.11,0,,,EoN(2014-01-14) Electricity Aq 1yr
817,Nightsaver,81,11,6,72,11.3,6.19,0,,,EoN(2014-01-14) Electricity Aq 1yr
817,Nightsaver,81,11,5,72,11.12,6.22,0,,,EoN(2014-01-14) Electricity Aq 1yr
817,Nightsaver,81,11,8,72,11.5,6.04,0,,,EoN(2014-01-14) Electricity Aq 1yr
817,Nightsaver,56,11,7,72,11.44,6.11,0,,,EoN(2014-01-14) Electricity Aq 1yr
817,Nightsaver,56,11,6,72,11.3,6.19,0,,,EoN(2014-01-14) Electricity Aq 1yr
817,Nightsaver,56,11,5,72,11.12,6.22,0,,,EoN(2014-01-14) Electricity Aq 1yr
817,Nightsaver,56,11,8,72,11.5,6.04,0,,,EoN(2014-01-14) Electricity Aq 1yr
817,Nightsaver,55,11,7,72,11.44,6.11,0,,,EoN(2014-01-14) Electricity Aq 1yr
817,Nightsaver,55,11,6,72,11.3,6.19,0,,,EoN(2014-01-14) Electricity Aq 1yr
817,Nightsaver,55,11,5,72,11.12,6.22,0,,,EoN(2014-01-14) Electricity Aq 1yr
817,Nightsaver,55,11,8,72,11.5,6.04,0,,,EoN(2014-01-14) Electricity Aq 1yr
817,Nightsaver,40,11,7,72,11.44,6.11,0,,,EoN(2014-01-14) Electricity Aq 1yr
817,Nightsaver,40,11,6,72,11.3,6.19,0,,,EoN(2014-01-14) Electricity Aq 1yr
817,Nightsaver,40,11,5,72,11.12,6.22,0,,,EoN(2014-01-14) Electricity Aq 1yr
817,Nightsaver,40,11,8,72,11.5,6.04,0,,,EoN(2014-01-14) Electricity Aq 1yr
817,Nightsaver,34,11,7,72,11.44,6.11,0,,,EoN(2014-01-14) Electricity Aq 1yr
817,Nightsaver,34,11,6,72,11.3,6.19,0,,,EoN(2014-01-14) Electricity Aq 1yr
817,Nightsaver,34,11,5,72,11.12,6.22,0,,,EoN(2014-01-14) Electricity Aq 1yr
817,Nightsaver,34,11,8,72,11.5,6.04,0,,,EoN(2014-01-14) Electricity Aq 1yr
817,Nightsaver,134,11,7,72,11.44,6.11,0,,,EoN(2014-01-14) Electricity Aq 1yr
817,Nightsaver,134,11,6,72,11.3,6.19,0,,,EoN(2014-01-14) Electricity Aq 1yr
817,Nightsaver,134,11,5,72,11.12,6.22,0,,,EoN(2014-01-14) Electricity Aq 1yr
817,Nightsaver,134,11,8,72,11.5,6.04,0,,,EoN(2014-01-14) Electricity Aq 1yr
817,Nightsaver,37,11,7,72,11.44,6.11,0,,,EoN(2014-01-14) Electricity Aq 1yr
817,Nightsaver,37,11,6,72,11.3,6.19,0,,,EoN(2014-01-14) Electricity Aq 1yr
817,Nightsaver,37,11,5,72,11.12,6.22,0,,,EoN(2014-01-14) Electricity Aq 1yr
817,Nightsaver,37,11,8,72,11.5,6.04,0,,,EoN(2014-01-14) Electricity Aq 1yr
19,Nightsaver,81,11,7,72,11.44,6.11,0,,,EoN(2014-01-14) Electricity Aq 1yr
19,Nightsaver,81,11,6,72,11.3,6.19,0,,,EoN(2014-01-14) Electricity Aq 1yr
19,Nightsaver,81,11,5,72,11.12,6.22,0,,,EoN(2014-01-14) Electricity Aq 1yr
19,Nightsaver,81,11,8,72,11.5,6.04,0,,,EoN(2014-01-14) Electricity Aq 1yr
537,Nightsaver,904,11,7,72,11.44,6.11,0,,,EoN(2014-01-14) Electricity Aq 1yr
537,Nightsaver,904,11,6,72,11.3,6.19,0,,,EoN(2014-01-14) Electricity Aq 1yr
537,Nightsaver,904,11,5,72,11.12,6.22,0,,,EoN(2014-01-14) Electricity Aq 1yr
537,Nightsaver,904,11,8,72,11.5,6.04,0,,,EoN(2014-01-14) Electricity Aq 1yr
12,Nightsaver,83,11,7,72,11.44,6.11,0,,,EoN(2014-01-14) Electricity Aq 1yr
12,Nightsaver,83,11,6,72,11.3,6.19,0,,,EoN(2014-01-14) Electricity Aq 1yr
12,Nightsaver,83,11,5,72,11.12,6.22,0,,,EoN(2014-01-14) Electricity Aq 1yr
12,Nightsaver,83,11,8,72,11.5,6.04,0,,,EoN(2014-01-14) Electricity Aq 1yr
12,Nightsaver,90,11,7,72,11.44,6.11,0,,,EoN(2014-01-14) Electricity Aq 1yr
12,Nightsaver,90,11,6,72,11.3,6.19,0,,,EoN(2014-01-14) Electricity Aq 1yr
12,Nightsaver,90,11,5,72,11.12,6.22,0,,,EoN(2014-01-14) Electricity Aq 1yr
12,Nightsaver,90,11,8,72,11.5,6.04,0,,,EoN(2014-01-14) Electricity Aq 1yr
12,Nightsaver,91,11,7,72,11.44,6.11,0,,,EoN(2014-01-14) Electricity Aq 1yr
12,Nightsaver,91,11,6,72,11.3,6.19,0,,,EoN(2014-01-14) Electricity Aq 1yr
12,Nightsaver,91,11,5,72,11.12,6.22,0,,,EoN(2014-01-14) Electricity Aq 1yr
12,Nightsaver,91,11,8,72,11.5,6.04,0,,,EoN(2014-01-14) Electricity Aq 1yr
12,Nightsaver,917,11,7,72,11.44,6.11,0,,,EoN(2014-01-14) Electricity Aq 1yr
12,Nightsaver,917,11,6,72,11.3,6.19,0,,,EoN(2014-01-14) Electricity Aq 1yr
12,Nightsaver,917,11,5,72,11.12,6.22,0,,,EoN(2014-01-14) Electricity Aq 1yr
12,Nightsaver,917,11,8,72,11.5,6.04,0,,,EoN(2014-01-14) Electricity Aq 1yr
12,Nightsaver,910,11,7,72,11.44,6.11,0,,,EoN(2014-01-14) Electricity Aq 1yr
12,Nightsaver,910,11,6,72,11.3,6.19,0,,,EoN(2014-01-14) Electricity Aq 1yr
12,Nightsaver,910,11,5,72,11.12,6.22,0,,,EoN(2014-01-14) Electricity Aq 1yr
12,Nightsaver,910,11,8,72,11.5,6.04,0,,,EoN(2014-01-14) Electricity Aq 1yr
12,Nightsaver,911,11,7,72,11.44,6.11,0,,,EoN(2014-01-14) Electricity Aq 1yr
12,Nightsaver,911,11,6,72,11.3,6.19,0,,,EoN(2014-01-14) Electricity Aq 1yr
12,Nightsaver,911,11,5,72,11.12,6.22,0,,,EoN(2014-01-14) Electricity Aq 1yr
12,Nightsaver,911,11,8,72,11.5,6.04,0,,,EoN(2014-01-14) Electricity Aq 1yr
537,Nightsaver,163,11,7,72,11.44,6.11,0,,,EoN(2014-01-14) Electricity Aq 1yr
537,Nightsaver,163,11,6,72,11.3,6.19,0,,,EoN(2014-01-14) Electricity Aq 1yr
537,Nightsaver,163,11,5,72,11.12,6.22,0,,,EoN(2014-01-14) Electricity Aq 1yr
537,Nightsaver,163,11,8,72,11.5,6.04,0,,,EoN(2014-01-14) Electricity Aq 1yr
537,Nightsaver,164,11,7,72,11.44,6.11,0,,,EoN(2014-01-14) Electricity Aq 1yr
537,Nightsaver,164,11,6,72,11.3,6.19,0,,,EoN(2014-01-14) Electricity Aq 1yr
537,Nightsaver,164,11,5,72,11.12,6.22,0,,,EoN(2014-01-14) Electricity Aq 1yr
537,Nightsaver,164,11,8,72,11.5,6.04,0,,,EoN(2014-01-14) Electricity Aq 1yr
12,Nightsaver,913,11,7,72,11.44,6.11,0,,,EoN(2014-01-14) Electricity Aq 1yr
12,Nightsaver,913,11,6,72,11.3,6.19,0,,,EoN(2014-01-14) Electricity Aq 1yr
12,Nightsaver,913,11,5,72,11.12,6.22,0,,,EoN(2014-01-14) Electricity Aq 1yr
12,Nightsaver,913,11,8,72,11.5,6.04,0,,,EoN(2014-01-14) Electricity Aq 1yr
537,Nightsaver,906,11,7,72,11.44,6.11,0,,,EoN(2014-01-14) Electricity Aq 1yr
537,Nightsaver,906,11,6,72,11.3,6.19,0,,,EoN(2014-01-14) Electricity Aq 1yr
537,Nightsaver,906,11,5,72,11.12,6.22,0,,,EoN(2014-01-14) Electricity Aq 1yr
537,Nightsaver,906,11,8,72,11.5,6.04,0,,,EoN(2014-01-14) Electricity Aq 1yr
537,Nightsaver,172,11,7,72,11.44,6.11,0,,,EoN(2014-01-14) Electricity Aq 1yr
537,Nightsaver,172,11,6,72,11.3,6.19,0,,,EoN(2014-01-14) Electricity Aq 1yr
537,Nightsaver,172,11,5,72,11.12,6.22,0,,,EoN(2014-01-14) Electricity Aq 1yr
537,Nightsaver,172,11,8,72,11.5,6.04,0,,,EoN(2014-01-14) Electricity Aq 1yr
12,Nightsaver,81,11,7,72,11.44,6.11,0,,,EoN(2014-01-14) Electricity Aq 1yr
12,Nightsaver,81,11,6,72,11.3,6.19,0,,,EoN(2014-01-14) Electricity Aq 1yr
12,Nightsaver,81,11,5,72,11.12,6.22,0,,,EoN(2014-01-14) Electricity Aq 1yr
12,Nightsaver,81,11,8,72,11.5,6.04,0,,,EoN(2014-01-14) Electricity Aq 1yr
537,Nightsaver,173,11,7,72,11.44,6.11,0,,,EoN(2014-01-14) Electricity Aq 1yr
537,Nightsaver,173,11,6,72,11.3,6.19,0,,,EoN(2014-01-14) Electricity Aq 1yr
537,Nightsaver,173,11,5,72,11.12,6.22,0,,,EoN(2014-01-14) Electricity Aq 1yr
537,Nightsaver,173,11,8,72,11.5,6.04,0,,,EoN(2014-01-14) Electricity Aq 1yr
537,Nightsaver,175,11,7,72,11.44,6.11,0,,,EoN(2014-01-14) Electricity Aq 1yr
537,Nightsaver,175,11,6,72,11.3,6.19,0,,,EoN(2014-01-14) Electricity Aq 1yr
537,Nightsaver,175,11,5,72,11.12,6.22,0,,,EoN(2014-01-14) Electricity Aq 1yr
537,Nightsaver,175,11,8,72,11.5,6.04,0,,,EoN(2014-01-14) Electricity Aq 1yr
537,Nightsaver,177,11,7,72,11.44,6.11,0,,,EoN(2014-01-14) Electricity Aq 1yr
537,Nightsaver,177,11,6,72,11.3,6.19,0,,,EoN(2014-01-14) Electricity Aq 1yr
537,Nightsaver,177,11,5,72,11.12,6.22,0,,,EoN(2014-01-14) Electricity Aq 1yr
537,Nightsaver,177,11,8,72,11.5,6.04,0,,,EoN(2014-01-14) Electricity Aq 1yr
537,Nightsaver,905,11,7,72,11.44,6.11,0,,,EoN(2014-01-14) Electricity Aq 1yr
537,Nightsaver,905,11,6,72,11.3,6.19,0,,,EoN(2014-01-14) Electricity Aq 1yr
537,Nightsaver,905,11,5,72,11.12,6.22,0,,,EoN(2014-01-14) Electricity Aq 1yr
537,Nightsaver,905,11,8,72,11.5,6.04,0,,,EoN(2014-01-14) Electricity Aq 1yr
537,Nightsaver,83,11,7,72,11.44,6.11,0,,,EoN(2014-01-14) Electricity Aq 1yr
537,Nightsaver,83,11,6,72,11.3,6.19,0,,,EoN(2014-01-14) Electricity Aq 1yr
537,Nightsaver,83,11,5,72,11.12,6.22,0,,,EoN(2014-01-14) Electricity Aq 1yr
537,Nightsaver,83,11,8,72,11.5,6.04,0,,,EoN(2014-01-14) Electricity Aq 1yr
12,Nightsaver,84,11,7,72,11.44,6.11,0,,,EoN(2014-01-14) Electricity Aq 1yr
12,Nightsaver,84,11,6,72,11.3,6.19,0,,,EoN(2014-01-14) Electricity Aq 1yr
12,Nightsaver,84,11,5,72,11.12,6.22,0,,,EoN(2014-01-14) Electricity Aq 1yr
12,Nightsaver,84,11,8,72,11.5,6.04,0,,,EoN(2014-01-14) Electricity Aq 1yr
12,Nightsaver,916,11,7,72,11.44,6.11,0,,,EoN(2014-01-14) Electricity Aq 1yr
12,Nightsaver,916,11,6,72,11.3,6.19,0,,,EoN(2014-01-14) Electricity Aq 1yr
12,Nightsaver,916,11,5,72,11.12,6.22,0,,,EoN(2014-01-14) Electricity Aq 1yr
12,Nightsaver,916,11,8,72,11.5,6.04,0,,,EoN(2014-01-14) Electricity Aq 1yr
525,Nightsaver,91,11,7,72,11.44,6.11,0,,,EoN(2014-01-14) Electricity Aq 1yr
525,Nightsaver,91,11,6,72,11.3,6.19,0,,,EoN(2014-01-14) Electricity Aq 1yr
525,Nightsaver,91,11,5,72,11.12,6.22,0,,,EoN(2014-01-14) Electricity Aq 1yr
525,Nightsaver,91,11,8,72,11.5,6.04,0,,,EoN(2014-01-14) Electricity Aq 1yr
537,Nightsaver,910,11,7,72,11.44,6.11,0,,,EoN(2014-01-14) Electricity Aq 1yr
537,Nightsaver,910,11,6,72,11.3,6.19,0,,,EoN(2014-01-14) Electricity Aq 1yr
537,Nightsaver,910,11,5,72,11.12,6.22,0,,,EoN(2014-01-14) Electricity Aq 1yr
537,Nightsaver,910,11,8,72,11.5,6.04,0,,,EoN(2014-01-14) Electricity Aq 1yr
525,Nightsaver,172,11,7,72,11.44,6.11,0,,,EoN(2014-01-14) Electricity Aq 1yr
525,Nightsaver,172,11,6,72,11.3,6.19,0,,,EoN(2014-01-14) Electricity Aq 1yr
525,Nightsaver,172,11,5,72,11.12,6.22,0,,,EoN(2014-01-14) Electricity Aq 1yr
525,Nightsaver,172,11,8,72,11.5,6.04,0,,,EoN(2014-01-14) Electricity Aq 1yr
525,Nightsaver,164,11,7,72,11.44,6.11,0,,,EoN(2014-01-14) Electricity Aq 1yr
525,Nightsaver,164,11,6,72,11.3,6.19,0,,,EoN(2014-01-14) Electricity Aq 1yr
525,Nightsaver,164,11,5,72,11.12,6.22,0,,,EoN(2014-01-14) Electricity Aq 1yr
525,Nightsaver,164,11,8,72,11.5,6.04,0,,,EoN(2014-01-14) Electricity Aq 1yr
525,Nightsaver,163,11,7,72,11.44,6.11,0,,,EoN(2014-01-14) Electricity Aq 1yr
525,Nightsaver,163,11,6,72,11.3,6.19,0,,,EoN(2014-01-14) Electricity Aq 1yr
525,Nightsaver,163,11,5,72,11.12,6.22,0,,,EoN(2014-01-14) Electricity Aq 1yr
525,Nightsaver,163,11,8,72,11.5,6.04,0,,,EoN(2014-01-14) Electricity Aq 1yr
525,Nightsaver,97,11,7,72,11.44,6.11,0,,,EoN(2014-01-14) Electricity Aq 1yr
525,Nightsaver,97,11,6,72,11.3,6.19,0,,,EoN(2014-01-14) Electricity Aq 1yr
525,Nightsaver,97,11,5,72,11.12,6.22,0,,,EoN(2014-01-14) Electricity Aq 1yr
525,Nightsaver,97,11,8,72,11.5,6.04,0,,,EoN(2014-01-14) Electricity Aq 1yr
525,Nightsaver,95,11,7,72,11.44,6.11,0,,,EoN(2014-01-14) Electricity Aq 1yr
525,Nightsaver,95,11,6,72,11.3,6.19,0,,,EoN(2014-01-14) Electricity Aq 1yr
525,Nightsaver,95,11,5,72,11.12,6.22,0,,,EoN(2014-01-14) Electricity Aq 1yr
525,Nightsaver,95,11,8,72,11.5,6.04,0,,,EoN(2014-01-14) Electricity Aq 1yr
525,Nightsaver,175,11,7,72,11.44,6.11,0,,,EoN(2014-01-14) Electricity Aq 1yr
525,Nightsaver,175,11,6,72,11.3,6.19,0,,,EoN(2014-01-14) Electricity Aq 1yr
525,Nightsaver,175,11,5,72,11.12,6.22,0,,,EoN(2014-01-14) Electricity Aq 1yr
525,Nightsaver,175,11,8,72,11.5,6.04,0,,,EoN(2014-01-14) Electricity Aq 1yr
525,Nightsaver,92,11,7,72,11.44,6.11,0,,,EoN(2014-01-14) Electricity Aq 1yr
525,Nightsaver,92,11,6,72,11.3,6.19,0,,,EoN(2014-01-14) Electricity Aq 1yr
525,Nightsaver,92,11,5,72,11.12,6.22,0,,,EoN(2014-01-14) Electricity Aq 1yr
525,Nightsaver,92,11,8,72,11.5,6.04,0,,,EoN(2014-01-14) Electricity Aq 1yr
525,Nightsaver,177,11,7,72,11.44,6.11,0,,,EoN(2014-01-14) Electricity Aq 1yr
525,Nightsaver,177,11,6,72,11.3,6.19,0,,,EoN(2014-01-14) Electricity Aq 1yr
525,Nightsaver,177,11,5,72,11.12,6.22,0,,,EoN(2014-01-14) Electricity Aq 1yr
525,Nightsaver,177,11,8,72,11.5,6.04,0,,,EoN(2014-01-14) Electricity Aq 1yr
525,Nightsaver,90,11,7,72,11.44,6.11,0,,,EoN(2014-01-14) Electricity Aq 1yr
525,Nightsaver,90,11,6,72,11.3,6.19,0,,,EoN(2014-01-14) Electricity Aq 1yr
525,Nightsaver,90,11,5,72,11.12,6.22,0,,,EoN(2014-01-14) Electricity Aq 1yr
525,Nightsaver,90,11,8,72,11.5,6.04,0,,,EoN(2014-01-14) Electricity Aq 1yr
525,Nightsaver,84,11,7,72,11.44,6.11,0,,,EoN(2014-01-14) Electricity Aq 1yr
525,Nightsaver,84,11,6,72,11.3,6.19,0,,,EoN(2014-01-14) Electricity Aq 1yr
525,Nightsaver,84,11,5,72,11.12,6.22,0,,,EoN(2014-01-14) Electricity Aq 1yr
525,Nightsaver,84,11,8,72,11.5,6.04,0,,,EoN(2014-01-14) Electricity Aq 1yr
525,Nightsaver,83,11,7,72,11.44,6.11,0,,,EoN(2014-01-14) Electricity Aq 1yr
525,Nightsaver,83,11,6,72,11.3,6.19,0,,,EoN(2014-01-14) Electricity Aq 1yr
525,Nightsaver,83,11,5,72,11.12,6.22,0,,,EoN(2014-01-14) Electricity Aq 1yr
525,Nightsaver,83,11,8,72,11.5,6.04,0,,,EoN(2014-01-14) Electricity Aq 1yr
525,Nightsaver,82,11,7,72,11.44,6.11,0,,,EoN(2014-01-14) Electricity Aq 1yr
525,Nightsaver,82,11,6,72,11.3,6.19,0,,,EoN(2014-01-14) Electricity Aq 1yr
525,Nightsaver,82,11,5,72,11.12,6.22,0,,,EoN(2014-01-14) Electricity Aq 1yr
525,Nightsaver,82,11,8,72,11.5,6.04,0,,,EoN(2014-01-14) Electricity Aq 1yr
525,Nightsaver,81,11,7,72,11.44,6.11,0,,,EoN(2014-01-14) Electricity Aq 1yr
525,Nightsaver,81,11,6,72,11.3,6.19,0,,,EoN(2014-01-14) Electricity Aq 1yr
525,Nightsaver,81,11,5,72,11.12,6.22,0,,,EoN(2014-01-14) Electricity Aq 1yr
525,Nightsaver,81,11,8,72,11.5,6.04,0,,,EoN(2014-01-14) Electricity Aq 1yr
537,Nightsaver,917,11,7,72,11.44,6.11,0,,,EoN(2014-01-14) Electricity Aq 1yr
537,Nightsaver,917,11,6,72,11.3,6.19,0,,,EoN(2014-01-14) Electricity Aq 1yr
537,Nightsaver,917,11,5,72,11.12,6.22,0,,,EoN(2014-01-14) Electricity Aq 1yr
537,Nightsaver,917,11,8,72,11.5,6.04,0,,,EoN(2014-01-14) Electricity Aq 1yr
525,Nightsaver,93,11,7,72,11.44,6.11,0,,,EoN(2014-01-14) Electricity Aq 1yr
525,Nightsaver,93,11,6,72,11.3,6.19,0,,,EoN(2014-01-14) Electricity Aq 1yr
525,Nightsaver,93,11,5,72,11.12,6.22,0,,,EoN(2014-01-14) Electricity Aq 1yr
525,Nightsaver,93,11,8,72,11.5,6.04,0,,,EoN(2014-01-14) Electricity Aq 1yr
525,Nightsaver,913,11,7,72,11.44,6.11,0,,,EoN(2014-01-14) Electricity Aq 1yr
525,Nightsaver,913,11,6,72,11.3,6.19,0,,,EoN(2014-01-14) Electricity Aq 1yr
525,Nightsaver,913,11,5,72,11.12,6.22,0,,,EoN(2014-01-14) Electricity Aq 1yr
525,Nightsaver,913,11,8,72,11.5,6.04,0,,,EoN(2014-01-14) Electricity Aq 1yr
537,Nightsaver,909,11,7,72,11.44,6.11,0,,,EoN(2014-01-14) Electricity Aq 1yr
537,Nightsaver,909,11,6,72,11.3,6.19,0,,,EoN(2014-01-14) Electricity Aq 1yr
537,Nightsaver,909,11,5,72,11.12,6.22,0,,,EoN(2014-01-14) Electricity Aq 1yr
537,Nightsaver,909,11,8,72,11.5,6.04,0,,,EoN(2014-01-14) Electricity Aq 1yr
12,Nightsaver,909,11,7,72,11.44,6.11,0,,,EoN(2014-01-14) Electricity Aq 1yr
12,Nightsaver,909,11,6,72,11.3,6.19,0,,,EoN(2014-01-14) Electricity Aq 1yr
12,Nightsaver,909,11,5,72,11.12,6.22,0,,,EoN(2014-01-14) Electricity Aq 1yr
12,Nightsaver,909,11,8,72,11.5,6.04,0,,,EoN(2014-01-14) Electricity Aq 1yr
537,Nightsaver,911,11,7,72,11.44,6.11,0,,,EoN(2014-01-14) Electricity Aq 1yr
537,Nightsaver,911,11,6,72,11.3,6.19,0,,,EoN(2014-01-14) Electricity Aq 1yr
537,Nightsaver,911,11,5,72,11.12,6.22,0,,,EoN(2014-01-14) Electricity Aq 1yr
537,Nightsaver,911,11,8,72,11.5,6.04,0,,,EoN(2014-01-14) Electricity Aq 1yr
12,Nightsaver,82,11,7,72,11.44,6.11,0,,,EoN(2014-01-14) Electricity Aq 1yr
12,Nightsaver,82,11,6,72,11.3,6.19,0,,,EoN(2014-01-14) Electricity Aq 1yr
12,Nightsaver,82,11,5,72,11.12,6.22,0,,,EoN(2014-01-14) Electricity Aq 1yr
12,Nightsaver,82,11,8,72,11.5,6.04,0,,,EoN(2014-01-14) Electricity Aq 1yr
537,Nightsaver,913,11,7,72,11.44,6.11,0,,,EoN(2014-01-14) Electricity Aq 1yr
537,Nightsaver,913,11,6,72,11.3,6.19,0,,,EoN(2014-01-14) Electricity Aq 1yr
537,Nightsaver,913,11,5,72,11.12,6.22,0,,,EoN(2014-01-14) Electricity Aq 1yr
537,Nightsaver,913,11,8,72,11.5,6.04,0,,,EoN(2014-01-14) Electricity Aq 1yr
537,Nightsaver,916,11,7,72,11.44,6.11,0,,,EoN(2014-01-14) Electricity Aq 1yr
537,Nightsaver,916,11,6,72,11.3,6.19,0,,,EoN(2014-01-14) Electricity Aq 1yr
537,Nightsaver,916,11,5,72,11.12,6.22,0,,,EoN(2014-01-14) Electricity Aq 1yr
537,Nightsaver,916,11,8,72,11.5,6.04,0,,,EoN(2014-01-14) Electricity Aq 1yr
525,Nightsaver,173,11,7,72,11.44,6.11,0,,,EoN(2014-01-14) Electricity Aq 1yr
525,Nightsaver,173,11,6,72,11.3,6.19,0,,,EoN(2014-01-14) Electricity Aq 1yr
525,Nightsaver,173,11,5,72,11.12,6.22,0,,,EoN(2014-01-14) Electricity Aq 1yr
525,Nightsaver,173,11,8,72,11.5,6.04,0,,,EoN(2014-01-14) Electricity Aq 1yr
525,Nightsaver,916,11,7,72,11.44,6.11,0,,,EoN(2014-01-14) Electricity Aq 1yr
525,Nightsaver,916,11,6,72,11.3,6.19,0,,,EoN(2014-01-14) Electricity Aq 1yr
525,Nightsaver,916,11,5,72,11.12,6.22,0,,,EoN(2014-01-14) Electricity Aq 1yr
525,Nightsaver,916,11,8,72,11.5,6.04,0,,,EoN(2014-01-14) Electricity Aq 1yr
537,Nightsaver,84,11,7,72,11.44,6.11,0,,,EoN(2014-01-14) Electricity Aq 1yr
537,Nightsaver,84,11,6,72,11.3,6.19,0,,,EoN(2014-01-14) Electricity Aq 1yr
537,Nightsaver,84,11,5,72,11.12,6.22,0,,,EoN(2014-01-14) Electricity Aq 1yr
537,Nightsaver,84,11,8,72,11.5,6.04,0,,,EoN(2014-01-14) Electricity Aq 1yr
525,Nightsaver,911,11,7,72,11.44,6.11,0,,,EoN(2014-01-14) Electricity Aq 1yr
525,Nightsaver,911,11,6,72,11.3,6.19,0,,,EoN(2014-01-14) Electricity Aq 1yr
525,Nightsaver,911,11,5,72,11.12,6.22,0,,,EoN(2014-01-14) Electricity Aq 1yr
525,Nightsaver,911,11,8,72,11.5,6.04,0,,,EoN(2014-01-14) Electricity Aq 1yr
525,Nightsaver,910,11,7,72,11.44,6.11,0,,,EoN(2014-01-14) Electricity Aq 1yr
525,Nightsaver,910,11,6,72,11.3,6.19,0,,,EoN(2014-01-14) Electricity Aq 1yr
525,Nightsaver,910,11,5,72,11.12,6.22,0,,,EoN(2014-01-14) Electricity Aq 1yr
525,Nightsaver,910,11,8,72,11.5,6.04,0,,,EoN(2014-01-14) Electricity Aq 1yr
525,Nightsaver,909,11,7,72,11.44,6.11,0,,,EoN(2014-01-14) Electricity Aq 1yr
525,Nightsaver,909,11,6,72,11.3,6.19,0,,,EoN(2014-01-14) Electricity Aq 1yr
525,Nightsaver,909,11,5,72,11.12,6.22,0,,,EoN(2014-01-14) Electricity Aq 1yr
525,Nightsaver,909,11,8,72,11.5,6.04,0,,,EoN(2014-01-14) Electricity Aq 1yr
525,Nightsaver,906,11,7,72,11.44,6.11,0,,,EoN(2014-01-14) Electricity Aq 1yr
525,Nightsaver,906,11,6,72,11.3,6.19,0,,,EoN(2014-01-14) Electricity Aq 1yr
525,Nightsaver,906,11,5,72,11.12,6.22,0,,,EoN(2014-01-14) Electricity Aq 1yr
525,Nightsaver,906,11,8,72,11.5,6.04,0,,,EoN(2014-01-14) Electricity Aq 1yr
525,Nightsaver,905,11,7,72,11.44,6.11,0,,,EoN(2014-01-14) Electricity Aq 1yr
525,Nightsaver,905,11,6,72,11.3,6.19,0,,,EoN(2014-01-14) Electricity Aq 1yr
525,Nightsaver,905,11,5,72,11.12,6.22,0,,,EoN(2014-01-14) Electricity Aq 1yr
525,Nightsaver,905,11,8,72,11.5,6.04,0,,,EoN(2014-01-14) Electricity Aq 1yr
525,Nightsaver,904,11,7,72,11.44,6.11,0,,,EoN(2014-01-14) Electricity Aq 1yr
525,Nightsaver,904,11,6,72,11.3,6.19,0,,,EoN(2014-01-14) Electricity Aq 1yr
525,Nightsaver,904,11,5,72,11.12,6.22,0,,,EoN(2014-01-14) Electricity Aq 1yr
525,Nightsaver,904,11,8,72,11.5,6.04,0,,,EoN(2014-01-14) Electricity Aq 1yr
525,Nightsaver,917,11,7,72,11.44,6.11,0,,,EoN(2014-01-14) Electricity Aq 1yr
525,Nightsaver,917,11,6,72,11.3,6.19,0,,,EoN(2014-01-14) Electricity Aq 1yr
525,Nightsaver,917,11,5,72,11.12,6.22,0,,,EoN(2014-01-14) Electricity Aq 1yr
525,Nightsaver,917,11,8,72,11.5,6.04,0,,,EoN(2014-01-14) Electricity Aq 1yr
537,Nightsaver,91,11,7,72,11.44,6.11,0,,,EoN(2014-01-14) Electricity Aq 1yr
537,Nightsaver,91,11,6,72,11.3,6.19,0,,,EoN(2014-01-14) Electricity Aq 1yr
537,Nightsaver,91,11,5,72,11.12,6.22,0,,,EoN(2014-01-14) Electricity Aq 1yr
537,Nightsaver,91,11,8,72,11.5,6.04,0,,,EoN(2014-01-14) Electricity Aq 1yr
19,Nightsaver,91,11,7,72,11.44,6.11,0,,,EoN(2014-01-14) Electricity Aq 1yr
19,Nightsaver,91,11,6,72,11.3,6.19,0,,,EoN(2014-01-14) Electricity Aq 1yr
19,Nightsaver,91,11,5,72,11.12,6.22,0,,,EoN(2014-01-14) Electricity Aq 1yr
19,Nightsaver,91,11,8,72,11.5,6.04,0,,,EoN(2014-01-14) Electricity Aq 1yr
19,Nightsaver,905,11,7,72,11.44,6.11,0,,,EoN(2014-01-14) Electricity Aq 1yr
19,Nightsaver,905,11,6,72,11.3,6.19,0,,,EoN(2014-01-14) Electricity Aq 1yr
19,Nightsaver,905,11,5,72,11.12,6.22,0,,,EoN(2014-01-14) Electricity Aq 1yr
19,Nightsaver,905,11,8,72,11.5,6.04,0,,,EoN(2014-01-14) Electricity Aq 1yr
19,Nightsaver,904,11,7,72,11.44,6.11,0,,,EoN(2014-01-14) Electricity Aq 1yr
19,Nightsaver,904,11,6,72,11.3,6.19,0,,,EoN(2014-01-14) Electricity Aq 1yr
19,Nightsaver,904,11,5,72,11.12,6.22,0,,,EoN(2014-01-14) Electricity Aq 1yr
19,Nightsaver,904,11,8,72,11.5,6.04,0,,,EoN(2014-01-14) Electricity Aq 1yr
19,Nightsaver,177,11,7,72,11.44,6.11,0,,,EoN(2014-01-14) Electricity Aq 1yr
19,Nightsaver,177,11,6,72,11.3,6.19,0,,,EoN(2014-01-14) Electricity Aq 1yr
19,Nightsaver,177,11,5,72,11.12,6.22,0,,,EoN(2014-01-14) Electricity Aq 1yr
19,Nightsaver,177,11,8,72,11.5,6.04,0,,,EoN(2014-01-14) Electricity Aq 1yr
19,Nightsaver,175,11,7,72,11.44,6.11,0,,,EoN(2014-01-14) Electricity Aq 1yr
19,Nightsaver,175,11,6,72,11.3,6.19,0,,,EoN(2014-01-14) Electricity Aq 1yr
19,Nightsaver,175,11,5,72,11.12,6.22,0,,,EoN(2014-01-14) Electricity Aq 1yr
19,Nightsaver,175,11,8,72,11.5,6.04,0,,,EoN(2014-01-14) Electricity Aq 1yr
19,Nightsaver,173,11,7,72,11.44,6.11,0,,,EoN(2014-01-14) Electricity Aq 1yr
19,Nightsaver,173,11,6,72,11.3,6.19,0,,,EoN(2014-01-14) Electricity Aq 1yr
19,Nightsaver,173,11,5,72,11.12,6.22,0,,,EoN(2014-01-14) Electricity Aq 1yr
19,Nightsaver,173,11,8,72,11.5,6.04,0,,,EoN(2014-01-14) Electricity Aq 1yr
19,Nightsaver,906,11,7,72,11.44,6.11,0,,,EoN(2014-01-14) Electricity Aq 1yr
19,Nightsaver,906,11,6,72,11.3,6.19,0,,,EoN(2014-01-14) Electricity Aq 1yr
19,Nightsaver,906,11,5,72,11.12,6.22,0,,,EoN(2014-01-14) Electricity Aq 1yr
19,Nightsaver,906,11,8,72,11.5,6.04,0,,,EoN(2014-01-14) Electricity Aq 1yr
19,Nightsaver,163,11,7,72,11.44,6.11,0,,,EoN(2014-01-14) Electricity Aq 1yr
19,Nightsaver,163,11,6,72,11.3,6.19,0,,,EoN(2014-01-14) Electricity Aq 1yr
19,Nightsaver,163,11,5,72,11.12,6.22,0,,,EoN(2014-01-14) Electricity Aq 1yr
19,Nightsaver,163,11,8,72,11.5,6.04,0,,,EoN(2014-01-14) Electricity Aq 1yr
19,Nightsaver,909,11,7,72,11.44,6.11,0,,,EoN(2014-01-14) Electricity Aq 1yr
19,Nightsaver,909,11,6,72,11.3,6.19,0,,,EoN(2014-01-14) Electricity Aq 1yr
19,Nightsaver,909,11,5,72,11.12,6.22,0,,,EoN(2014-01-14) Electricity Aq 1yr
19,Nightsaver,909,11,8,72,11.5,6.04,0,,,EoN(2014-01-14) Electricity Aq 1yr
537,Nightsaver,81,11,7,72,11.44,6.11,0,,,EoN(2014-01-14) Electricity Aq 1yr
537,Nightsaver,81,11,6,72,11.3,6.19,0,,,EoN(2014-01-14) Electricity Aq 1yr
537,Nightsaver,81,11,5,72,11.12,6.22,0,,,EoN(2014-01-14) Electricity Aq 1yr
537,Nightsaver,81,11,8,72,11.5,6.04,0,,,EoN(2014-01-14) Electricity Aq 1yr
537,Nightsaver,82,11,7,72,11.44,6.11,0,,,EoN(2014-01-14) Electricity Aq 1yr
537,Nightsaver,82,11,6,72,11.3,6.19,0,,,EoN(2014-01-14) Electricity Aq 1yr
537,Nightsaver,82,11,5,72,11.12,6.22,0,,,EoN(2014-01-14) Electricity Aq 1yr
537,Nightsaver,82,11,8,72,11.5,6.04,0,,,EoN(2014-01-14) Electricity Aq 1yr
19,Nightsaver,97,11,7,72,11.44,6.11,0,,,EoN(2014-01-14) Electricity Aq 1yr
19,Nightsaver,97,11,6,72,11.3,6.19,0,,,EoN(2014-01-14) Electricity Aq 1yr
19,Nightsaver,97,11,5,72,11.12,6.22,0,,,EoN(2014-01-14) Electricity Aq 1yr
19,Nightsaver,97,11,8,72,11.5,6.04,0,,,EoN(2014-01-14) Electricity Aq 1yr
19,Nightsaver,95,11,7,72,11.44,6.11,0,,,EoN(2014-01-14) Electricity Aq 1yr
19,Nightsaver,95,11,6,72,11.3,6.19,0,,,EoN(2014-01-14) Electricity Aq 1yr
19,Nightsaver,95,11,5,72,11.12,6.22,0,,,EoN(2014-01-14) Electricity Aq 1yr
19,Nightsaver,95,11,8,72,11.5,6.04,0,,,EoN(2014-01-14) Electricity Aq 1yr
19,Nightsaver,93,11,7,72,11.44,6.11,0,,,EoN(2014-01-14) Electricity Aq 1yr
19,Nightsaver,93,11,6,72,11.3,6.19,0,,,EoN(2014-01-14) Electricity Aq 1yr
19,Nightsaver,93,11,5,72,11.12,6.22,0,,,EoN(2014-01-14) Electricity Aq 1yr
19,Nightsaver,93,11,8,72,11.5,6.04,0,,,EoN(2014-01-14) Electricity Aq 1yr
19,Nightsaver,92,11,7,72,11.44,6.11,0,,,EoN(2014-01-14) Electricity Aq 1yr
19,Nightsaver,92,11,6,72,11.3,6.19,0,,,EoN(2014-01-14) Electricity Aq 1yr
19,Nightsaver,92,11,5,72,11.12,6.22,0,,,EoN(2014-01-14) Electricity Aq 1yr
19,Nightsaver,92,11,8,72,11.5,6.04,0,,,EoN(2014-01-14) Electricity Aq 1yr
19,Nightsaver,172,11,7,72,11.44,6.11,0,,,EoN(2014-01-14) Electricity Aq 1yr
19,Nightsaver,172,11,6,72,11.3,6.19,0,,,EoN(2014-01-14) Electricity Aq 1yr
19,Nightsaver,172,11,5,72,11.12,6.22,0,,,EoN(2014-01-14) Electricity Aq 1yr
19,Nightsaver,172,11,8,72,11.5,6.04,0,,,EoN(2014-01-14) Electricity Aq 1yr
537,Nightsaver,95,11,7,72,11.44,6.11,0,,,EoN(2014-01-14) Electricity Aq 1yr
537,Nightsaver,95,11,6,72,11.3,6.19,0,,,EoN(2014-01-14) Electricity Aq 1yr
537,Nightsaver,95,11,5,72,11.12,6.22,0,,,EoN(2014-01-14) Electricity Aq 1yr
537,Nightsaver,95,11,8,72,11.5,6.04,0,,,EoN(2014-01-14) Electricity Aq 1yr
12,Nightsaver,95,11,7,72,11.44,6.11,0,,,EoN(2014-01-14) Electricity Aq 1yr
12,Nightsaver,95,11,6,72,11.3,6.19,0,,,EoN(2014-01-14) Electricity Aq 1yr
12,Nightsaver,95,11,5,72,11.12,6.22,0,,,EoN(2014-01-14) Electricity Aq 1yr
12,Nightsaver,95,11,8,72,11.5,6.04,0,,,EoN(2014-01-14) Electricity Aq 1yr
12,Nightsaver,97,11,7,72,11.44,6.11,0,,,EoN(2014-01-14) Electricity Aq 1yr
12,Nightsaver,97,11,6,72,11.3,6.19,0,,,EoN(2014-01-14) Electricity Aq 1yr
12,Nightsaver,97,11,5,72,11.12,6.22,0,,,EoN(2014-01-14) Electricity Aq 1yr
12,Nightsaver,97,11,8,72,11.5,6.04,0,,,EoN(2014-01-14) Electricity Aq 1yr
12,Nightsaver,163,11,7,72,11.44,6.11,0,,,EoN(2014-01-14) Electricity Aq 1yr
12,Nightsaver,163,11,6,72,11.3,6.19,0,,,EoN(2014-01-14) Electricity Aq 1yr
12,Nightsaver,163,11,5,72,11.12,6.22,0,,,EoN(2014-01-14) Electricity Aq 1yr
12,Nightsaver,163,11,8,72,11.5,6.04,0,,,EoN(2014-01-14) Electricity Aq 1yr
12,Nightsaver,164,11,7,72,11.44,6.11,0,,,EoN(2014-01-14) Electricity Aq 1yr
12,Nightsaver,164,11,6,72,11.3,6.19,0,,,EoN(2014-01-14) Electricity Aq 1yr
12,Nightsaver,164,11,5,72,11.12,6.22,0,,,EoN(2014-01-14) Electricity Aq 1yr
12,Nightsaver,164,11,8,72,11.5,6.04,0,,,EoN(2014-01-14) Electricity Aq 1yr
12,Nightsaver,906,11,7,72,11.44,6.11,0,,,EoN(2014-01-14) Electricity Aq 1yr
12,Nightsaver,906,11,6,72,11.3,6.19,0,,,EoN(2014-01-14) Electricity Aq 1yr
12,Nightsaver,906,11,5,72,11.12,6.22,0,,,EoN(2014-01-14) Electricity Aq 1yr
12,Nightsaver,906,11,8,72,11.5,6.04,0,,,EoN(2014-01-14) Electricity Aq 1yr
537,Nightsaver,92,11,7,72,11.44,6.11,0,,,EoN(2014-01-14) Electricity Aq 1yr
537,Nightsaver,92,11,6,72,11.3,6.19,0,,,EoN(2014-01-14) Electricity Aq 1yr
537,Nightsaver,92,11,5,72,11.12,6.22,0,,,EoN(2014-01-14) Electricity Aq 1yr
537,Nightsaver,92,11,8,72,11.5,6.04,0,,,EoN(2014-01-14) Electricity Aq 1yr
12,Nightsaver,93,11,7,72,11.44,6.11,0,,,EoN(2014-01-14) Electricity Aq 1yr
12,Nightsaver,93,11,6,72,11.3,6.19,0,,,EoN(2014-01-14) Electricity Aq 1yr
12,Nightsaver,93,11,5,72,11.12,6.22,0,,,EoN(2014-01-14) Electricity Aq 1yr
12,Nightsaver,93,11,8,72,11.5,6.04,0,,,EoN(2014-01-14) Electricity Aq 1yr
537,Nightsaver,93,11,7,72,11.44,6.11,0,,,EoN(2014-01-14) Electricity Aq 1yr
537,Nightsaver,93,11,6,72,11.3,6.19,0,,,EoN(2014-01-14) Electricity Aq 1yr
537,Nightsaver,93,11,5,72,11.12,6.22,0,,,EoN(2014-01-14) Electricity Aq 1yr
537,Nightsaver,93,11,8,72,11.5,6.04,0,,,EoN(2014-01-14) Electricity Aq 1yr
12,Nightsaver,92,11,7,72,11.44,6.11,0,,,EoN(2014-01-14) Electricity Aq 1yr
12,Nightsaver,92,11,6,72,11.3,6.19,0,,,EoN(2014-01-14) Electricity Aq 1yr
12,Nightsaver,92,11,5,72,11.12,6.22,0,,,EoN(2014-01-14) Electricity Aq 1yr
12,Nightsaver,92,11,8,72,11.5,6.04,0,,,EoN(2014-01-14) Electricity Aq 1yr
537,Nightsaver,97,11,7,72,11.44,6.11,0,,,EoN(2014-01-14) Electricity Aq 1yr
537,Nightsaver,97,11,6,72,11.3,6.19,0,,,EoN(2014-01-14) Electricity Aq 1yr
537,Nightsaver,97,11,5,72,11.12,6.22,0,,,EoN(2014-01-14) Electricity Aq 1yr
537,Nightsaver,97,11,8,72,11.5,6.04,0,,,EoN(2014-01-14) Electricity Aq 1yr
19,Nightsaver,917,11,7,72,11.44,6.11,0,,,EoN(2014-01-14) Electricity Aq 1yr
19,Nightsaver,917,11,6,72,11.3,6.19,0,,,EoN(2014-01-14) Electricity Aq 1yr
19,Nightsaver,917,11,5,72,11.12,6.22,0,,,EoN(2014-01-14) Electricity Aq 1yr
19,Nightsaver,917,11,8,72,11.5,6.04,0,,,EoN(2014-01-14) Electricity Aq 1yr
19,Nightsaver,916,11,7,72,11.44,6.11,0,,,EoN(2014-01-14) Electricity Aq 1yr
19,Nightsaver,916,11,6,72,11.3,6.19,0,,,EoN(2014-01-14) Electricity Aq 1yr
19,Nightsaver,916,11,5,72,11.12,6.22,0,,,EoN(2014-01-14) Electricity Aq 1yr
19,Nightsaver,916,11,8,72,11.5,6.04,0,,,EoN(2014-01-14) Electricity Aq 1yr
19,Nightsaver,913,11,7,72,11.44,6.11,0,,,EoN(2014-01-14) Electricity Aq 1yr
19,Nightsaver,913,11,6,72,11.3,6.19,0,,,EoN(2014-01-14) Electricity Aq 1yr
19,Nightsaver,913,11,5,72,11.12,6.22,0,,,EoN(2014-01-14) Electricity Aq 1yr
19,Nightsaver,913,11,8,72,11.5,6.04,0,,,EoN(2014-01-14) Electricity Aq 1yr
19,Nightsaver,911,11,7,72,11.44,6.11,0,,,EoN(2014-01-14) Electricity Aq 1yr
19,Nightsaver,911,11,6,72,11.3,6.19,0,,,EoN(2014-01-14) Electricity Aq 1yr
19,Nightsaver,911,11,5,72,11.12,6.22,0,,,EoN(2014-01-14) Electricity Aq 1yr
19,Nightsaver,911,11,8,72,11.5,6.04,0,,,EoN(2014-01-14) Electricity Aq 1yr
19,Nightsaver,910,11,7,72,11.44,6.11,0,,,EoN(2014-01-14) Electricity Aq 1yr
19,Nightsaver,910,11,6,72,11.3,6.19,0,,,EoN(2014-01-14) Electricity Aq 1yr
19,Nightsaver,910,11,5,72,11.12,6.22,0,,,EoN(2014-01-14) Electricity Aq 1yr
19,Nightsaver,910,11,8,72,11.5,6.04,0,,,EoN(2014-01-14) Electricity Aq 1yr
12,Nightsaver,172,11,7,72,11.44,6.11,0,,,EoN(2014-01-14) Electricity Aq 1yr
12,Nightsaver,172,11,6,72,11.3,6.19,0,,,EoN(2014-01-14) Electricity Aq 1yr
12,Nightsaver,172,11,5,72,11.12,6.22,0,,,EoN(2014-01-14) Electricity Aq 1yr
12,Nightsaver,172,11,8,72,11.5,6.04,0,,,EoN(2014-01-14) Electricity Aq 1yr
12,Nightsaver,904,11,7,72,11.44,6.11,0,,,EoN(2014-01-14) Electricity Aq 1yr
12,Nightsaver,904,11,6,72,11.3,6.19,0,,,EoN(2014-01-14) Electricity Aq 1yr
12,Nightsaver,904,11,5,72,11.12,6.22,0,,,EoN(2014-01-14) Electricity Aq 1yr
12,Nightsaver,904,11,8,72,11.5,6.04,0,,,EoN(2014-01-14) Electricity Aq 1yr
537,Nightsaver,90,11,7,72,11.44,6.11,0,,,EoN(2014-01-14) Electricity Aq 1yr
537,Nightsaver,90,11,6,72,11.3,6.19,0,,,EoN(2014-01-14) Electricity Aq 1yr
537,Nightsaver,90,11,5,72,11.12,6.22,0,,,EoN(2014-01-14) Electricity Aq 1yr
537,Nightsaver,90,11,8,72,11.5,6.04,0,,,EoN(2014-01-14) Electricity Aq 1yr
12,Nightsaver,173,11,7,72,11.44,6.11,0,,,EoN(2014-01-14) Electricity Aq 1yr
12,Nightsaver,173,11,6,72,11.3,6.19,0,,,EoN(2014-01-14) Electricity Aq 1yr
12,Nightsaver,173,11,5,72,11.12,6.22,0,,,EoN(2014-01-14) Electricity Aq 1yr
12,Nightsaver,173,11,8,72,11.5,6.04,0,,,EoN(2014-01-14) Electricity Aq 1yr
19,Nightsaver,164,11,7,72,11.44,6.11,0,,,EoN(2014-01-14) Electricity Aq 1yr
19,Nightsaver,164,11,6,72,11.3,6.19,0,,,EoN(2014-01-14) Electricity Aq 1yr
19,Nightsaver,164,11,5,72,11.12,6.22,0,,,EoN(2014-01-14) Electricity Aq 1yr
19,Nightsaver,164,11,8,72,11.5,6.04,0,,,EoN(2014-01-14) Electricity Aq 1yr
19,Nightsaver,84,11,7,72,11.44,6.11,0,,,EoN(2014-01-14) Electricity Aq 1yr
19,Nightsaver,84,11,6,72,11.3,6.19,0,,,EoN(2014-01-14) Electricity Aq 1yr
19,Nightsaver,84,11,5,72,11.12,6.22,0,,,EoN(2014-01-14) Electricity Aq 1yr
19,Nightsaver,84,11,8,72,11.5,6.04,0,,,EoN(2014-01-14) Electricity Aq 1yr
12,Nightsaver,175,11,7,72,11.44,6.11,0,,,EoN(2014-01-14) Electricity Aq 1yr
12,Nightsaver,175,11,6,72,11.3,6.19,0,,,EoN(2014-01-14) Electricity Aq 1yr
12,Nightsaver,175,11,5,72,11.12,6.22,0,,,EoN(2014-01-14) Electricity Aq 1yr
12,Nightsaver,175,11,8,72,11.5,6.04,0,,,EoN(2014-01-14) Electricity Aq 1yr
12,Nightsaver,177,11,7,72,11.44,6.11,0,,,EoN(2014-01-14) Electricity Aq 1yr
12,Nightsaver,177,11,6,72,11.3,6.19,0,,,EoN(2014-01-14) Electricity Aq 1yr
12,Nightsaver,177,11,5,72,11.12,6.22,0,,,EoN(2014-01-14) Electricity Aq 1yr
12,Nightsaver,177,11,8,72,11.5,6.04,0,,,EoN(2014-01-14) Electricity Aq 1yr
19,Nightsaver,90,11,7,72,11.44,6.11,0,,,EoN(2014-01-14) Electricity Aq 1yr
19,Nightsaver,90,11,6,72,11.3,6.19,0,,,EoN(2014-01-14) Electricity Aq 1yr
19,Nightsaver,90,11,5,72,11.12,6.22,0,,,EoN(2014-01-14) Electricity Aq 1yr
19,Nightsaver,90,11,8,72,11.5,6.04,0,,,EoN(2014-01-14) Electricity Aq 1yr
19,Nightsaver,83,11,7,72,11.44,6.11,0,,,EoN(2014-01-14) Electricity Aq 1yr
19,Nightsaver,83,11,6,72,11.3,6.19,0,,,EoN(2014-01-14) Electricity Aq 1yr
19,Nightsaver,83,11,5,72,11.12,6.22,0,,,EoN(2014-01-14) Electricity Aq 1yr
19,Nightsaver,83,11,8,72,11.5,6.04,0,,,EoN(2014-01-14) Electricity Aq 1yr
19,Nightsaver,82,11,7,72,11.44,6.11,0,,,EoN(2014-01-14) Electricity Aq 1yr
19,Nightsaver,82,11,6,72,11.3,6.19,0,,,EoN(2014-01-14) Electricity Aq 1yr
19,Nightsaver,82,11,5,72,11.12,6.22,0,,,EoN(2014-01-14) Electricity Aq 1yr
19,Nightsaver,82,11,8,72,11.5,6.04,0,,,EoN(2014-01-14) Electricity Aq 1yr
12,Nightsaver,905,11,7,72,11.44,6.11,0,,,EoN(2014-01-14) Electricity Aq 1yr
12,Nightsaver,905,11,6,72,11.3,6.19,0,,,EoN(2014-01-14) Electricity Aq 1yr
12,Nightsaver,905,11,5,72,11.12,6.22,0,,,EoN(2014-01-14) Electricity Aq 1yr
12,Nightsaver,905,11,8,72,11.5,6.04,0,,,EoN(2014-01-14) Electricity Aq 1yr
152,Nightsaver,9,11,7,72,11.44,6.11,0,,,EoN(2014-01-14) Electricity Aq 1yr
152,Nightsaver,9,11,6,72,11.3,6.19,0,,,EoN(2014-01-14) Electricity Aq 1yr
152,Nightsaver,9,11,5,72,11.12,6.22,0,,,EoN(2014-01-14) Electricity Aq 1yr
152,Nightsaver,9,11,8,72,11.5,6.04,0,,,EoN(2014-01-14) Electricity Aq 1yr
112,Nightsaver,2,11,7,72,11.44,6.11,0,,,EoN(2014-01-14) Electricity Aq 1yr
112,Nightsaver,2,11,6,72,11.3,6.19,0,,,EoN(2014-01-14) Electricity Aq 1yr
112,Nightsaver,2,11,5,72,11.12,6.22,0,,,EoN(2014-01-14) Electricity Aq 1yr
112,Nightsaver,2,11,8,72,11.5,6.04,0,,,EoN(2014-01-14) Electricity Aq 1yr
544,Nightsaver,105,11,7,72,11.44,6.11,0,,,EoN(2014-01-14) Electricity Aq 1yr
544,Nightsaver,105,11,6,72,11.3,6.19,0,,,EoN(2014-01-14) Electricity Aq 1yr
544,Nightsaver,105,11,5,72,11.12,6.22,0,,,EoN(2014-01-14) Electricity Aq 1yr
544,Nightsaver,105,11,8,72,11.5,6.04,0,,,EoN(2014-01-14) Electricity Aq 1yr
108,Nightsaver,2,11,7,72,11.44,6.11,0,,,EoN(2014-01-14) Electricity Aq 1yr
108,Nightsaver,2,11,6,72,11.3,6.19,0,,,EoN(2014-01-14) Electricity Aq 1yr
108,Nightsaver,2,11,5,72,11.12,6.22,0,,,EoN(2014-01-14) Electricity Aq 1yr
108,Nightsaver,2,11,8,72,11.5,6.04,0,,,EoN(2014-01-14) Electricity Aq 1yr
650,Nightsaver,9,11,7,72,11.44,6.11,0,,,EoN(2014-01-14) Electricity Aq 1yr
650,Nightsaver,9,11,6,72,11.3,6.19,0,,,EoN(2014-01-14) Electricity Aq 1yr
650,Nightsaver,9,11,5,72,11.12,6.22,0,,,EoN(2014-01-14) Electricity Aq 1yr
650,Nightsaver,9,11,8,72,11.5,6.04,0,,,EoN(2014-01-14) Electricity Aq 1yr
23,Nightsaver,5,11,7,72,11.44,6.11,0,,,EoN(2014-01-14) Electricity Aq 1yr
23,Nightsaver,5,11,6,72,11.3,6.19,0,,,EoN(2014-01-14) Electricity Aq 1yr
23,Nightsaver,5,11,5,72,11.12,6.22,0,,,EoN(2014-01-14) Electricity Aq 1yr
23,Nightsaver,5,11,8,72,11.5,6.04,0,,,EoN(2014-01-14) Electricity Aq 1yr
615,Nightsaver,2,11,7,72,11.44,6.11,0,,,EoN(2014-01-14) Electricity Aq 1yr
615,Nightsaver,2,11,6,72,11.3,6.19,0,,,EoN(2014-01-14) Electricity Aq 1yr
615,Nightsaver,2,11,5,72,11.12,6.22,0,,,EoN(2014-01-14) Electricity Aq 1yr
615,Nightsaver,2,11,8,72,11.5,6.04,0,,,EoN(2014-01-14) Electricity Aq 1yr
26,Nightsaver,101,11,7,72,11.44,6.11,0,,,EoN(2014-01-14) Electricity Aq 1yr
26,Nightsaver,101,11,6,72,11.3,6.19,0,,,EoN(2014-01-14) Electricity Aq 1yr
26,Nightsaver,101,11,5,72,11.12,6.22,0,,,EoN(2014-01-14) Electricity Aq 1yr
26,Nightsaver,101,11,8,72,11.5,6.04,0,,,EoN(2014-01-14) Electricity Aq 1yr
26,Nightsaver,105,11,7,72,11.44,6.11,0,,,EoN(2014-01-14) Electricity Aq 1yr
26,Nightsaver,105,11,6,72,11.3,6.19,0,,,EoN(2014-01-14) Electricity Aq 1yr
26,Nightsaver,105,11,5,72,11.12,6.22,0,,,EoN(2014-01-14) Electricity Aq 1yr
26,Nightsaver,105,11,8,72,11.5,6.04,0,,,EoN(2014-01-14) Electricity Aq 1yr
108,Nightsaver,9,11,7,72,11.44,6.11,0,,,EoN(2014-01-14) Electricity Aq 1yr
108,Nightsaver,9,11,6,72,11.3,6.19,0,,,EoN(2014-01-14) Electricity Aq 1yr
108,Nightsaver,9,11,5,72,11.12,6.22,0,,,EoN(2014-01-14) Electricity Aq 1yr
108,Nightsaver,9,11,8,72,11.5,6.04,0,,,EoN(2014-01-14) Electricity Aq 1yr
26,Nightsaver,1,11,7,72,11.44,6.11,0,,,EoN(2014-01-14) Electricity Aq 1yr
26,Nightsaver,1,11,6,72,11.3,6.19,0,,,EoN(2014-01-14) Electricity Aq 1yr
26,Nightsaver,1,11,5,72,11.12,6.22,0,,,EoN(2014-01-14) Electricity Aq 1yr
26,Nightsaver,1,11,8,72,11.5,6.04,0,,,EoN(2014-01-14) Electricity Aq 1yr
26,Nightsaver,3,11,7,72,11.44,6.11,0,,,EoN(2014-01-14) Electricity Aq 1yr
26,Nightsaver,3,11,6,72,11.3,6.19,0,,,EoN(2014-01-14) Electricity Aq 1yr
26,Nightsaver,3,11,5,72,11.12,6.22,0,,,EoN(2014-01-14) Electricity Aq 1yr
26,Nightsaver,3,11,8,72,11.5,6.04,0,,,EoN(2014-01-14) Electricity Aq 1yr
550,Nightsaver,1,11,7,72,11.44,6.11,0,,,EoN(2014-01-14) Electricity Aq 1yr
550,Nightsaver,1,11,6,72,11.3,6.19,0,,,EoN(2014-01-14) Electricity Aq 1yr
550,Nightsaver,1,11,5,72,11.12,6.22,0,,,EoN(2014-01-14) Electricity Aq 1yr
550,Nightsaver,1,11,8,72,11.5,6.04,0,,,EoN(2014-01-14) Electricity Aq 1yr
112,Nightsaver,3,11,7,72,11.44,6.11,0,,,EoN(2014-01-14) Electricity Aq 1yr
112,Nightsaver,3,11,6,72,11.3,6.19,0,,,EoN(2014-01-14) Electricity Aq 1yr
112,Nightsaver,3,11,5,72,11.12,6.22,0,,,EoN(2014-01-14) Electricity Aq 1yr
112,Nightsaver,3,11,8,72,11.5,6.04,0,,,EoN(2014-01-14) Electricity Aq 1yr
615,Nightsaver,9,11,7,72,11.44,6.11,0,,,EoN(2014-01-14) Electricity Aq 1yr
615,Nightsaver,9,11,6,72,11.3,6.19,0,,,EoN(2014-01-14) Electricity Aq 1yr
615,Nightsaver,9,11,5,72,11.12,6.22,0,,,EoN(2014-01-14) Electricity Aq 1yr
615,Nightsaver,9,11,8,72,11.5,6.04,0,,,EoN(2014-01-14) Electricity Aq 1yr
650,Nightsaver,3,11,7,72,11.44,6.11,0,,,EoN(2014-01-14) Electricity Aq 1yr
650,Nightsaver,3,11,6,72,11.3,6.19,0,,,EoN(2014-01-14) Electricity Aq 1yr
650,Nightsaver,3,11,5,72,11.12,6.22,0,,,EoN(2014-01-14) Electricity Aq 1yr
650,Nightsaver,3,11,8,72,11.5,6.04,0,,,EoN(2014-01-14) Electricity Aq 1yr
544,Nightsaver,101,11,7,72,11.44,6.11,0,,,EoN(2014-01-14) Electricity Aq 1yr
544,Nightsaver,101,11,6,72,11.3,6.19,0,,,EoN(2014-01-14) Electricity Aq 1yr
544,Nightsaver,101,11,5,72,11.12,6.22,0,,,EoN(2014-01-14) Electricity Aq 1yr
544,Nightsaver,101,11,8,72,11.5,6.04,0,,,EoN(2014-01-14) Electricity Aq 1yr
544,Nightsaver,5,11,7,72,11.44,6.11,0,,,EoN(2014-01-14) Electricity Aq 1yr
544,Nightsaver,5,11,6,72,11.3,6.19,0,,,EoN(2014-01-14) Electricity Aq 1yr
544,Nightsaver,5,11,5,72,11.12,6.22,0,,,EoN(2014-01-14) Electricity Aq 1yr
544,Nightsaver,5,11,8,72,11.5,6.04,0,,,EoN(2014-01-14) Electricity Aq 1yr
23,Nightsaver,1,11,7,72,11.44,6.11,0,,,EoN(2014-01-14) Electricity Aq 1yr
23,Nightsaver,1,11,6,72,11.3,6.19,0,,,EoN(2014-01-14) Electricity Aq 1yr
23,Nightsaver,1,11,5,72,11.12,6.22,0,,,EoN(2014-01-14) Electricity Aq 1yr
23,Nightsaver,1,11,8,72,11.5,6.04,0,,,EoN(2014-01-14) Electricity Aq 1yr
23,Nightsaver,3,11,7,72,11.44,6.11,0,,,EoN(2014-01-14) Electricity Aq 1yr
23,Nightsaver,3,11,6,72,11.3,6.19,0,,,EoN(2014-01-14) Electricity Aq 1yr
23,Nightsaver,3,11,5,72,11.12,6.22,0,,,EoN(2014-01-14) Electricity Aq 1yr
23,Nightsaver,3,11,8,72,11.5,6.04,0,,,EoN(2014-01-14) Electricity Aq 1yr
544,Nightsaver,3,11,7,72,11.44,6.11,0,,,EoN(2014-01-14) Electricity Aq 1yr
544,Nightsaver,3,11,6,72,11.3,6.19,0,,,EoN(2014-01-14) Electricity Aq 1yr
544,Nightsaver,3,11,5,72,11.12,6.22,0,,,EoN(2014-01-14) Electricity Aq 1yr
544,Nightsaver,3,11,8,72,11.5,6.04,0,,,EoN(2014-01-14) Electricity Aq 1yr
544,Nightsaver,1,11,7,72,11.44,6.11,0,,,EoN(2014-01-14) Electricity Aq 1yr
544,Nightsaver,1,11,6,72,11.3,6.19,0,,,EoN(2014-01-14) Electricity Aq 1yr
544,Nightsaver,1,11,5,72,11.12,6.22,0,,,EoN(2014-01-14) Electricity Aq 1yr
544,Nightsaver,1,11,8,72,11.5,6.04,0,,,EoN(2014-01-14) Electricity Aq 1yr
152,Nightsaver,3,11,7,72,11.44,6.11,0,,,EoN(2014-01-14) Electricity Aq 1yr
152,Nightsaver,3,11,6,72,11.3,6.19,0,,,EoN(2014-01-14) Electricity Aq 1yr
152,Nightsaver,3,11,5,72,11.12,6.22,0,,,EoN(2014-01-14) Electricity Aq 1yr
152,Nightsaver,3,11,8,72,11.5,6.04,0,,,EoN(2014-01-14) Electricity Aq 1yr
152,Nightsaver,2,11,7,72,11.44,6.11,0,,,EoN(2014-01-14) Electricity Aq 1yr
152,Nightsaver,2,11,6,72,11.3,6.19,0,,,EoN(2014-01-14) Electricity Aq 1yr
152,Nightsaver,2,11,5,72,11.12,6.22,0,,,EoN(2014-01-14) Electricity Aq 1yr
152,Nightsaver,2,11,8,72,11.5,6.04,0,,,EoN(2014-01-14) Electricity Aq 1yr
23,Nightsaver,101,11,7,72,11.44,6.11,0,,,EoN(2014-01-14) Electricity Aq 1yr
23,Nightsaver,101,11,6,72,11.3,6.19,0,,,EoN(2014-01-14) Electricity Aq 1yr
23,Nightsaver,101,11,5,72,11.12,6.22,0,,,EoN(2014-01-14) Electricity Aq 1yr
23,Nightsaver,101,11,8,72,11.5,6.04,0,,,EoN(2014-01-14) Electricity Aq 1yr
23,Nightsaver,105,11,7,72,11.44,6.11,0,,,EoN(2014-01-14) Electricity Aq 1yr
23,Nightsaver,105,11,6,72,11.3,6.19,0,,,EoN(2014-01-14) Electricity Aq 1yr
23,Nightsaver,105,11,5,72,11.12,6.22,0,,,EoN(2014-01-14) Electricity Aq 1yr
23,Nightsaver,105,11,8,72,11.5,6.04,0,,,EoN(2014-01-14) Electricity Aq 1yr
655,Nightsaver,3,11,7,72,11.44,6.11,0,,,EoN(2014-01-14) Electricity Aq 1yr
655,Nightsaver,3,11,6,72,11.3,6.19,0,,,EoN(2014-01-14) Electricity Aq 1yr
655,Nightsaver,3,11,5,72,11.12,6.22,0,,,EoN(2014-01-14) Electricity Aq 1yr
655,Nightsaver,3,11,8,72,11.5,6.04,0,,,EoN(2014-01-14) Electricity Aq 1yr
655,Nightsaver,2,11,7,72,11.44,6.11,0,,,EoN(2014-01-14) Electricity Aq 1yr
655,Nightsaver,2,11,6,72,11.3,6.19,0,,,EoN(2014-01-14) Electricity Aq 1yr
655,Nightsaver,2,11,5,72,11.12,6.22,0,,,EoN(2014-01-14) Electricity Aq 1yr
655,Nightsaver,2,11,8,72,11.5,6.04,0,,,EoN(2014-01-14) Electricity Aq 1yr
615,Nightsaver,3,11,7,72,11.44,6.11,0,,,EoN(2014-01-14) Electricity Aq 1yr
615,Nightsaver,3,11,6,72,11.3,6.19,0,,,EoN(2014-01-14) Electricity Aq 1yr
615,Nightsaver,3,11,5,72,11.12,6.22,0,,,EoN(2014-01-14) Electricity Aq 1yr
615,Nightsaver,3,11,8,72,11.5,6.04,0,,,EoN(2014-01-14) Electricity Aq 1yr
610,Nightsaver,3,11,7,72,11.44,6.11,0,,,EoN(2014-01-14) Electricity Aq 1yr
610,Nightsaver,3,11,6,72,11.3,6.19,0,,,EoN(2014-01-14) Electricity Aq 1yr
610,Nightsaver,3,11,5,72,11.12,6.22,0,,,EoN(2014-01-14) Electricity Aq 1yr
610,Nightsaver,3,11,8,72,11.5,6.04,0,,,EoN(2014-01-14) Electricity Aq 1yr
650,Nightsaver,2,11,7,72,11.44,6.11,0,,,EoN(2014-01-14) Electricity Aq 1yr
650,Nightsaver,2,11,6,72,11.3,6.19,0,,,EoN(2014-01-14) Electricity Aq 1yr
650,Nightsaver,2,11,5,72,11.12,6.22,0,,,EoN(2014-01-14) Electricity Aq 1yr
650,Nightsaver,2,11,8,72,11.5,6.04,0,,,EoN(2014-01-14) Electricity Aq 1yr
148,Nightsaver,2,11,7,72,11.44,6.11,0,,,EoN(2014-01-14) Electricity Aq 1yr
148,Nightsaver,2,11,6,72,11.3,6.19,0,,,EoN(2014-01-14) Electricity Aq 1yr
148,Nightsaver,2,11,5,72,11.12,6.22,0,,,EoN(2014-01-14) Electricity Aq 1yr
148,Nightsaver,2,11,8,72,11.5,6.04,0,,,EoN(2014-01-14) Electricity Aq 1yr
655,Nightsaver,9,11,7,72,11.44,6.11,0,,,EoN(2014-01-14) Electricity Aq 1yr
655,Nightsaver,9,11,6,72,11.3,6.19,0,,,EoN(2014-01-14) Electricity Aq 1yr
655,Nightsaver,9,11,5,72,11.12,6.22,0,,,EoN(2014-01-14) Electricity Aq 1yr
655,Nightsaver,9,11,8,72,11.5,6.04,0,,,EoN(2014-01-14) Electricity Aq 1yr
148,Nightsaver,3,11,7,72,11.44,6.11,0,,,EoN(2014-01-14) Electricity Aq 1yr
148,Nightsaver,3,11,6,72,11.3,6.19,0,,,EoN(2014-01-14) Electricity Aq 1yr
148,Nightsaver,3,11,5,72,11.12,6.22,0,,,EoN(2014-01-14) Electricity Aq 1yr
148,Nightsaver,3,11,8,72,11.5,6.04,0,,,EoN(2014-01-14) Electricity Aq 1yr
610,Nightsaver,2,11,7,72,11.44,6.11,0,,,EoN(2014-01-14) Electricity Aq 1yr
610,Nightsaver,2,11,6,72,11.3,6.19,0,,,EoN(2014-01-14) Electricity Aq 1yr
610,Nightsaver,2,11,5,72,11.12,6.22,0,,,EoN(2014-01-14) Electricity Aq 1yr
610,Nightsaver,2,11,8,72,11.5,6.04,0,,,EoN(2014-01-14) Electricity Aq 1yr
550,Nightsaver,5,11,7,72,11.44,6.11,0,,,EoN(2014-01-14) Electricity Aq 1yr
550,Nightsaver,5,11,6,72,11.3,6.19,0,,,EoN(2014-01-14) Electricity Aq 1yr
550,Nightsaver,5,11,5,72,11.12,6.22,0,,,EoN(2014-01-14) Electricity Aq 1yr
550,Nightsaver,5,11,8,72,11.5,6.04,0,,,EoN(2014-01-14) Electricity Aq 1yr
610,Nightsaver,9,11,7,72,11.44,6.11,0,,,EoN(2014-01-14) Electricity Aq 1yr
610,Nightsaver,9,11,6,72,11.3,6.19,0,,,EoN(2014-01-14) Electricity Aq 1yr
610,Nightsaver,9,11,5,72,11.12,6.22,0,,,EoN(2014-01-14) Electricity Aq 1yr
610,Nightsaver,9,11,8,72,11.5,6.04,0,,,EoN(2014-01-14) Electricity Aq 1yr
550,Nightsaver,105,11,7,72,11.44,6.11,0,,,EoN(2014-01-14) Electricity Aq 1yr
550,Nightsaver,105,11,6,72,11.3,6.19,0,,,EoN(2014-01-14) Electricity Aq 1yr
550,Nightsaver,105,11,5,72,11.12,6.22,0,,,EoN(2014-01-14) Electricity Aq 1yr
550,Nightsaver,105,11,8,72,11.5,6.04,0,,,EoN(2014-01-14) Electricity Aq 1yr
112,Nightsaver,9,11,7,72,11.44,6.11,0,,,EoN(2014-01-14) Electricity Aq 1yr
112,Nightsaver,9,11,6,72,11.3,6.19,0,,,EoN(2014-01-14) Electricity Aq 1yr
112,Nightsaver,9,11,5,72,11.12,6.22,0,,,EoN(2014-01-14) Electricity Aq 1yr
112,Nightsaver,9,11,8,72,11.5,6.04,0,,,EoN(2014-01-14) Electricity Aq 1yr
26,Nightsaver,5,11,7,72,11.44,6.11,0,,,EoN(2014-01-14) Electricity Aq 1yr
26,Nightsaver,5,11,6,72,11.3,6.19,0,,,EoN(2014-01-14) Electricity Aq 1yr
26,Nightsaver,5,11,5,72,11.12,6.22,0,,,EoN(2014-01-14) Electricity Aq 1yr
26,Nightsaver,5,11,8,72,11.5,6.04,0,,,EoN(2014-01-14) Electricity Aq 1yr
550,Nightsaver,3,11,7,72,11.44,6.11,0,,,EoN(2014-01-14) Electricity Aq 1yr
550,Nightsaver,3,11,6,72,11.3,6.19,0,,,EoN(2014-01-14) Electricity Aq 1yr
550,Nightsaver,3,11,5,72,11.12,6.22,0,,,EoN(2014-01-14) Electricity Aq 1yr
550,Nightsaver,3,11,8,72,11.5,6.04,0,,,EoN(2014-01-14) Electricity Aq 1yr
108,Nightsaver,3,11,7,72,11.44,6.11,0,,,EoN(2014-01-14) Electricity Aq 1yr
108,Nightsaver,3,11,6,72,11.3,6.19,0,,,EoN(2014-01-14) Electricity Aq 1yr
108,Nightsaver,3,11,5,72,11.12,6.22,0,,,EoN(2014-01-14) Electricity Aq 1yr
108,Nightsaver,3,11,8,72,11.5,6.04,0,,,EoN(2014-01-14) Electricity Aq 1yr
550,Nightsaver,101,11,7,72,11.44,6.11,0,,,EoN(2014-01-14) Electricity Aq 1yr
550,Nightsaver,101,11,6,72,11.3,6.19,0,,,EoN(2014-01-14) Electricity Aq 1yr
550,Nightsaver,101,11,5,72,11.12,6.22,0,,,EoN(2014-01-14) Electricity Aq 1yr
550,Nightsaver,101,11,8,72,11.5,6.04,0,,,EoN(2014-01-14) Electricity Aq 1yr
148,Nightsaver,9,11,7,72,11.44,6.11,0,,,EoN(2014-01-14) Electricity Aq 1yr
148,Nightsaver,9,11,6,72,11.3,6.19,0,,,EoN(2014-01-14) Electricity Aq 1yr
148,Nightsaver,9,11,5,72,11.12,6.22,0,,,EoN(2014-01-14) Electricity Aq 1yr
148,Nightsaver,9,11,8,72,11.5,6.04,0,,,EoN(2014-01-14) Electricity Aq 1yr
24,Nightsaver,3,11,7,72,11.44,6.11,0,,,EoN(2014-01-14) Electricity Aq 1yr
24,Nightsaver,3,11,6,72,11.3,6.19,0,,,EoN(2014-01-14) Electricity Aq 1yr
24,Nightsaver,3,11,5,72,11.12,6.22,0,,,EoN(2014-01-14) Electricity Aq 1yr
24,Nightsaver,3,11,8,72,11.5,6.04,0,,,EoN(2014-01-14) Electricity Aq 1yr
153,Nightsaver,2,11,7,72,11.44,6.11,0,,,EoN(2014-01-14) Electricity Aq 1yr
153,Nightsaver,2,11,6,72,11.3,6.19,0,,,EoN(2014-01-14) Electricity Aq 1yr
153,Nightsaver,2,11,5,72,11.12,6.22,0,,,EoN(2014-01-14) Electricity Aq 1yr
153,Nightsaver,2,11,8,72,11.5,6.04,0,,,EoN(2014-01-14) Electricity Aq 1yr
545,Nightsaver,101,11,7,72,11.44,6.11,0,,,EoN(2014-01-14) Electricity Aq 1yr
545,Nightsaver,101,11,6,72,11.3,6.19,0,,,EoN(2014-01-14) Electricity Aq 1yr
545,Nightsaver,101,11,5,72,11.12,6.22,0,,,EoN(2014-01-14) Electricity Aq 1yr
545,Nightsaver,101,11,8,72,11.5,6.04,0,,,EoN(2014-01-14) Electricity Aq 1yr
545,Nightsaver,5,11,7,72,11.44,6.11,0,,,EoN(2014-01-14) Electricity Aq 1yr
545,Nightsaver,5,11,6,72,11.3,6.19,0,,,EoN(2014-01-14) Electricity Aq 1yr
545,Nightsaver,5,11,5,72,11.12,6.22,0,,,EoN(2014-01-14) Electricity Aq 1yr
545,Nightsaver,5,11,8,72,11.5,6.04,0,,,EoN(2014-01-14) Electricity Aq 1yr
545,Nightsaver,105,11,7,72,11.44,6.11,0,,,EoN(2014-01-14) Electricity Aq 1yr
545,Nightsaver,105,11,6,72,11.3,6.19,0,,,EoN(2014-01-14) Electricity Aq 1yr
545,Nightsaver,105,11,5,72,11.12,6.22,0,,,EoN(2014-01-14) Electricity Aq 1yr
545,Nightsaver,105,11,8,72,11.5,6.04,0,,,EoN(2014-01-14) Electricity Aq 1yr
545,Nightsaver,3,11,7,72,11.44,6.11,0,,,EoN(2014-01-14) Electricity Aq 1yr
545,Nightsaver,3,11,6,72,11.3,6.19,0,,,EoN(2014-01-14) Electricity Aq 1yr
545,Nightsaver,3,11,5,72,11.12,6.22,0,,,EoN(2014-01-14) Electricity Aq 1yr
545,Nightsaver,3,11,8,72,11.5,6.04,0,,,EoN(2014-01-14) Electricity Aq 1yr
545,Nightsaver,1,11,7,72,11.44,6.11,0,,,EoN(2014-01-14) Electricity Aq 1yr
545,Nightsaver,1,11,6,72,11.3,6.19,0,,,EoN(2014-01-14) Electricity Aq 1yr
545,Nightsaver,1,11,5,72,11.12,6.22,0,,,EoN(2014-01-14) Electricity Aq 1yr
545,Nightsaver,1,11,8,72,11.5,6.04,0,,,EoN(2014-01-14) Electricity Aq 1yr
611,Nightsaver,2,11,7,72,11.44,6.11,0,,,EoN(2014-01-14) Electricity Aq 1yr
611,Nightsaver,2,11,6,72,11.3,6.19,0,,,EoN(2014-01-14) Electricity Aq 1yr
611,Nightsaver,2,11,5,72,11.12,6.22,0,,,EoN(2014-01-14) Electricity Aq 1yr
611,Nightsaver,2,11,8,72,11.5,6.04,0,,,EoN(2014-01-14) Electricity Aq 1yr
611,Nightsaver,3,11,7,72,11.44,6.11,0,,,EoN(2014-01-14) Electricity Aq 1yr
611,Nightsaver,3,11,6,72,11.3,6.19,0,,,EoN(2014-01-14) Electricity Aq 1yr
611,Nightsaver,3,11,5,72,11.12,6.22,0,,,EoN(2014-01-14) Electricity Aq 1yr
611,Nightsaver,3,11,8,72,11.5,6.04,0,,,EoN(2014-01-14) Electricity Aq 1yr
24,Nightsaver,101,11,7,72,11.44,6.11,0,,,EoN(2014-01-14) Electricity Aq 1yr
24,Nightsaver,101,11,6,72,11.3,6.19,0,,,EoN(2014-01-14) Electricity Aq 1yr
24,Nightsaver,101,11,5,72,11.12,6.22,0,,,EoN(2014-01-14) Electricity Aq 1yr
24,Nightsaver,101,11,8,72,11.5,6.04,0,,,EoN(2014-01-14) Electricity Aq 1yr
24,Nightsaver,105,11,7,72,11.44,6.11,0,,,EoN(2014-01-14) Electricity Aq 1yr
24,Nightsaver,105,11,6,72,11.3,6.19,0,,,EoN(2014-01-14) Electricity Aq 1yr
24,Nightsaver,105,11,5,72,11.12,6.22,0,,,EoN(2014-01-14) Electricity Aq 1yr
24,Nightsaver,105,11,8,72,11.5,6.04,0,,,EoN(2014-01-14) Electricity Aq 1yr
27,Nightsaver,1,11,7,72,11.44,6.11,0,,,EoN(2014-01-14) Electricity Aq 1yr
27,Nightsaver,1,11,6,72,11.3,6.19,0,,,EoN(2014-01-14) Electricity Aq 1yr
27,Nightsaver,1,11,5,72,11.12,6.22,0,,,EoN(2014-01-14) Electricity Aq 1yr
27,Nightsaver,1,11,8,72,11.5,6.04,0,,,EoN(2014-01-14) Electricity Aq 1yr
113,Nightsaver,2,11,7,72,11.44,6.11,0,,,EoN(2014-01-14) Electricity Aq 1yr
113,Nightsaver,2,11,6,72,11.3,6.19,0,,,EoN(2014-01-14) Electricity Aq 1yr
113,Nightsaver,2,11,5,72,11.12,6.22,0,,,EoN(2014-01-14) Electricity Aq 1yr
113,Nightsaver,2,11,8,72,11.5,6.04,0,,,EoN(2014-01-14) Electricity Aq 1yr
113,Nightsaver,3,11,7,72,11.44,6.11,0,,,EoN(2014-01-14) Electricity Aq 1yr
113,Nightsaver,3,11,6,72,11.3,6.19,0,,,EoN(2014-01-14) Electricity Aq 1yr
113,Nightsaver,3,11,5,72,11.12,6.22,0,,,EoN(2014-01-14) Electricity Aq 1yr
113,Nightsaver,3,11,8,72,11.5,6.04,0,,,EoN(2014-01-14) Electricity Aq 1yr
24,Nightsaver,5,11,7,72,11.44,6.11,0,,,EoN(2014-01-14) Electricity Aq 1yr
24,Nightsaver,5,11,6,72,11.3,6.19,0,,,EoN(2014-01-14) Electricity Aq 1yr
24,Nightsaver,5,11,5,72,11.12,6.22,0,,,EoN(2014-01-14) Electricity Aq 1yr
24,Nightsaver,5,11,8,72,11.5,6.04,0,,,EoN(2014-01-14) Electricity Aq 1yr
27,Nightsaver,3,11,7,72,11.44,6.11,0,,,EoN(2014-01-14) Electricity Aq 1yr
27,Nightsaver,3,11,6,72,11.3,6.19,0,,,EoN(2014-01-14) Electricity Aq 1yr
27,Nightsaver,3,11,5,72,11.12,6.22,0,,,EoN(2014-01-14) Electricity Aq 1yr
27,Nightsaver,3,11,8,72,11.5,6.04,0,,,EoN(2014-01-14) Electricity Aq 1yr
616,Nightsaver,2,11,7,72,11.44,6.11,0,,,EoN(2014-01-14) Electricity Aq 1yr
616,Nightsaver,2,11,6,72,11.3,6.19,0,,,EoN(2014-01-14) Electricity Aq 1yr
616,Nightsaver,2,11,5,72,11.12,6.22,0,,,EoN(2014-01-14) Electricity Aq 1yr
616,Nightsaver,2,11,8,72,11.5,6.04,0,,,EoN(2014-01-14) Electricity Aq 1yr
616,Nightsaver,3,11,7,72,11.44,6.11,0,,,EoN(2014-01-14) Electricity Aq 1yr
616,Nightsaver,3,11,6,72,11.3,6.19,0,,,EoN(2014-01-14) Electricity Aq 1yr
616,Nightsaver,3,11,5,72,11.12,6.22,0,,,EoN(2014-01-14) Electricity Aq 1yr
616,Nightsaver,3,11,8,72,11.5,6.04,0,,,EoN(2014-01-14) Electricity Aq 1yr
616,Nightsaver,9,11,7,72,11.44,6.11,0,,,EoN(2014-01-14) Electricity Aq 1yr
616,Nightsaver,9,11,6,72,11.3,6.19,0,,,EoN(2014-01-14) Electricity Aq 1yr
616,Nightsaver,9,11,5,72,11.12,6.22,0,,,EoN(2014-01-14) Electricity Aq 1yr
616,Nightsaver,9,11,8,72,11.5,6.04,0,,,EoN(2014-01-14) Electricity Aq 1yr
611,Nightsaver,9,11,7,72,11.44,6.11,0,,,EoN(2014-01-14) Electricity Aq 1yr
611,Nightsaver,9,11,6,72,11.3,6.19,0,,,EoN(2014-01-14) Electricity Aq 1yr
611,Nightsaver,9,11,5,72,11.12,6.22,0,,,EoN(2014-01-14) Electricity Aq 1yr
611,Nightsaver,9,11,8,72,11.5,6.04,0,,,EoN(2014-01-14) Electricity Aq 1yr
551,Nightsaver,105,11,7,72,11.44,6.11,0,,,EoN(2014-01-14) Electricity Aq 1yr
551,Nightsaver,105,11,6,72,11.3,6.19,0,,,EoN(2014-01-14) Electricity Aq 1yr
551,Nightsaver,105,11,5,72,11.12,6.22,0,,,EoN(2014-01-14) Electricity Aq 1yr
551,Nightsaver,105,11,8,72,11.5,6.04,0,,,EoN(2014-01-14) Electricity Aq 1yr
149,Nightsaver,3,11,7,72,11.44,6.11,0,,,EoN(2014-01-14) Electricity Aq 1yr
149,Nightsaver,3,11,6,72,11.3,6.19,0,,,EoN(2014-01-14) Electricity Aq 1yr
149,Nightsaver,3,11,5,72,11.12,6.22,0,,,EoN(2014-01-14) Electricity Aq 1yr
149,Nightsaver,3,11,8,72,11.5,6.04,0,,,EoN(2014-01-14) Electricity Aq 1yr
109,Nightsaver,2,11,7,72,11.44,6.11,0,,,EoN(2014-01-14) Electricity Aq 1yr
109,Nightsaver,2,11,6,72,11.3,6.19,0,,,EoN(2014-01-14) Electricity Aq 1yr
109,Nightsaver,2,11,5,72,11.12,6.22,0,,,EoN(2014-01-14) Electricity Aq 1yr
109,Nightsaver,2,11,8,72,11.5,6.04,0,,,EoN(2014-01-14) Electricity Aq 1yr
149,Nightsaver,2,11,7,72,11.44,6.11,0,,,EoN(2014-01-14) Electricity Aq 1yr
149,Nightsaver,2,11,6,72,11.3,6.19,0,,,EoN(2014-01-14) Electricity Aq 1yr
149,Nightsaver,2,11,5,72,11.12,6.22,0,,,EoN(2014-01-14) Electricity Aq 1yr
149,Nightsaver,2,11,8,72,11.5,6.04,0,,,EoN(2014-01-14) Electricity Aq 1yr
651,Nightsaver,2,11,7,72,11.44,6.11,0,,,EoN(2014-01-14) Electricity Aq 1yr
651,Nightsaver,2,11,6,72,11.3,6.19,0,,,EoN(2014-01-14) Electricity Aq 1yr
651,Nightsaver,2,11,5,72,11.12,6.22,0,,,EoN(2014-01-14) Electricity Aq 1yr
651,Nightsaver,2,11,8,72,11.5,6.04,0,,,EoN(2014-01-14) Electricity Aq 1yr
149,Nightsaver,9,11,7,72,11.44,6.11,0,,,EoN(2014-01-14) Electricity Aq 1yr
149,Nightsaver,9,11,6,72,11.3,6.19,0,,,EoN(2014-01-14) Electricity Aq 1yr
149,Nightsaver,9,11,5,72,11.12,6.22,0,,,EoN(2014-01-14) Electricity Aq 1yr
149,Nightsaver,9,11,8,72,11.5,6.04,0,,,EoN(2014-01-14) Electricity Aq 1yr
656,Nightsaver,9,11,7,72,11.44,6.11,0,,,EoN(2014-01-14) Electricity Aq 1yr
656,Nightsaver,9,11,6,72,11.3,6.19,0,,,EoN(2014-01-14) Electricity Aq 1yr
656,Nightsaver,9,11,5,72,11.12,6.22,0,,,EoN(2014-01-14) Electricity Aq 1yr
656,Nightsaver,9,11,8,72,11.5,6.04,0,,,EoN(2014-01-14) Electricity Aq 1yr
656,Nightsaver,3,11,7,72,11.44,6.11,0,,,EoN(2014-01-14) Electricity Aq 1yr
656,Nightsaver,3,11,6,72,11.3,6.19,0,,,EoN(2014-01-14) Electricity Aq 1yr
656,Nightsaver,3,11,5,72,11.12,6.22,0,,,EoN(2014-01-14) Electricity Aq 1yr
656,Nightsaver,3,11,8,72,11.5,6.04,0,,,EoN(2014-01-14) Electricity Aq 1yr
651,Nightsaver,3,11,7,72,11.44,6.11,0,,,EoN(2014-01-14) Electricity Aq 1yr
651,Nightsaver,3,11,6,72,11.3,6.19,0,,,EoN(2014-01-14) Electricity Aq 1yr
651,Nightsaver,3,11,5,72,11.12,6.22,0,,,EoN(2014-01-14) Electricity Aq 1yr
651,Nightsaver,3,11,8,72,11.5,6.04,0,,,EoN(2014-01-14) Electricity Aq 1yr
551,Nightsaver,101,11,7,72,11.44,6.11,0,,,EoN(2014-01-14) Electricity Aq 1yr
551,Nightsaver,101,11,6,72,11.3,6.19,0,,,EoN(2014-01-14) Electricity Aq 1yr
551,Nightsaver,101,11,5,72,11.12,6.22,0,,,EoN(2014-01-14) Electricity Aq 1yr
551,Nightsaver,101,11,8,72,11.5,6.04,0,,,EoN(2014-01-14) Electricity Aq 1yr
109,Nightsaver,9,11,7,72,11.44,6.11,0,,,EoN(2014-01-14) Electricity Aq 1yr
109,Nightsaver,9,11,6,72,11.3,6.19,0,,,EoN(2014-01-14) Electricity Aq 1yr
109,Nightsaver,9,11,5,72,11.12,6.22,0,,,EoN(2014-01-14) Electricity Aq 1yr
109,Nightsaver,9,11,8,72,11.5,6.04,0,,,EoN(2014-01-14) Electricity Aq 1yr
27,Nightsaver,5,11,7,72,11.44,6.11,0,,,EoN(2014-01-14) Electricity Aq 1yr
27,Nightsaver,5,11,6,72,11.3,6.19,0,,,EoN(2014-01-14) Electricity Aq 1yr
27,Nightsaver,5,11,5,72,11.12,6.22,0,,,EoN(2014-01-14) Electricity Aq 1yr
27,Nightsaver,5,11,8,72,11.5,6.04,0,,,EoN(2014-01-14) Electricity Aq 1yr
551,Nightsaver,3,11,7,72,11.44,6.11,0,,,EoN(2014-01-14) Electricity Aq 1yr
551,Nightsaver,3,11,6,72,11.3,6.19,0,,,EoN(2014-01-14) Electricity Aq 1yr
551,Nightsaver,3,11,5,72,11.12,6.22,0,,,EoN(2014-01-14) Electricity Aq 1yr
551,Nightsaver,3,11,8,72,11.5,6.04,0,,,EoN(2014-01-14) Electricity Aq 1yr
109,Nightsaver,3,11,7,72,11.44,6.11,0,,,EoN(2014-01-14) Electricity Aq 1yr
109,Nightsaver,3,11,6,72,11.3,6.19,0,,,EoN(2014-01-14) Electricity Aq 1yr
109,Nightsaver,3,11,5,72,11.12,6.22,0,,,EoN(2014-01-14) Electricity Aq 1yr
109,Nightsaver,3,11,8,72,11.5,6.04,0,,,EoN(2014-01-14) Electricity Aq 1yr
651,Nightsaver,9,11,7,72,11.44,6.11,0,,,EoN(2014-01-14) Electricity Aq 1yr
651,Nightsaver,9,11,6,72,11.3,6.19,0,,,EoN(2014-01-14) Electricity Aq 1yr
651,Nightsaver,9,11,5,72,11.12,6.22,0,,,EoN(2014-01-14) Electricity Aq 1yr
651,Nightsaver,9,11,8,72,11.5,6.04,0,,,EoN(2014-01-14) Electricity Aq 1yr
113,Nightsaver,9,11,7,72,11.44,6.11,0,,,EoN(2014-01-14) Electricity Aq 1yr
113,Nightsaver,9,11,6,72,11.3,6.19,0,,,EoN(2014-01-14) Electricity Aq 1yr
113,Nightsaver,9,11,5,72,11.12,6.22,0,,,EoN(2014-01-14) Electricity Aq 1yr
113,Nightsaver,9,11,8,72,11.5,6.04,0,,,EoN(2014-01-14) Electricity Aq 1yr
551,Nightsaver,1,11,7,72,11.44,6.11,0,,,EoN(2014-01-14) Electricity Aq 1yr
551,Nightsaver,1,11,6,72,11.3,6.19,0,,,EoN(2014-01-14) Electricity Aq 1yr
551,Nightsaver,1,11,5,72,11.12,6.22,0,,,EoN(2014-01-14) Electricity Aq 1yr
551,Nightsaver,1,11,8,72,11.5,6.04,0,,,EoN(2014-01-14) Electricity Aq 1yr
27,Nightsaver,101,11,7,72,11.44,6.11,0,,,EoN(2014-01-14) Electricity Aq 1yr
27,Nightsaver,101,11,6,72,11.3,6.19,0,,,EoN(2014-01-14) Electricity Aq 1yr
27,Nightsaver,101,11,5,72,11.12,6.22,0,,,EoN(2014-01-14) Electricity Aq 1yr
27,Nightsaver,101,11,8,72,11.5,6.04,0,,,EoN(2014-01-14) Electricity Aq 1yr
551,Nightsaver,5,11,7,72,11.44,6.11,0,,,EoN(2014-01-14) Electricity Aq 1yr
551,Nightsaver,5,11,6,72,11.3,6.19,0,,,EoN(2014-01-14) Electricity Aq 1yr
551,Nightsaver,5,11,5,72,11.12,6.22,0,,,EoN(2014-01-14) Electricity Aq 1yr
551,Nightsaver,5,11,8,72,11.5,6.04,0,,,EoN(2014-01-14) Electricity Aq 1yr
27,Nightsaver,105,11,7,72,11.44,6.11,0,,,EoN(2014-01-14) Electricity Aq 1yr
27,Nightsaver,105,11,6,72,11.3,6.19,0,,,EoN(2014-01-14) Electricity Aq 1yr
27,Nightsaver,105,11,5,72,11.12,6.22,0,,,EoN(2014-01-14) Electricity Aq 1yr
27,Nightsaver,105,11,8,72,11.5,6.04,0,,,EoN(2014-01-14) Electricity Aq 1yr
24,Nightsaver,1,11,7,72,11.44,6.11,0,,,EoN(2014-01-14) Electricity Aq 1yr
24,Nightsaver,1,11,6,72,11.3,6.19,0,,,EoN(2014-01-14) Electricity Aq 1yr
24,Nightsaver,1,11,5,72,11.12,6.22,0,,,EoN(2014-01-14) Electricity Aq 1yr
24,Nightsaver,1,11,8,72,11.5,6.04,0,,,EoN(2014-01-14) Electricity Aq 1yr
153,Nightsaver,3,11,7,72,11.44,6.11,0,,,EoN(2014-01-14) Electricity Aq 1yr
153,Nightsaver,3,11,6,72,11.3,6.19,0,,,EoN(2014-01-14) Electricity Aq 1yr
153,Nightsaver,3,11,5,72,11.12,6.22,0,,,EoN(2014-01-14) Electricity Aq 1yr
153,Nightsaver,3,11,8,72,11.5,6.04,0,,,EoN(2014-01-14) Electricity Aq 1yr
153,Nightsaver,9,11,7,72,11.44,6.11,0,,,EoN(2014-01-14) Electricity Aq 1yr
153,Nightsaver,9,11,6,72,11.3,6.19,0,,,EoN(2014-01-14) Electricity Aq 1yr
153,Nightsaver,9,11,5,72,11.12,6.22,0,,,EoN(2014-01-14) Electricity Aq 1yr
153,Nightsaver,9,11,8,72,11.5,6.04,0,,,EoN(2014-01-14) Electricity Aq 1yr
656,Nightsaver,2,11,7,72,11.44,6.11,0,,,EoN(2014-01-14) Electricity Aq 1yr
656,Nightsaver,2,11,6,72,11.3,6.19,0,,,EoN(2014-01-14) Electricity Aq 1yr
656,Nightsaver,2,11,5,72,11.12,6.22,0,,,EoN(2014-01-14) Electricity Aq 1yr
656,Nightsaver,2,11,8,72,11.5,6.04,0,,,EoN(2014-01-14) Electricity Aq 1yr
500,Baserate,165,11,7,72,10.79,0,0,,,EoN(2014-01-14) Electricity Aq 1yr
500,Baserate,165,11,5,72,10.61,0,0,,,EoN(2014-01-14) Electricity Aq 1yr
500,Baserate,165,11,6,72,10.76,0,0,,,EoN(2014-01-14) Electricity Aq 1yr
500,Baserate,165,11,8,72,10.68,0,0,,,EoN(2014-01-14) Electricity Aq 1yr
500,Baserate,17,11,7,72,10.79,0,0,,,EoN(2014-01-14) Electricity Aq 1yr
500,Baserate,17,11,5,72,10.61,0,0,,,EoN(2014-01-14) Electricity Aq 1yr
500,Baserate,17,11,6,72,10.76,0,0,,,EoN(2014-01-14) Electricity Aq 1yr
500,Baserate,17,11,8,72,10.68,0,0,,,EoN(2014-01-14) Electricity Aq 1yr
500,Baserate,34,11,7,72,10.79,0,0,,,EoN(2014-01-14) Electricity Aq 1yr
500,Baserate,34,11,5,72,10.61,0,0,,,EoN(2014-01-14) Electricity Aq 1yr
500,Baserate,34,11,6,72,10.76,0,0,,,EoN(2014-01-14) Electricity Aq 1yr
500,Baserate,34,11,8,72,10.68,0,0,,,EoN(2014-01-14) Electricity Aq 1yr
500,Baserate,81,11,7,72,10.79,0,0,,,EoN(2014-01-14) Electricity Aq 1yr
500,Baserate,81,11,5,72,10.61,0,0,,,EoN(2014-01-14) Electricity Aq 1yr
500,Baserate,81,11,6,72,10.76,0,0,,,EoN(2014-01-14) Electricity Aq 1yr
500,Baserate,81,11,8,72,10.68,0,0,,,EoN(2014-01-14) Electricity Aq 1yr
500,Baserate,85,11,7,72,10.79,0,0,,,EoN(2014-01-14) Electricity Aq 1yr
500,Baserate,85,11,5,72,10.61,0,0,,,EoN(2014-01-14) Electricity Aq 1yr
500,Baserate,85,11,6,72,10.76,0,0,,,EoN(2014-01-14) Electricity Aq 1yr
500,Baserate,85,11,8,72,10.68,0,0,,,EoN(2014-01-14) Electricity Aq 1yr
500,Baserate,90,11,7,72,10.79,0,0,,,EoN(2014-01-14) Electricity Aq 1yr
500,Baserate,90,11,5,72,10.61,0,0,,,EoN(2014-01-14) Electricity Aq 1yr
500,Baserate,90,11,6,72,10.76,0,0,,,EoN(2014-01-14) Electricity Aq 1yr
500,Baserate,90,11,8,72,10.68,0,0,,,EoN(2014-01-14) Electricity Aq 1yr
500,Baserate,98,11,7,72,10.79,0,0,,,EoN(2014-01-14) Electricity Aq 1yr
500,Baserate,98,11,5,72,10.61,0,0,,,EoN(2014-01-14) Electricity Aq 1yr
500,Baserate,98,11,6,72,10.76,0,0,,,EoN(2014-01-14) Electricity Aq 1yr
500,Baserate,98,11,8,72,10.68,0,0,,,EoN(2014-01-14) Electricity Aq 1yr
500,Baserate,99,11,7,72,10.79,0,0,,,EoN(2014-01-14) Electricity Aq 1yr
500,Baserate,99,11,5,72,10.61,0,0,,,EoN(2014-01-14) Electricity Aq 1yr
500,Baserate,99,11,6,72,10.76,0,0,,,EoN(2014-01-14) Electricity Aq 1yr
500,Baserate,99,11,8,72,10.68,0,0,,,EoN(2014-01-14) Electricity Aq 1yr
500,Baserate,101,11,7,72,10.79,0,0,,,EoN(2014-01-14) Electricity Aq 1yr
500,Baserate,101,11,5,72,10.61,0,0,,,EoN(2014-01-14) Electricity Aq 1yr
500,Baserate,101,11,6,72,10.76,0,0,,,EoN(2014-01-14) Electricity Aq 1yr
500,Baserate,101,11,8,72,10.68,0,0,,,EoN(2014-01-14) Electricity Aq 1yr
500,Baserate,134,11,7,72,10.79,0,0,,,EoN(2014-01-14) Electricity Aq 1yr
500,Baserate,134,11,5,72,10.61,0,0,,,EoN(2014-01-14) Electricity Aq 1yr
500,Baserate,134,11,6,72,10.76,0,0,,,EoN(2014-01-14) Electricity Aq 1yr
500,Baserate,134,11,8,72,10.68,0,0,,,EoN(2014-01-14) Electricity Aq 1yr
500,Baserate,178,11,7,72,10.79,0,0,,,EoN(2014-01-14) Electricity Aq 1yr
500,Baserate,178,11,5,72,10.61,0,0,,,EoN(2014-01-14) Electricity Aq 1yr
500,Baserate,178,11,6,72,10.76,0,0,,,EoN(2014-01-14) Electricity Aq 1yr
500,Baserate,178,11,8,72,10.68,0,0,,,EoN(2014-01-14) Electricity Aq 1yr
500,Baserate,179,11,7,72,10.79,0,0,,,EoN(2014-01-14) Electricity Aq 1yr
500,Baserate,179,11,5,72,10.61,0,0,,,EoN(2014-01-14) Electricity Aq 1yr
500,Baserate,179,11,6,72,10.76,0,0,,,EoN(2014-01-14) Electricity Aq 1yr
500,Baserate,179,11,8,72,10.68,0,0,,,EoN(2014-01-14) Electricity Aq 1yr
500,Baserate,953,11,7,72,10.79,0,0,,,EoN(2014-01-14) Electricity Aq 1yr
500,Baserate,953,11,5,72,10.61,0,0,,,EoN(2014-01-14) Electricity Aq 1yr
500,Baserate,953,11,6,72,10.76,0,0,,,EoN(2014-01-14) Electricity Aq 1yr
500,Baserate,953,11,8,72,10.68,0,0,,,EoN(2014-01-14) Electricity Aq 1yr
500,Baserate,954,11,7,72,10.79,0,0,,,EoN(2014-01-14) Electricity Aq 1yr
500,Baserate,954,11,5,72,10.61,0,0,,,EoN(2014-01-14) Electricity Aq 1yr
500,Baserate,954,11,6,72,10.76,0,0,,,EoN(2014-01-14) Electricity Aq 1yr
500,Baserate,954,11,8,72,10.68,0,0,,,EoN(2014-01-14) Electricity Aq 1yr
500,Baserate,955,11,7,72,10.79,0,0,,,EoN(2014-01-14) Electricity Aq 1yr
500,Baserate,955,11,5,72,10.61,0,0,,,EoN(2014-01-14) Electricity Aq 1yr
500,Baserate,955,11,6,72,10.76,0,0,,,EoN(2014-01-14) Electricity Aq 1yr
500,Baserate,955,11,8,72,10.68,0,0,,,EoN(2014-01-14) Electricity Aq 1yr
500,Baserate,13,11,7,72,10.79,0,0,,,EoN(2014-01-14) Electricity Aq 1yr
500,Baserate,13,11,5,72,10.61,0,0,,,EoN(2014-01-14) Electricity Aq 1yr
500,Baserate,13,11,6,72,10.76,0,0,,,EoN(2014-01-14) Electricity Aq 1yr
500,Baserate,13,11,8,72,10.68,0,0,,,EoN(2014-01-14) Electricity Aq 1yr
500,Baserate,12,11,7,72,10.79,0,0,,,EoN(2014-01-14) Electricity Aq 1yr
500,Baserate,12,11,5,72,10.61,0,0,,,EoN(2014-01-14) Electricity Aq 1yr
500,Baserate,12,11,6,72,10.76,0,0,,,EoN(2014-01-14) Electricity Aq 1yr
500,Baserate,12,11,8,72,10.68,0,0,,,EoN(2014-01-14) Electricity Aq 1yr
500,Baserate,15,11,7,72,10.79,0,0,,,EoN(2014-01-14) Electricity Aq 1yr
500,Baserate,15,11,5,72,10.61,0,0,,,EoN(2014-01-14) Electricity Aq 1yr
500,Baserate,15,11,6,72,10.76,0,0,,,EoN(2014-01-14) Electricity Aq 1yr
500,Baserate,15,11,8,72,10.68,0,0,,,EoN(2014-01-14) Electricity Aq 1yr
500,Baserate,1,11,7,72,10.79,0,0,,,EoN(2014-01-14) Electricity Aq 1yr
500,Baserate,1,11,5,72,10.61,0,0,,,EoN(2014-01-14) Electricity Aq 1yr
500,Baserate,1,11,6,72,10.76,0,0,,,EoN(2014-01-14) Electricity Aq 1yr
500,Baserate,1,11,8,72,10.68,0,0,,,EoN(2014-01-14) Electricity Aq 1yr
500,Baserate,113,11,7,72,10.79,0,0,,,EoN(2014-01-14) Electricity Aq 1yr
500,Baserate,113,11,5,72,10.61,0,0,,,EoN(2014-01-14) Electricity Aq 1yr
500,Baserate,113,11,6,72,10.76,0,0,,,EoN(2014-01-14) Electricity Aq 1yr
500,Baserate,113,11,8,72,10.68,0,0,,,EoN(2014-01-14) Electricity Aq 1yr
500,Baserate,14,11,7,72,10.79,0,0,,,EoN(2014-01-14) Electricity Aq 1yr
500,Baserate,14,11,5,72,10.61,0,0,,,EoN(2014-01-14) Electricity Aq 1yr
500,Baserate,14,11,6,72,10.76,0,0,,,EoN(2014-01-14) Electricity Aq 1yr
500,Baserate,14,11,8,72,10.68,0,0,,,EoN(2014-01-14) Electricity Aq 1yr
661,Baserate,134,11,7,72,10.79,0,0,,,EoN(2014-01-14) Electricity Aq 1yr
661,Baserate,134,11,5,72,10.61,0,0,,,EoN(2014-01-14) Electricity Aq 1yr
661,Baserate,134,11,6,72,10.76,0,0,,,EoN(2014-01-14) Electricity Aq 1yr
661,Baserate,134,11,8,72,10.68,0,0,,,EoN(2014-01-14) Electricity Aq 1yr
661,Baserate,34,11,7,72,10.79,0,0,,,EoN(2014-01-14) Electricity Aq 1yr
661,Baserate,34,11,5,72,10.61,0,0,,,EoN(2014-01-14) Electricity Aq 1yr
661,Baserate,34,11,6,72,10.76,0,0,,,EoN(2014-01-14) Electricity Aq 1yr
661,Baserate,34,11,8,72,10.68,0,0,,,EoN(2014-01-14) Electricity Aq 1yr
661,Baserate,955,11,7,72,10.79,0,0,,,EoN(2014-01-14) Electricity Aq 1yr
661,Baserate,955,11,5,72,10.61,0,0,,,EoN(2014-01-14) Electricity Aq 1yr
661,Baserate,955,11,6,72,10.76,0,0,,,EoN(2014-01-14) Electricity Aq 1yr
661,Baserate,955,11,8,72,10.68,0,0,,,EoN(2014-01-14) Electricity Aq 1yr
661,Baserate,954,11,7,72,10.79,0,0,,,EoN(2014-01-14) Electricity Aq 1yr
661,Baserate,954,11,5,72,10.61,0,0,,,EoN(2014-01-14) Electricity Aq 1yr
661,Baserate,954,11,6,72,10.76,0,0,,,EoN(2014-01-14) Electricity Aq 1yr
661,Baserate,954,11,8,72,10.68,0,0,,,EoN(2014-01-14) Electricity Aq 1yr
661,Baserate,953,11,7,72,10.79,0,0,,,EoN(2014-01-14) Electricity Aq 1yr
661,Baserate,953,11,5,72,10.61,0,0,,,EoN(2014-01-14) Electricity Aq 1yr
661,Baserate,953,11,6,72,10.76,0,0,,,EoN(2014-01-14) Electricity Aq 1yr
661,Baserate,953,11,8,72,10.68,0,0,,,EoN(2014-01-14) Electricity Aq 1yr
661,Baserate,179,11,7,72,10.79,0,0,,,EoN(2014-01-14) Electricity Aq 1yr
661,Baserate,179,11,5,72,10.61,0,0,,,EoN(2014-01-14) Electricity Aq 1yr
661,Baserate,179,11,6,72,10.76,0,0,,,EoN(2014-01-14) Electricity Aq 1yr
661,Baserate,179,11,8,72,10.68,0,0,,,EoN(2014-01-14) Electricity Aq 1yr
661,Baserate,165,11,7,72,10.79,0,0,,,EoN(2014-01-14) Electricity Aq 1yr
661,Baserate,165,11,5,72,10.61,0,0,,,EoN(2014-01-14) Electricity Aq 1yr
661,Baserate,165,11,6,72,10.76,0,0,,,EoN(2014-01-14) Electricity Aq 1yr
661,Baserate,165,11,8,72,10.68,0,0,,,EoN(2014-01-14) Electricity Aq 1yr
661,Baserate,113,11,7,72,10.79,0,0,,,EoN(2014-01-14) Electricity Aq 1yr
661,Baserate,113,11,5,72,10.61,0,0,,,EoN(2014-01-14) Electricity Aq 1yr
661,Baserate,113,11,6,72,10.76,0,0,,,EoN(2014-01-14) Electricity Aq 1yr
661,Baserate,113,11,8,72,10.68,0,0,,,EoN(2014-01-14) Electricity Aq 1yr
661,Baserate,101,11,7,72,10.79,0,0,,,EoN(2014-01-14) Electricity Aq 1yr
661,Baserate,101,11,5,72,10.61,0,0,,,EoN(2014-01-14) Electricity Aq 1yr
661,Baserate,101,11,6,72,10.76,0,0,,,EoN(2014-01-14) Electricity Aq 1yr
661,Baserate,101,11,8,72,10.68,0,0,,,EoN(2014-01-14) Electricity Aq 1yr
661,Baserate,99,11,7,72,10.79,0,0,,,EoN(2014-01-14) Electricity Aq 1yr
661,Baserate,99,11,5,72,10.61,0,0,,,EoN(2014-01-14) Electricity Aq 1yr
661,Baserate,99,11,6,72,10.76,0,0,,,EoN(2014-01-14) Electricity Aq 1yr
661,Baserate,99,11,8,72,10.68,0,0,,,EoN(2014-01-14) Electricity Aq 1yr
661,Baserate,98,11,7,72,10.79,0,0,,,EoN(2014-01-14) Electricity Aq 1yr
661,Baserate,98,11,5,72,10.61,0,0,,,EoN(2014-01-14) Electricity Aq 1yr
661,Baserate,98,11,6,72,10.76,0,0,,,EoN(2014-01-14) Electricity Aq 1yr
661,Baserate,98,11,8,72,10.68,0,0,,,EoN(2014-01-14) Electricity Aq 1yr
661,Baserate,90,11,7,72,10.79,0,0,,,EoN(2014-01-14) Electricity Aq 1yr
661,Baserate,90,11,5,72,10.61,0,0,,,EoN(2014-01-14) Electricity Aq 1yr
661,Baserate,90,11,6,72,10.76,0,0,,,EoN(2014-01-14) Electricity Aq 1yr
661,Baserate,90,11,8,72,10.68,0,0,,,EoN(2014-01-14) Electricity Aq 1yr
661,Baserate,85,11,7,72,10.79,0,0,,,EoN(2014-01-14) Electricity Aq 1yr
661,Baserate,85,11,5,72,10.61,0,0,,,EoN(2014-01-14) Electricity Aq 1yr
661,Baserate,85,11,6,72,10.76,0,0,,,EoN(2014-01-14) Electricity Aq 1yr
661,Baserate,85,11,8,72,10.68,0,0,,,EoN(2014-01-14) Electricity Aq 1yr
22,Baserate,14,11,7,72,10.79,0,0,,,EoN(2014-01-14) Electricity Aq 1yr
22,Baserate,14,11,5,72,10.61,0,0,,,EoN(2014-01-14) Electricity Aq 1yr
22,Baserate,14,11,6,72,10.76,0,0,,,EoN(2014-01-14) Electricity Aq 1yr
22,Baserate,14,11,8,72,10.68,0,0,,,EoN(2014-01-14) Electricity Aq 1yr
661,Baserate,178,11,7,72,10.79,0,0,,,EoN(2014-01-14) Electricity Aq 1yr
661,Baserate,178,11,5,72,10.61,0,0,,,EoN(2014-01-14) Electricity Aq 1yr
661,Baserate,178,11,6,72,10.76,0,0,,,EoN(2014-01-14) Electricity Aq 1yr
661,Baserate,178,11,8,72,10.68,0,0,,,EoN(2014-01-14) Electricity Aq 1yr
22,Baserate,113,11,7,72,10.79,0,0,,,EoN(2014-01-14) Electricity Aq 1yr
22,Baserate,113,11,5,72,10.61,0,0,,,EoN(2014-01-14) Electricity Aq 1yr
22,Baserate,113,11,6,72,10.76,0,0,,,EoN(2014-01-14) Electricity Aq 1yr
22,Baserate,113,11,8,72,10.68,0,0,,,EoN(2014-01-14) Electricity Aq 1yr
22,Baserate,1,11,7,72,10.79,0,0,,,EoN(2014-01-14) Electricity Aq 1yr
22,Baserate,1,11,5,72,10.61,0,0,,,EoN(2014-01-14) Electricity Aq 1yr
22,Baserate,1,11,6,72,10.76,0,0,,,EoN(2014-01-14) Electricity Aq 1yr
22,Baserate,1,11,8,72,10.68,0,0,,,EoN(2014-01-14) Electricity Aq 1yr
22,Baserate,17,11,7,72,10.79,0,0,,,EoN(2014-01-14) Electricity Aq 1yr
22,Baserate,17,11,5,72,10.61,0,0,,,EoN(2014-01-14) Electricity Aq 1yr
22,Baserate,17,11,6,72,10.76,0,0,,,EoN(2014-01-14) Electricity Aq 1yr
22,Baserate,17,11,8,72,10.68,0,0,,,EoN(2014-01-14) Electricity Aq 1yr
22,Baserate,34,11,7,72,10.79,0,0,,,EoN(2014-01-14) Electricity Aq 1yr
22,Baserate,34,11,5,72,10.61,0,0,,,EoN(2014-01-14) Electricity Aq 1yr
22,Baserate,34,11,6,72,10.76,0,0,,,EoN(2014-01-14) Electricity Aq 1yr
22,Baserate,34,11,8,72,10.68,0,0,,,EoN(2014-01-14) Electricity Aq 1yr
22,Baserate,81,11,7,72,10.79,0,0,,,EoN(2014-01-14) Electricity Aq 1yr
22,Baserate,81,11,5,72,10.61,0,0,,,EoN(2014-01-14) Electricity Aq 1yr
22,Baserate,81,11,6,72,10.76,0,0,,,EoN(2014-01-14) Electricity Aq 1yr
22,Baserate,81,11,8,72,10.68,0,0,,,EoN(2014-01-14) Electricity Aq 1yr
22,Baserate,85,11,7,72,10.79,0,0,,,EoN(2014-01-14) Electricity Aq 1yr
22,Baserate,85,11,5,72,10.61,0,0,,,EoN(2014-01-14) Electricity Aq 1yr
22,Baserate,85,11,6,72,10.76,0,0,,,EoN(2014-01-14) Electricity Aq 1yr
22,Baserate,85,11,8,72,10.68,0,0,,,EoN(2014-01-14) Electricity Aq 1yr
22,Baserate,90,11,7,72,10.79,0,0,,,EoN(2014-01-14) Electricity Aq 1yr
22,Baserate,90,11,5,72,10.61,0,0,,,EoN(2014-01-14) Electricity Aq 1yr
22,Baserate,90,11,6,72,10.76,0,0,,,EoN(2014-01-14) Electricity Aq 1yr
22,Baserate,90,11,8,72,10.68,0,0,,,EoN(2014-01-14) Electricity Aq 1yr
22,Baserate,98,11,7,72,10.79,0,0,,,EoN(2014-01-14) Electricity Aq 1yr
22,Baserate,98,11,5,72,10.61,0,0,,,EoN(2014-01-14) Electricity Aq 1yr
22,Baserate,98,11,6,72,10.76,0,0,,,EoN(2014-01-14) Electricity Aq 1yr
22,Baserate,98,11,8,72,10.68,0,0,,,EoN(2014-01-14) Electricity Aq 1yr
22,Baserate,101,11,7,72,10.79,0,0,,,EoN(2014-01-14) Electricity Aq 1yr
22,Baserate,101,11,5,72,10.61,0,0,,,EoN(2014-01-14) Electricity Aq 1yr
22,Baserate,101,11,6,72,10.76,0,0,,,EoN(2014-01-14) Electricity Aq 1yr
22,Baserate,101,11,8,72,10.68,0,0,,,EoN(2014-01-14) Electricity Aq 1yr
661,Baserate,17,11,7,72,10.79,0,0,,,EoN(2014-01-14) Electricity Aq 1yr
661,Baserate,17,11,5,72,10.61,0,0,,,EoN(2014-01-14) Electricity Aq 1yr
661,Baserate,17,11,6,72,10.76,0,0,,,EoN(2014-01-14) Electricity Aq 1yr
661,Baserate,17,11,8,72,10.68,0,0,,,EoN(2014-01-14) Electricity Aq 1yr
22,Baserate,134,11,7,72,10.79,0,0,,,EoN(2014-01-14) Electricity Aq 1yr
22,Baserate,134,11,5,72,10.61,0,0,,,EoN(2014-01-14) Electricity Aq 1yr
22,Baserate,134,11,6,72,10.76,0,0,,,EoN(2014-01-14) Electricity Aq 1yr
22,Baserate,134,11,8,72,10.68,0,0,,,EoN(2014-01-14) Electricity Aq 1yr
22,Baserate,165,11,7,72,10.79,0,0,,,EoN(2014-01-14) Electricity Aq 1yr
22,Baserate,165,11,5,72,10.61,0,0,,,EoN(2014-01-14) Electricity Aq 1yr
22,Baserate,165,11,6,72,10.76,0,0,,,EoN(2014-01-14) Electricity Aq 1yr
22,Baserate,165,11,8,72,10.68,0,0,,,EoN(2014-01-14) Electricity Aq 1yr
22,Baserate,178,11,7,72,10.79,0,0,,,EoN(2014-01-14) Electricity Aq 1yr
22,Baserate,178,11,5,72,10.61,0,0,,,EoN(2014-01-14) Electricity Aq 1yr
22,Baserate,178,11,6,72,10.76,0,0,,,EoN(2014-01-14) Electricity Aq 1yr
22,Baserate,178,11,8,72,10.68,0,0,,,EoN(2014-01-14) Electricity Aq 1yr
22,Baserate,179,11,7,72,10.79,0,0,,,EoN(2014-01-14) Electricity Aq 1yr
22,Baserate,179,11,5,72,10.61,0,0,,,EoN(2014-01-14) Electricity Aq 1yr
22,Baserate,179,11,6,72,10.76,0,0,,,EoN(2014-01-14) Electricity Aq 1yr
22,Baserate,179,11,8,72,10.68,0,0,,,EoN(2014-01-14) Electricity Aq 1yr
22,Baserate,953,11,7,72,10.79,0,0,,,EoN(2014-01-14) Electricity Aq 1yr
22,Baserate,953,11,5,72,10.61,0,0,,,EoN(2014-01-14) Electricity Aq 1yr
22,Baserate,953,11,6,72,10.76,0,0,,,EoN(2014-01-14) Electricity Aq 1yr
22,Baserate,953,11,8,72,10.68,0,0,,,EoN(2014-01-14) Electricity Aq 1yr
22,Baserate,954,11,7,72,10.79,0,0,,,EoN(2014-01-14) Electricity Aq 1yr
22,Baserate,954,11,5,72,10.61,0,0,,,EoN(2014-01-14) Electricity Aq 1yr
22,Baserate,954,11,6,72,10.76,0,0,,,EoN(2014-01-14) Electricity Aq 1yr
22,Baserate,954,11,8,72,10.68,0,0,,,EoN(2014-01-14) Electricity Aq 1yr
22,Baserate,955,11,7,72,10.79,0,0,,,EoN(2014-01-14) Electricity Aq 1yr
22,Baserate,955,11,5,72,10.61,0,0,,,EoN(2014-01-14) Electricity Aq 1yr
22,Baserate,955,11,6,72,10.76,0,0,,,EoN(2014-01-14) Electricity Aq 1yr
22,Baserate,955,11,8,72,10.68,0,0,,,EoN(2014-01-14) Electricity Aq 1yr
22,Baserate,99,11,7,72,10.79,0,0,,,EoN(2014-01-14) Electricity Aq 1yr
22,Baserate,99,11,5,72,10.61,0,0,,,EoN(2014-01-14) Electricity Aq 1yr
22,Baserate,99,11,6,72,10.76,0,0,,,EoN(2014-01-14) Electricity Aq 1yr
22,Baserate,99,11,8,72,10.68,0,0,,,EoN(2014-01-14) Electricity Aq 1yr
659,Baserate,165,11,7,72,10.79,0,0,,,EoN(2014-01-14) Electricity Aq 1yr
659,Baserate,165,11,5,72,10.61,0,0,,,EoN(2014-01-14) Electricity Aq 1yr
659,Baserate,165,11,6,72,10.76,0,0,,,EoN(2014-01-14) Electricity Aq 1yr
659,Baserate,165,11,8,72,10.68,0,0,,,EoN(2014-01-14) Electricity Aq 1yr
661,Baserate,81,11,7,72,10.79,0,0,,,EoN(2014-01-14) Electricity Aq 1yr
661,Baserate,81,11,5,72,10.61,0,0,,,EoN(2014-01-14) Electricity Aq 1yr
661,Baserate,81,11,6,72,10.76,0,0,,,EoN(2014-01-14) Electricity Aq 1yr
661,Baserate,81,11,8,72,10.68,0,0,,,EoN(2014-01-14) Electricity Aq 1yr
659,Baserate,81,11,7,72,10.79,0,0,,,EoN(2014-01-14) Electricity Aq 1yr
659,Baserate,81,11,5,72,10.61,0,0,,,EoN(2014-01-14) Electricity Aq 1yr
659,Baserate,81,11,6,72,10.76,0,0,,,EoN(2014-01-14) Electricity Aq 1yr
659,Baserate,81,11,8,72,10.68,0,0,,,EoN(2014-01-14) Electricity Aq 1yr
659,Baserate,85,11,7,72,10.79,0,0,,,EoN(2014-01-14) Electricity Aq 1yr
659,Baserate,85,11,5,72,10.61,0,0,,,EoN(2014-01-14) Electricity Aq 1yr
659,Baserate,85,11,6,72,10.76,0,0,,,EoN(2014-01-14) Electricity Aq 1yr
659,Baserate,85,11,8,72,10.68,0,0,,,EoN(2014-01-14) Electricity Aq 1yr
659,Baserate,90,11,7,72,10.79,0,0,,,EoN(2014-01-14) Electricity Aq 1yr
659,Baserate,90,11,5,72,10.61,0,0,,,EoN(2014-01-14) Electricity Aq 1yr
659,Baserate,90,11,6,72,10.76,0,0,,,EoN(2014-01-14) Electricity Aq 1yr
659,Baserate,90,11,8,72,10.68,0,0,,,EoN(2014-01-14) Electricity Aq 1yr
659,Baserate,98,11,7,72,10.79,0,0,,,EoN(2014-01-14) Electricity Aq 1yr
659,Baserate,98,11,5,72,10.61,0,0,,,EoN(2014-01-14) Electricity Aq 1yr
659,Baserate,98,11,6,72,10.76,0,0,,,EoN(2014-01-14) Electricity Aq 1yr
659,Baserate,98,11,8,72,10.68,0,0,,,EoN(2014-01-14) Electricity Aq 1yr
659,Baserate,99,11,7,72,10.79,0,0,,,EoN(2014-01-14) Electricity Aq 1yr
659,Baserate,99,11,5,72,10.61,0,0,,,EoN(2014-01-14) Electricity Aq 1yr
659,Baserate,99,11,6,72,10.76,0,0,,,EoN(2014-01-14) Electricity Aq 1yr
659,Baserate,99,11,8,72,10.68,0,0,,,EoN(2014-01-14) Electricity Aq 1yr
659,Baserate,101,11,7,72,10.79,0,0,,,EoN(2014-01-14) Electricity Aq 1yr
659,Baserate,101,11,5,72,10.61,0,0,,,EoN(2014-01-14) Electricity Aq 1yr
659,Baserate,101,11,6,72,10.76,0,0,,,EoN(2014-01-14) Electricity Aq 1yr
659,Baserate,101,11,8,72,10.68,0,0,,,EoN(2014-01-14) Electricity Aq 1yr
659,Baserate,17,11,7,72,10.79,0,0,,,EoN(2014-01-14) Electricity Aq 1yr
659,Baserate,17,11,5,72,10.61,0,0,,,EoN(2014-01-14) Electricity Aq 1yr
659,Baserate,17,11,6,72,10.76,0,0,,,EoN(2014-01-14) Electricity Aq 1yr
659,Baserate,17,11,8,72,10.68,0,0,,,EoN(2014-01-14) Electricity Aq 1yr
659,Baserate,134,11,7,72,10.79,0,0,,,EoN(2014-01-14) Electricity Aq 1yr
659,Baserate,134,11,5,72,10.61,0,0,,,EoN(2014-01-14) Electricity Aq 1yr
659,Baserate,134,11,6,72,10.76,0,0,,,EoN(2014-01-14) Electricity Aq 1yr
659,Baserate,134,11,8,72,10.68,0,0,,,EoN(2014-01-14) Electricity Aq 1yr
659,Baserate,15,11,7,72,10.79,0,0,,,EoN(2014-01-14) Electricity Aq 1yr
659,Baserate,15,11,5,72,10.61,0,0,,,EoN(2014-01-14) Electricity Aq 1yr
659,Baserate,15,11,6,72,10.76,0,0,,,EoN(2014-01-14) Electricity Aq 1yr
659,Baserate,15,11,8,72,10.68,0,0,,,EoN(2014-01-14) Electricity Aq 1yr
659,Baserate,178,11,7,72,10.79,0,0,,,EoN(2014-01-14) Electricity Aq 1yr
659,Baserate,178,11,5,72,10.61,0,0,,,EoN(2014-01-14) Electricity Aq 1yr
659,Baserate,178,11,6,72,10.76,0,0,,,EoN(2014-01-14) Electricity Aq 1yr
659,Baserate,178,11,8,72,10.68,0,0,,,EoN(2014-01-14) Electricity Aq 1yr
659,Baserate,179,11,7,72,10.79,0,0,,,EoN(2014-01-14) Electricity Aq 1yr
659,Baserate,179,11,5,72,10.61,0,0,,,EoN(2014-01-14) Electricity Aq 1yr
659,Baserate,179,11,6,72,10.76,0,0,,,EoN(2014-01-14) Electricity Aq 1yr
659,Baserate,179,11,8,72,10.68,0,0,,,EoN(2014-01-14) Electricity Aq 1yr
659,Baserate,953,11,7,72,10.79,0,0,,,EoN(2014-01-14) Electricity Aq 1yr
659,Baserate,953,11,5,72,10.61,0,0,,,EoN(2014-01-14) Electricity Aq 1yr
659,Baserate,953,11,6,72,10.76,0,0,,,EoN(2014-01-14) Electricity Aq 1yr
659,Baserate,953,11,8,72,10.68,0,0,,,EoN(2014-01-14) Electricity Aq 1yr
659,Baserate,954,11,7,72,10.79,0,0,,,EoN(2014-01-14) Electricity Aq 1yr
659,Baserate,954,11,5,72,10.61,0,0,,,EoN(2014-01-14) Electricity Aq 1yr
659,Baserate,954,11,6,72,10.76,0,0,,,EoN(2014-01-14) Electricity Aq 1yr
659,Baserate,954,11,8,72,10.68,0,0,,,EoN(2014-01-14) Electricity Aq 1yr
659,Baserate,955,11,7,72,10.79,0,0,,,EoN(2014-01-14) Electricity Aq 1yr
659,Baserate,955,11,5,72,10.61,0,0,,,EoN(2014-01-14) Electricity Aq 1yr
659,Baserate,955,11,6,72,10.76,0,0,,,EoN(2014-01-14) Electricity Aq 1yr
659,Baserate,955,11,8,72,10.68,0,0,,,EoN(2014-01-14) Electricity Aq 1yr
660,Baserate,2,11,7,72,10.79,0,0,,,EoN(2014-01-14) Electricity Aq 1yr
660,Baserate,2,11,5,72,10.61,0,0,,,EoN(2014-01-14) Electricity Aq 1yr
660,Baserate,2,11,6,72,10.76,0,0,,,EoN(2014-01-14) Electricity Aq 1yr
660,Baserate,2,11,8,72,10.68,0,0,,,EoN(2014-01-14) Electricity Aq 1yr
660,Baserate,1,11,7,72,10.79,0,0,,,EoN(2014-01-14) Electricity Aq 1yr
660,Baserate,1,11,5,72,10.61,0,0,,,EoN(2014-01-14) Electricity Aq 1yr
660,Baserate,1,11,6,72,10.76,0,0,,,EoN(2014-01-14) Electricity Aq 1yr
660,Baserate,1,11,8,72,10.68,0,0,,,EoN(2014-01-14) Electricity Aq 1yr
659,Baserate,113,11,7,72,10.79,0,0,,,EoN(2014-01-14) Electricity Aq 1yr
659,Baserate,113,11,5,72,10.61,0,0,,,EoN(2014-01-14) Electricity Aq 1yr
659,Baserate,113,11,6,72,10.76,0,0,,,EoN(2014-01-14) Electricity Aq 1yr
659,Baserate,113,11,8,72,10.68,0,0,,,EoN(2014-01-14) Electricity Aq 1yr
658,Baserate,1,11,7,72,10.79,0,0,,,EoN(2014-01-14) Electricity Aq 1yr
658,Baserate,1,11,5,72,10.61,0,0,,,EoN(2014-01-14) Electricity Aq 1yr
658,Baserate,1,11,6,72,10.76,0,0,,,EoN(2014-01-14) Electricity Aq 1yr
658,Baserate,1,11,8,72,10.68,0,0,,,EoN(2014-01-14) Electricity Aq 1yr
661,Baserate,15,11,7,72,10.79,0,0,,,EoN(2014-01-14) Electricity Aq 1yr
661,Baserate,15,11,5,72,10.61,0,0,,,EoN(2014-01-14) Electricity Aq 1yr
661,Baserate,15,11,6,72,10.76,0,0,,,EoN(2014-01-14) Electricity Aq 1yr
661,Baserate,15,11,8,72,10.68,0,0,,,EoN(2014-01-14) Electricity Aq 1yr
661,Baserate,14,11,7,72,10.79,0,0,,,EoN(2014-01-14) Electricity Aq 1yr
661,Baserate,14,11,5,72,10.61,0,0,,,EoN(2014-01-14) Electricity Aq 1yr
661,Baserate,14,11,6,72,10.76,0,0,,,EoN(2014-01-14) Electricity Aq 1yr
661,Baserate,14,11,8,72,10.68,0,0,,,EoN(2014-01-14) Electricity Aq 1yr
661,Baserate,13,11,7,72,10.79,0,0,,,EoN(2014-01-14) Electricity Aq 1yr
661,Baserate,13,11,5,72,10.61,0,0,,,EoN(2014-01-14) Electricity Aq 1yr
661,Baserate,13,11,6,72,10.76,0,0,,,EoN(2014-01-14) Electricity Aq 1yr
661,Baserate,13,11,8,72,10.68,0,0,,,EoN(2014-01-14) Electricity Aq 1yr
661,Baserate,12,11,7,72,10.79,0,0,,,EoN(2014-01-14) Electricity Aq 1yr
661,Baserate,12,11,5,72,10.61,0,0,,,EoN(2014-01-14) Electricity Aq 1yr
661,Baserate,12,11,6,72,10.76,0,0,,,EoN(2014-01-14) Electricity Aq 1yr
661,Baserate,12,11,8,72,10.68,0,0,,,EoN(2014-01-14) Electricity Aq 1yr
661,Baserate,1,11,7,72,10.79,0,0,,,EoN(2014-01-14) Electricity Aq 1yr
661,Baserate,1,11,5,72,10.61,0,0,,,EoN(2014-01-14) Electricity Aq 1yr
661,Baserate,1,11,6,72,10.76,0,0,,,EoN(2014-01-14) Electricity Aq 1yr
661,Baserate,1,11,8,72,10.68,0,0,,,EoN(2014-01-14) Electricity Aq 1yr
659,Baserate,34,11,7,72,10.79,0,0,,,EoN(2014-01-14) Electricity Aq 1yr
659,Baserate,34,11,5,72,10.61,0,0,,,EoN(2014-01-14) Electricity Aq 1yr
659,Baserate,34,11,6,72,10.76,0,0,,,EoN(2014-01-14) Electricity Aq 1yr
659,Baserate,34,11,8,72,10.68,0,0,,,EoN(2014-01-14) Electricity Aq 1yr
22,Baserate,13,11,7,72,10.79,0,0,,,EoN(2014-01-14) Electricity Aq 1yr
22,Baserate,13,11,5,72,10.61,0,0,,,EoN(2014-01-14) Electricity Aq 1yr
22,Baserate,13,11,6,72,10.76,0,0,,,EoN(2014-01-14) Electricity Aq 1yr
22,Baserate,13,11,8,72,10.68,0,0,,,EoN(2014-01-14) Electricity Aq 1yr
658,Baserate,2,11,7,72,10.79,0,0,,,EoN(2014-01-14) Electricity Aq 1yr
658,Baserate,2,11,5,72,10.61,0,0,,,EoN(2014-01-14) Electricity Aq 1yr
658,Baserate,2,11,6,72,10.76,0,0,,,EoN(2014-01-14) Electricity Aq 1yr
658,Baserate,2,11,8,72,10.68,0,0,,,EoN(2014-01-14) Electricity Aq 1yr
659,Baserate,1,11,7,72,10.79,0,0,,,EoN(2014-01-14) Electricity Aq 1yr
659,Baserate,1,11,5,72,10.61,0,0,,,EoN(2014-01-14) Electricity Aq 1yr
659,Baserate,1,11,6,72,10.76,0,0,,,EoN(2014-01-14) Electricity Aq 1yr
659,Baserate,1,11,8,72,10.68,0,0,,,EoN(2014-01-14) Electricity Aq 1yr
659,Baserate,12,11,7,72,10.79,0,0,,,EoN(2014-01-14) Electricity Aq 1yr
659,Baserate,12,11,5,72,10.61,0,0,,,EoN(2014-01-14) Electricity Aq 1yr
659,Baserate,12,11,6,72,10.76,0,0,,,EoN(2014-01-14) Electricity Aq 1yr
659,Baserate,12,11,8,72,10.68,0,0,,,EoN(2014-01-14) Electricity Aq 1yr
659,Baserate,13,11,7,72,10.79,0,0,,,EoN(2014-01-14) Electricity Aq 1yr
659,Baserate,13,11,5,72,10.61,0,0,,,EoN(2014-01-14) Electricity Aq 1yr
659,Baserate,13,11,6,72,10.76,0,0,,,EoN(2014-01-14) Electricity Aq 1yr
659,Baserate,13,11,8,72,10.68,0,0,,,EoN(2014-01-14) Electricity Aq 1yr
659,Baserate,14,11,7,72,10.79,0,0,,,EoN(2014-01-14) Electricity Aq 1yr
659,Baserate,14,11,5,72,10.61,0,0,,,EoN(2014-01-14) Electricity Aq 1yr
659,Baserate,14,11,6,72,10.76,0,0,,,EoN(2014-01-14) Electricity Aq 1yr
659,Baserate,14,11,8,72,10.68,0,0,,,EoN(2014-01-14) Electricity Aq 1yr
156,Baserate,98,11,7,72,10.79,0,0,,,EoN(2014-01-14) Electricity Aq 1yr
156,Baserate,98,11,5,72,10.61,0,0,,,EoN(2014-01-14) Electricity Aq 1yr
156,Baserate,98,11,6,72,10.76,0,0,,,EoN(2014-01-14) Electricity Aq 1yr
156,Baserate,98,11,8,72,10.68,0,0,,,EoN(2014-01-14) Electricity Aq 1yr
156,Baserate,13,11,7,72,10.79,0,0,,,EoN(2014-01-14) Electricity Aq 1yr
156,Baserate,13,11,5,72,10.61,0,0,,,EoN(2014-01-14) Electricity Aq 1yr
156,Baserate,13,11,6,72,10.76,0,0,,,EoN(2014-01-14) Electricity Aq 1yr
156,Baserate,13,11,8,72,10.68,0,0,,,EoN(2014-01-14) Electricity Aq 1yr
156,Baserate,953,11,7,72,10.79,0,0,,,EoN(2014-01-14) Electricity Aq 1yr
156,Baserate,953,11,5,72,10.61,0,0,,,EoN(2014-01-14) Electricity Aq 1yr
156,Baserate,953,11,6,72,10.76,0,0,,,EoN(2014-01-14) Electricity Aq 1yr
156,Baserate,953,11,8,72,10.68,0,0,,,EoN(2014-01-14) Electricity Aq 1yr
156,Baserate,179,11,7,72,10.79,0,0,,,EoN(2014-01-14) Electricity Aq 1yr
156,Baserate,179,11,5,72,10.61,0,0,,,EoN(2014-01-14) Electricity Aq 1yr
156,Baserate,179,11,6,72,10.76,0,0,,,EoN(2014-01-14) Electricity Aq 1yr
156,Baserate,179,11,8,72,10.68,0,0,,,EoN(2014-01-14) Electricity Aq 1yr
156,Baserate,178,11,7,72,10.79,0,0,,,EoN(2014-01-14) Electricity Aq 1yr
156,Baserate,178,11,5,72,10.61,0,0,,,EoN(2014-01-14) Electricity Aq 1yr
156,Baserate,178,11,6,72,10.76,0,0,,,EoN(2014-01-14) Electricity Aq 1yr
156,Baserate,178,11,8,72,10.68,0,0,,,EoN(2014-01-14) Electricity Aq 1yr
156,Baserate,165,11,7,72,10.79,0,0,,,EoN(2014-01-14) Electricity Aq 1yr
156,Baserate,165,11,5,72,10.61,0,0,,,EoN(2014-01-14) Electricity Aq 1yr
156,Baserate,165,11,6,72,10.76,0,0,,,EoN(2014-01-14) Electricity Aq 1yr
156,Baserate,165,11,8,72,10.68,0,0,,,EoN(2014-01-14) Electricity Aq 1yr
156,Baserate,134,11,7,72,10.79,0,0,,,EoN(2014-01-14) Electricity Aq 1yr
156,Baserate,134,11,5,72,10.61,0,0,,,EoN(2014-01-14) Electricity Aq 1yr
156,Baserate,134,11,6,72,10.76,0,0,,,EoN(2014-01-14) Electricity Aq 1yr
156,Baserate,134,11,8,72,10.68,0,0,,,EoN(2014-01-14) Electricity Aq 1yr
156,Baserate,113,11,7,72,10.79,0,0,,,EoN(2014-01-14) Electricity Aq 1yr
156,Baserate,113,11,5,72,10.61,0,0,,,EoN(2014-01-14) Electricity Aq 1yr
156,Baserate,113,11,6,72,10.76,0,0,,,EoN(2014-01-14) Electricity Aq 1yr
156,Baserate,113,11,8,72,10.68,0,0,,,EoN(2014-01-14) Electricity Aq 1yr
156,Baserate,955,11,7,72,10.79,0,0,,,EoN(2014-01-14) Electricity Aq 1yr
156,Baserate,955,11,5,72,10.61,0,0,,,EoN(2014-01-14) Electricity Aq 1yr
156,Baserate,955,11,6,72,10.76,0,0,,,EoN(2014-01-14) Electricity Aq 1yr
156,Baserate,955,11,8,72,10.68,0,0,,,EoN(2014-01-14) Electricity Aq 1yr
156,Baserate,99,11,7,72,10.79,0,0,,,EoN(2014-01-14) Electricity Aq 1yr
156,Baserate,99,11,5,72,10.61,0,0,,,EoN(2014-01-14) Electricity Aq 1yr
156,Baserate,99,11,6,72,10.76,0,0,,,EoN(2014-01-14) Electricity Aq 1yr
156,Baserate,99,11,8,72,10.68,0,0,,,EoN(2014-01-14) Electricity Aq 1yr
156,Baserate,90,11,7,72,10.79,0,0,,,EoN(2014-01-14) Electricity Aq 1yr
156,Baserate,90,11,5,72,10.61,0,0,,,EoN(2014-01-14) Electricity Aq 1yr
156,Baserate,90,11,6,72,10.76,0,0,,,EoN(2014-01-14) Electricity Aq 1yr
156,Baserate,90,11,8,72,10.68,0,0,,,EoN(2014-01-14) Electricity Aq 1yr
156,Baserate,85,11,7,72,10.79,0,0,,,EoN(2014-01-14) Electricity Aq 1yr
156,Baserate,85,11,5,72,10.61,0,0,,,EoN(2014-01-14) Electricity Aq 1yr
156,Baserate,85,11,6,72,10.76,0,0,,,EoN(2014-01-14) Electricity Aq 1yr
156,Baserate,85,11,8,72,10.68,0,0,,,EoN(2014-01-14) Electricity Aq 1yr
156,Baserate,81,11,7,72,10.79,0,0,,,EoN(2014-01-14) Electricity Aq 1yr
156,Baserate,81,11,5,72,10.61,0,0,,,EoN(2014-01-14) Electricity Aq 1yr
156,Baserate,81,11,6,72,10.76,0,0,,,EoN(2014-01-14) Electricity Aq 1yr
156,Baserate,81,11,8,72,10.68,0,0,,,EoN(2014-01-14) Electricity Aq 1yr
156,Baserate,34,11,7,72,10.79,0,0,,,EoN(2014-01-14) Electricity Aq 1yr
156,Baserate,34,11,5,72,10.61,0,0,,,EoN(2014-01-14) Electricity Aq 1yr
156,Baserate,34,11,6,72,10.76,0,0,,,EoN(2014-01-14) Electricity Aq 1yr
156,Baserate,34,11,8,72,10.68,0,0,,,EoN(2014-01-14) Electricity Aq 1yr
156,Baserate,17,11,7,72,10.79,0,0,,,EoN(2014-01-14) Electricity Aq 1yr
156,Baserate,17,11,5,72,10.61,0,0,,,EoN(2014-01-14) Electricity Aq 1yr
156,Baserate,17,11,6,72,10.76,0,0,,,EoN(2014-01-14) Electricity Aq 1yr
156,Baserate,17,11,8,72,10.68,0,0,,,EoN(2014-01-14) Electricity Aq 1yr
156,Baserate,15,11,7,72,10.79,0,0,,,EoN(2014-01-14) Electricity Aq 1yr
156,Baserate,15,11,5,72,10.61,0,0,,,EoN(2014-01-14) Electricity Aq 1yr
156,Baserate,15,11,6,72,10.76,0,0,,,EoN(2014-01-14) Electricity Aq 1yr
156,Baserate,15,11,8,72,10.68,0,0,,,EoN(2014-01-14) Electricity Aq 1yr
22,Baserate,15,11,7,72,10.79,0,0,,,EoN(2014-01-14) Electricity Aq 1yr
22,Baserate,15,11,5,72,10.61,0,0,,,EoN(2014-01-14) Electricity Aq 1yr
22,Baserate,15,11,6,72,10.76,0,0,,,EoN(2014-01-14) Electricity Aq 1yr
22,Baserate,15,11,8,72,10.68,0,0,,,EoN(2014-01-14) Electricity Aq 1yr
156,Baserate,101,11,7,72,10.79,0,0,,,EoN(2014-01-14) Electricity Aq 1yr
156,Baserate,101,11,5,72,10.61,0,0,,,EoN(2014-01-14) Electricity Aq 1yr
156,Baserate,101,11,6,72,10.76,0,0,,,EoN(2014-01-14) Electricity Aq 1yr
156,Baserate,101,11,8,72,10.68,0,0,,,EoN(2014-01-14) Electricity Aq 1yr
156,Baserate,954,11,7,72,10.79,0,0,,,EoN(2014-01-14) Electricity Aq 1yr
156,Baserate,954,11,5,72,10.61,0,0,,,EoN(2014-01-14) Electricity Aq 1yr
156,Baserate,954,11,6,72,10.76,0,0,,,EoN(2014-01-14) Electricity Aq 1yr
156,Baserate,954,11,8,72,10.68,0,0,,,EoN(2014-01-14) Electricity Aq 1yr
156,Baserate,12,11,7,72,10.79,0,0,,,EoN(2014-01-14) Electricity Aq 1yr
156,Baserate,12,11,5,72,10.61,0,0,,,EoN(2014-01-14) Electricity Aq 1yr
156,Baserate,12,11,6,72,10.76,0,0,,,EoN(2014-01-14) Electricity Aq 1yr
156,Baserate,12,11,8,72,10.68,0,0,,,EoN(2014-01-14) Electricity Aq 1yr
15,Baserate,178,11,7,72,10.79,0,0,,,EoN(2014-01-14) Electricity Aq 1yr
15,Baserate,178,11,5,72,10.61,0,0,,,EoN(2014-01-14) Electricity Aq 1yr
15,Baserate,178,11,6,72,10.76,0,0,,,EoN(2014-01-14) Electricity Aq 1yr
15,Baserate,178,11,8,72,10.68,0,0,,,EoN(2014-01-14) Electricity Aq 1yr
156,Baserate,14,11,7,72,10.79,0,0,,,EoN(2014-01-14) Electricity Aq 1yr
156,Baserate,14,11,5,72,10.61,0,0,,,EoN(2014-01-14) Electricity Aq 1yr
156,Baserate,14,11,6,72,10.76,0,0,,,EoN(2014-01-14) Electricity Aq 1yr
156,Baserate,14,11,8,72,10.68,0,0,,,EoN(2014-01-14) Electricity Aq 1yr
15,Baserate,99,11,7,72,10.79,0,0,,,EoN(2014-01-14) Electricity Aq 1yr
15,Baserate,99,11,5,72,10.61,0,0,,,EoN(2014-01-14) Electricity Aq 1yr
15,Baserate,99,11,6,72,10.76,0,0,,,EoN(2014-01-14) Electricity Aq 1yr
15,Baserate,99,11,8,72,10.68,0,0,,,EoN(2014-01-14) Electricity Aq 1yr
115,Baserate,2,11,7,72,10.79,0,0,,,EoN(2014-01-14) Electricity Aq 1yr
115,Baserate,2,11,5,72,10.61,0,0,,,EoN(2014-01-14) Electricity Aq 1yr
115,Baserate,2,11,6,72,10.76,0,0,,,EoN(2014-01-14) Electricity Aq 1yr
115,Baserate,2,11,8,72,10.68,0,0,,,EoN(2014-01-14) Electricity Aq 1yr
115,Baserate,1,11,7,72,10.79,0,0,,,EoN(2014-01-14) Electricity Aq 1yr
115,Baserate,1,11,5,72,10.61,0,0,,,EoN(2014-01-14) Electricity Aq 1yr
115,Baserate,1,11,6,72,10.76,0,0,,,EoN(2014-01-14) Electricity Aq 1yr
115,Baserate,1,11,8,72,10.68,0,0,,,EoN(2014-01-14) Electricity Aq 1yr
15,Baserate,101,11,7,72,10.79,0,0,,,EoN(2014-01-14) Electricity Aq 1yr
15,Baserate,101,11,5,72,10.61,0,0,,,EoN(2014-01-14) Electricity Aq 1yr
15,Baserate,101,11,6,72,10.76,0,0,,,EoN(2014-01-14) Electricity Aq 1yr
15,Baserate,101,11,8,72,10.68,0,0,,,EoN(2014-01-14) Electricity Aq 1yr
15,Baserate,113,11,7,72,10.79,0,0,,,EoN(2014-01-14) Electricity Aq 1yr
15,Baserate,113,11,5,72,10.61,0,0,,,EoN(2014-01-14) Electricity Aq 1yr
15,Baserate,113,11,6,72,10.76,0,0,,,EoN(2014-01-14) Electricity Aq 1yr
15,Baserate,113,11,8,72,10.68,0,0,,,EoN(2014-01-14) Electricity Aq 1yr
15,Baserate,90,11,7,72,10.79,0,0,,,EoN(2014-01-14) Electricity Aq 1yr
15,Baserate,90,11,5,72,10.61,0,0,,,EoN(2014-01-14) Electricity Aq 1yr
15,Baserate,90,11,6,72,10.76,0,0,,,EoN(2014-01-14) Electricity Aq 1yr
15,Baserate,90,11,8,72,10.68,0,0,,,EoN(2014-01-14) Electricity Aq 1yr
15,Baserate,165,11,7,72,10.79,0,0,,,EoN(2014-01-14) Electricity Aq 1yr
15,Baserate,165,11,5,72,10.61,0,0,,,EoN(2014-01-14) Electricity Aq 1yr
15,Baserate,165,11,6,72,10.76,0,0,,,EoN(2014-01-14) Electricity Aq 1yr
15,Baserate,165,11,8,72,10.68,0,0,,,EoN(2014-01-14) Electricity Aq 1yr
15,Baserate,85,11,7,72,10.79,0,0,,,EoN(2014-01-14) Electricity Aq 1yr
15,Baserate,85,11,5,72,10.61,0,0,,,EoN(2014-01-14) Electricity Aq 1yr
15,Baserate,85,11,6,72,10.76,0,0,,,EoN(2014-01-14) Electricity Aq 1yr
15,Baserate,85,11,8,72,10.68,0,0,,,EoN(2014-01-14) Electricity Aq 1yr
15,Baserate,179,11,7,72,10.79,0,0,,,EoN(2014-01-14) Electricity Aq 1yr
15,Baserate,179,11,5,72,10.61,0,0,,,EoN(2014-01-14) Electricity Aq 1yr
15,Baserate,179,11,6,72,10.76,0,0,,,EoN(2014-01-14) Electricity Aq 1yr
15,Baserate,179,11,8,72,10.68,0,0,,,EoN(2014-01-14) Electricity Aq 1yr
15,Baserate,953,11,7,72,10.79,0,0,,,EoN(2014-01-14) Electricity Aq 1yr
15,Baserate,953,11,5,72,10.61,0,0,,,EoN(2014-01-14) Electricity Aq 1yr
15,Baserate,953,11,6,72,10.76,0,0,,,EoN(2014-01-14) Electricity Aq 1yr
15,Baserate,953,11,8,72,10.68,0,0,,,EoN(2014-01-14) Electricity Aq 1yr
15,Baserate,954,11,7,72,10.79,0,0,,,EoN(2014-01-14) Electricity Aq 1yr
15,Baserate,954,11,5,72,10.61,0,0,,,EoN(2014-01-14) Electricity Aq 1yr
15,Baserate,954,11,6,72,10.76,0,0,,,EoN(2014-01-14) Electricity Aq 1yr
15,Baserate,954,11,8,72,10.68,0,0,,,EoN(2014-01-14) Electricity Aq 1yr
15,Baserate,955,11,7,72,10.79,0,0,,,EoN(2014-01-14) Electricity Aq 1yr
15,Baserate,955,11,5,72,10.61,0,0,,,EoN(2014-01-14) Electricity Aq 1yr
15,Baserate,955,11,6,72,10.76,0,0,,,EoN(2014-01-14) Electricity Aq 1yr
15,Baserate,955,11,8,72,10.68,0,0,,,EoN(2014-01-14) Electricity Aq 1yr
114,Baserate,2,11,7,72,10.79,0,0,,,EoN(2014-01-14) Electricity Aq 1yr
114,Baserate,2,11,5,72,10.61,0,0,,,EoN(2014-01-14) Electricity Aq 1yr
114,Baserate,2,11,6,72,10.76,0,0,,,EoN(2014-01-14) Electricity Aq 1yr
114,Baserate,2,11,8,72,10.68,0,0,,,EoN(2014-01-14) Electricity Aq 1yr
114,Baserate,1,11,7,72,10.79,0,0,,,EoN(2014-01-14) Electricity Aq 1yr
114,Baserate,1,11,5,72,10.61,0,0,,,EoN(2014-01-14) Electricity Aq 1yr
114,Baserate,1,11,6,72,10.76,0,0,,,EoN(2014-01-14) Electricity Aq 1yr
114,Baserate,1,11,8,72,10.68,0,0,,,EoN(2014-01-14) Electricity Aq 1yr
22,Baserate,12,11,7,72,10.79,0,0,,,EoN(2014-01-14) Electricity Aq 1yr
22,Baserate,12,11,5,72,10.61,0,0,,,EoN(2014-01-14) Electricity Aq 1yr
22,Baserate,12,11,6,72,10.76,0,0,,,EoN(2014-01-14) Electricity Aq 1yr
22,Baserate,12,11,8,72,10.68,0,0,,,EoN(2014-01-14) Electricity Aq 1yr
15,Baserate,134,11,7,72,10.79,0,0,,,EoN(2014-01-14) Electricity Aq 1yr
15,Baserate,134,11,5,72,10.61,0,0,,,EoN(2014-01-14) Electricity Aq 1yr
15,Baserate,134,11,6,72,10.76,0,0,,,EoN(2014-01-14) Electricity Aq 1yr
15,Baserate,134,11,8,72,10.68,0,0,,,EoN(2014-01-14) Electricity Aq 1yr
15,Baserate,1,11,7,72,10.79,0,0,,,EoN(2014-01-14) Electricity Aq 1yr
15,Baserate,1,11,5,72,10.61,0,0,,,EoN(2014-01-14) Electricity Aq 1yr
15,Baserate,1,11,6,72,10.76,0,0,,,EoN(2014-01-14) Electricity Aq 1yr
15,Baserate,1,11,8,72,10.68,0,0,,,EoN(2014-01-14) Electricity Aq 1yr
156,Baserate,1,11,7,72,10.79,0,0,,,EoN(2014-01-14) Electricity Aq 1yr
156,Baserate,1,11,5,72,10.61,0,0,,,EoN(2014-01-14) Electricity Aq 1yr
156,Baserate,1,11,6,72,10.76,0,0,,,EoN(2014-01-14) Electricity Aq 1yr
156,Baserate,1,11,8,72,10.68,0,0,,,EoN(2014-01-14) Electricity Aq 1yr
155,Baserate,13,11,7,72,10.79,0,0,,,EoN(2014-01-14) Electricity Aq 1yr
155,Baserate,13,11,5,72,10.61,0,0,,,EoN(2014-01-14) Electricity Aq 1yr
155,Baserate,13,11,6,72,10.76,0,0,,,EoN(2014-01-14) Electricity Aq 1yr
155,Baserate,13,11,8,72,10.68,0,0,,,EoN(2014-01-14) Electricity Aq 1yr
155,Baserate,2,11,7,72,10.79,0,0,,,EoN(2014-01-14) Electricity Aq 1yr
155,Baserate,2,11,5,72,10.61,0,0,,,EoN(2014-01-14) Electricity Aq 1yr
155,Baserate,2,11,6,72,10.76,0,0,,,EoN(2014-01-14) Electricity Aq 1yr
155,Baserate,2,11,8,72,10.68,0,0,,,EoN(2014-01-14) Electricity Aq 1yr
155,Baserate,1,11,7,72,10.79,0,0,,,EoN(2014-01-14) Electricity Aq 1yr
155,Baserate,1,11,5,72,10.61,0,0,,,EoN(2014-01-14) Electricity Aq 1yr
155,Baserate,1,11,6,72,10.76,0,0,,,EoN(2014-01-14) Electricity Aq 1yr
155,Baserate,1,11,8,72,10.68,0,0,,,EoN(2014-01-14) Electricity Aq 1yr
154,Baserate,2,11,7,72,10.79,0,0,,,EoN(2014-01-14) Electricity Aq 1yr
154,Baserate,2,11,5,72,10.61,0,0,,,EoN(2014-01-14) Electricity Aq 1yr
154,Baserate,2,11,6,72,10.76,0,0,,,EoN(2014-01-14) Electricity Aq 1yr
154,Baserate,2,11,8,72,10.68,0,0,,,EoN(2014-01-14) Electricity Aq 1yr
154,Baserate,1,11,7,72,10.79,0,0,,,EoN(2014-01-14) Electricity Aq 1yr
154,Baserate,1,11,5,72,10.61,0,0,,,EoN(2014-01-14) Electricity Aq 1yr
154,Baserate,1,11,6,72,10.76,0,0,,,EoN(2014-01-14) Electricity Aq 1yr
154,Baserate,1,11,8,72,10.68,0,0,,,EoN(2014-01-14) Electricity Aq 1yr
15,Baserate,98,11,7,72,10.79,0,0,,,EoN(2014-01-14) Electricity Aq 1yr
15,Baserate,98,11,5,72,10.61,0,0,,,EoN(2014-01-14) Electricity Aq 1yr
15,Baserate,98,11,6,72,10.76,0,0,,,EoN(2014-01-14) Electricity Aq 1yr
15,Baserate,98,11,8,72,10.68,0,0,,,EoN(2014-01-14) Electricity Aq 1yr
15,Baserate,12,11,7,72,10.79,0,0,,,EoN(2014-01-14) Electricity Aq 1yr
15,Baserate,12,11,5,72,10.61,0,0,,,EoN(2014-01-14) Electricity Aq 1yr
15,Baserate,12,11,6,72,10.76,0,0,,,EoN(2014-01-14) Electricity Aq 1yr
15,Baserate,12,11,8,72,10.68,0,0,,,EoN(2014-01-14) Electricity Aq 1yr
15,Baserate,13,11,7,72,10.79,0,0,,,EoN(2014-01-14) Electricity Aq 1yr
15,Baserate,13,11,5,72,10.61,0,0,,,EoN(2014-01-14) Electricity Aq 1yr
15,Baserate,13,11,6,72,10.76,0,0,,,EoN(2014-01-14) Electricity Aq 1yr
15,Baserate,13,11,8,72,10.68,0,0,,,EoN(2014-01-14) Electricity Aq 1yr
15,Baserate,14,11,7,72,10.79,0,0,,,EoN(2014-01-14) Electricity Aq 1yr
15,Baserate,14,11,5,72,10.61,0,0,,,EoN(2014-01-14) Electricity Aq 1yr
15,Baserate,14,11,6,72,10.76,0,0,,,EoN(2014-01-14) Electricity Aq 1yr
15,Baserate,14,11,8,72,10.68,0,0,,,EoN(2014-01-14) Electricity Aq 1yr
15,Baserate,15,11,7,72,10.79,0,0,,,EoN(2014-01-14) Electricity Aq 1yr
15,Baserate,15,11,5,72,10.61,0,0,,,EoN(2014-01-14) Electricity Aq 1yr
15,Baserate,15,11,6,72,10.76,0,0,,,EoN(2014-01-14) Electricity Aq 1yr
15,Baserate,15,11,8,72,10.68,0,0,,,EoN(2014-01-14) Electricity Aq 1yr
15,Baserate,17,11,7,72,10.79,0,0,,,EoN(2014-01-14) Electricity Aq 1yr
15,Baserate,17,11,5,72,10.61,0,0,,,EoN(2014-01-14) Electricity Aq 1yr
15,Baserate,17,11,6,72,10.76,0,0,,,EoN(2014-01-14) Electricity Aq 1yr
15,Baserate,17,11,8,72,10.68,0,0,,,EoN(2014-01-14) Electricity Aq 1yr
15,Baserate,34,11,7,72,10.79,0,0,,,EoN(2014-01-14) Electricity Aq 1yr
15,Baserate,34,11,5,72,10.61,0,0,,,EoN(2014-01-14) Electricity Aq 1yr
15,Baserate,34,11,6,72,10.76,0,0,,,EoN(2014-01-14) Electricity Aq 1yr
15,Baserate,34,11,8,72,10.68,0,0,,,EoN(2014-01-14) Electricity Aq 1yr
15,Baserate,81,11,7,72,10.79,0,0,,,EoN(2014-01-14) Electricity Aq 1yr
15,Baserate,81,11,5,72,10.61,0,0,,,EoN(2014-01-14) Electricity Aq 1yr
15,Baserate,81,11,6,72,10.76,0,0,,,EoN(2014-01-14) Electricity Aq 1yr
15,Baserate,81,11,8,72,10.68,0,0,,,EoN(2014-01-14) Electricity Aq 1yr
618,Baserate,1,11,7,72,10.79,0,0,,,EoN(2014-01-14) Electricity Aq 1yr
618,Baserate,1,11,5,72,10.61,0,0,,,EoN(2014-01-14) Electricity Aq 1yr
618,Baserate,1,11,6,72,10.76,0,0,,,EoN(2014-01-14) Electricity Aq 1yr
618,Baserate,1,11,8,72,10.68,0,0,,,EoN(2014-01-14) Electricity Aq 1yr
603,Baserate,1,11,7,72,10.79,0,0,,,EoN(2014-01-14) Electricity Aq 1yr
603,Baserate,1,11,5,72,10.61,0,0,,,EoN(2014-01-14) Electricity Aq 1yr
603,Baserate,1,11,6,72,10.76,0,0,,,EoN(2014-01-14) Electricity Aq 1yr
603,Baserate,1,11,8,72,10.68,0,0,,,EoN(2014-01-14) Electricity Aq 1yr
603,Baserate,2,11,7,72,10.79,0,0,,,EoN(2014-01-14) Electricity Aq 1yr
603,Baserate,2,11,5,72,10.61,0,0,,,EoN(2014-01-14) Electricity Aq 1yr
603,Baserate,2,11,6,72,10.76,0,0,,,EoN(2014-01-14) Electricity Aq 1yr
603,Baserate,2,11,8,72,10.68,0,0,,,EoN(2014-01-14) Electricity Aq 1yr
643,Baserate,1,11,7,72,10.79,0,0,,,EoN(2014-01-14) Electricity Aq 1yr
643,Baserate,1,11,5,72,10.61,0,0,,,EoN(2014-01-14) Electricity Aq 1yr
643,Baserate,1,11,6,72,10.76,0,0,,,EoN(2014-01-14) Electricity Aq 1yr
643,Baserate,1,11,8,72,10.68,0,0,,,EoN(2014-01-14) Electricity Aq 1yr
643,Baserate,2,11,7,72,10.79,0,0,,,EoN(2014-01-14) Electricity Aq 1yr
643,Baserate,2,11,5,72,10.61,0,0,,,EoN(2014-01-14) Electricity Aq 1yr
643,Baserate,2,11,6,72,10.76,0,0,,,EoN(2014-01-14) Electricity Aq 1yr
643,Baserate,2,11,8,72,10.68,0,0,,,EoN(2014-01-14) Electricity Aq 1yr
618,Baserate,2,11,7,72,10.79,0,0,,,EoN(2014-01-14) Electricity Aq 1yr
618,Baserate,2,11,5,72,10.61,0,0,,,EoN(2014-01-14) Electricity Aq 1yr
618,Baserate,2,11,6,72,10.76,0,0,,,EoN(2014-01-14) Electricity Aq 1yr
618,Baserate,2,11,8,72,10.68,0,0,,,EoN(2014-01-14) Electricity Aq 1yr
607,Baserate,2,11,7,72,10.79,0,0,,,EoN(2014-01-14) Electricity Aq 1yr
607,Baserate,2,11,5,72,10.61,0,0,,,EoN(2014-01-14) Electricity Aq 1yr
607,Baserate,2,11,6,72,10.76,0,0,,,EoN(2014-01-14) Electricity Aq 1yr
607,Baserate,2,11,8,72,10.68,0,0,,,EoN(2014-01-14) Electricity Aq 1yr
647,Baserate,1,11,7,72,10.79,0,0,,,EoN(2014-01-14) Electricity Aq 1yr
647,Baserate,1,11,5,72,10.61,0,0,,,EoN(2014-01-14) Electricity Aq 1yr
647,Baserate,1,11,6,72,10.76,0,0,,,EoN(2014-01-14) Electricity Aq 1yr
647,Baserate,1,11,8,72,10.68,0,0,,,EoN(2014-01-14) Electricity Aq 1yr
647,Baserate,2,11,7,72,10.79,0,0,,,EoN(2014-01-14) Electricity Aq 1yr
647,Baserate,2,11,5,72,10.61,0,0,,,EoN(2014-01-14) Electricity Aq 1yr
647,Baserate,2,11,6,72,10.76,0,0,,,EoN(2014-01-14) Electricity Aq 1yr
647,Baserate,2,11,8,72,10.68,0,0,,,EoN(2014-01-14) Electricity Aq 1yr
532,Baserate,955,11,7,72,10.79,0,0,,,EoN(2014-01-14) Electricity Aq 1yr
532,Baserate,955,11,5,72,10.61,0,0,,,EoN(2014-01-14) Electricity Aq 1yr
532,Baserate,955,11,6,72,10.76,0,0,,,EoN(2014-01-14) Electricity Aq 1yr
532,Baserate,955,11,8,72,10.68,0,0,,,EoN(2014-01-14) Electricity Aq 1yr
532,Baserate,954,11,7,72,10.79,0,0,,,EoN(2014-01-14) Electricity Aq 1yr
532,Baserate,954,11,5,72,10.61,0,0,,,EoN(2014-01-14) Electricity Aq 1yr
532,Baserate,954,11,6,72,10.76,0,0,,,EoN(2014-01-14) Electricity Aq 1yr
532,Baserate,954,11,8,72,10.68,0,0,,,EoN(2014-01-14) Electricity Aq 1yr
532,Baserate,953,11,7,72,10.79,0,0,,,EoN(2014-01-14) Electricity Aq 1yr
532,Baserate,953,11,5,72,10.61,0,0,,,EoN(2014-01-14) Electricity Aq 1yr
532,Baserate,953,11,6,72,10.76,0,0,,,EoN(2014-01-14) Electricity Aq 1yr
532,Baserate,953,11,8,72,10.68,0,0,,,EoN(2014-01-14) Electricity Aq 1yr
532,Baserate,179,11,7,72,10.79,0,0,,,EoN(2014-01-14) Electricity Aq 1yr
532,Baserate,179,11,5,72,10.61,0,0,,,EoN(2014-01-14) Electricity Aq 1yr
532,Baserate,179,11,6,72,10.76,0,0,,,EoN(2014-01-14) Electricity Aq 1yr
532,Baserate,179,11,8,72,10.68,0,0,,,EoN(2014-01-14) Electricity Aq 1yr
532,Baserate,178,11,7,72,10.79,0,0,,,EoN(2014-01-14) Electricity Aq 1yr
532,Baserate,178,11,5,72,10.61,0,0,,,EoN(2014-01-14) Electricity Aq 1yr
532,Baserate,178,11,6,72,10.76,0,0,,,EoN(2014-01-14) Electricity Aq 1yr
532,Baserate,178,11,8,72,10.68,0,0,,,EoN(2014-01-14) Electricity Aq 1yr
532,Baserate,113,11,7,72,10.79,0,0,,,EoN(2014-01-14) Electricity Aq 1yr
532,Baserate,113,11,5,72,10.61,0,0,,,EoN(2014-01-14) Electricity Aq 1yr
532,Baserate,113,11,6,72,10.76,0,0,,,EoN(2014-01-14) Electricity Aq 1yr
532,Baserate,113,11,8,72,10.68,0,0,,,EoN(2014-01-14) Electricity Aq 1yr
532,Baserate,165,11,7,72,10.79,0,0,,,EoN(2014-01-14) Electricity Aq 1yr
532,Baserate,165,11,5,72,10.61,0,0,,,EoN(2014-01-14) Electricity Aq 1yr
532,Baserate,165,11,6,72,10.76,0,0,,,EoN(2014-01-14) Electricity Aq 1yr
532,Baserate,165,11,8,72,10.68,0,0,,,EoN(2014-01-14) Electricity Aq 1yr
532,Baserate,101,11,7,72,10.79,0,0,,,EoN(2014-01-14) Electricity Aq 1yr
532,Baserate,101,11,5,72,10.61,0,0,,,EoN(2014-01-14) Electricity Aq 1yr
532,Baserate,101,11,6,72,10.76,0,0,,,EoN(2014-01-14) Electricity Aq 1yr
532,Baserate,101,11,8,72,10.68,0,0,,,EoN(2014-01-14) Electricity Aq 1yr
532,Baserate,99,11,7,72,10.79,0,0,,,EoN(2014-01-14) Electricity Aq 1yr
532,Baserate,99,11,5,72,10.61,0,0,,,EoN(2014-01-14) Electricity Aq 1yr
532,Baserate,99,11,6,72,10.76,0,0,,,EoN(2014-01-14) Electricity Aq 1yr
532,Baserate,99,11,8,72,10.68,0,0,,,EoN(2014-01-14) Electricity Aq 1yr
532,Baserate,98,11,7,72,10.79,0,0,,,EoN(2014-01-14) Electricity Aq 1yr
532,Baserate,98,11,5,72,10.61,0,0,,,EoN(2014-01-14) Electricity Aq 1yr
532,Baserate,98,11,6,72,10.76,0,0,,,EoN(2014-01-14) Electricity Aq 1yr
532,Baserate,98,11,8,72,10.68,0,0,,,EoN(2014-01-14) Electricity Aq 1yr
532,Baserate,90,11,7,72,10.79,0,0,,,EoN(2014-01-14) Electricity Aq 1yr
532,Baserate,90,11,5,72,10.61,0,0,,,EoN(2014-01-14) Electricity Aq 1yr
532,Baserate,90,11,6,72,10.76,0,0,,,EoN(2014-01-14) Electricity Aq 1yr
532,Baserate,90,11,8,72,10.68,0,0,,,EoN(2014-01-14) Electricity Aq 1yr
532,Baserate,85,11,7,72,10.79,0,0,,,EoN(2014-01-14) Electricity Aq 1yr
532,Baserate,85,11,5,72,10.61,0,0,,,EoN(2014-01-14) Electricity Aq 1yr
532,Baserate,85,11,6,72,10.76,0,0,,,EoN(2014-01-14) Electricity Aq 1yr
532,Baserate,85,11,8,72,10.68,0,0,,,EoN(2014-01-14) Electricity Aq 1yr
532,Baserate,81,11,7,72,10.79,0,0,,,EoN(2014-01-14) Electricity Aq 1yr
532,Baserate,81,11,5,72,10.61,0,0,,,EoN(2014-01-14) Electricity Aq 1yr
532,Baserate,81,11,6,72,10.76,0,0,,,EoN(2014-01-14) Electricity Aq 1yr
532,Baserate,81,11,8,72,10.68,0,0,,,EoN(2014-01-14) Electricity Aq 1yr
532,Baserate,17,11,7,72,10.79,0,0,,,EoN(2014-01-14) Electricity Aq 1yr
532,Baserate,17,11,5,72,10.61,0,0,,,EoN(2014-01-14) Electricity Aq 1yr
532,Baserate,17,11,6,72,10.76,0,0,,,EoN(2014-01-14) Electricity Aq 1yr
532,Baserate,17,11,8,72,10.68,0,0,,,EoN(2014-01-14) Electricity Aq 1yr
532,Baserate,134,11,7,72,10.79,0,0,,,EoN(2014-01-14) Electricity Aq 1yr
532,Baserate,134,11,5,72,10.61,0,0,,,EoN(2014-01-14) Electricity Aq 1yr
532,Baserate,134,11,6,72,10.76,0,0,,,EoN(2014-01-14) Electricity Aq 1yr
532,Baserate,134,11,8,72,10.68,0,0,,,EoN(2014-01-14) Electricity Aq 1yr
532,Baserate,15,11,7,72,10.79,0,0,,,EoN(2014-01-14) Electricity Aq 1yr
532,Baserate,15,11,5,72,10.61,0,0,,,EoN(2014-01-14) Electricity Aq 1yr
532,Baserate,15,11,6,72,10.76,0,0,,,EoN(2014-01-14) Electricity Aq 1yr
532,Baserate,15,11,8,72,10.68,0,0,,,EoN(2014-01-14) Electricity Aq 1yr
532,Baserate,14,11,7,72,10.79,0,0,,,EoN(2014-01-14) Electricity Aq 1yr
532,Baserate,14,11,5,72,10.61,0,0,,,EoN(2014-01-14) Electricity Aq 1yr
532,Baserate,14,11,6,72,10.76,0,0,,,EoN(2014-01-14) Electricity Aq 1yr
532,Baserate,14,11,8,72,10.68,0,0,,,EoN(2014-01-14) Electricity Aq 1yr
532,Baserate,13,11,7,72,10.79,0,0,,,EoN(2014-01-14) Electricity Aq 1yr
532,Baserate,13,11,5,72,10.61,0,0,,,EoN(2014-01-14) Electricity Aq 1yr
532,Baserate,13,11,6,72,10.76,0,0,,,EoN(2014-01-14) Electricity Aq 1yr
532,Baserate,13,11,8,72,10.68,0,0,,,EoN(2014-01-14) Electricity Aq 1yr
532,Baserate,12,11,7,72,10.79,0,0,,,EoN(2014-01-14) Electricity Aq 1yr
532,Baserate,12,11,5,72,10.61,0,0,,,EoN(2014-01-14) Electricity Aq 1yr
532,Baserate,12,11,6,72,10.76,0,0,,,EoN(2014-01-14) Electricity Aq 1yr
532,Baserate,12,11,8,72,10.68,0,0,,,EoN(2014-01-14) Electricity Aq 1yr
532,Baserate,1,11,7,72,10.79,0,0,,,EoN(2014-01-14) Electricity Aq 1yr
532,Baserate,1,11,5,72,10.61,0,0,,,EoN(2014-01-14) Electricity Aq 1yr
532,Baserate,1,11,6,72,10.76,0,0,,,EoN(2014-01-14) Electricity Aq 1yr
532,Baserate,1,11,8,72,10.68,0,0,,,EoN(2014-01-14) Electricity Aq 1yr
532,Baserate,34,11,7,72,10.79,0,0,,,EoN(2014-01-14) Electricity Aq 1yr
532,Baserate,34,11,5,72,10.61,0,0,,,EoN(2014-01-14) Electricity Aq 1yr
532,Baserate,34,11,6,72,10.76,0,0,,,EoN(2014-01-14) Electricity Aq 1yr
532,Baserate,34,11,8,72,10.68,0,0,,,EoN(2014-01-14) Electricity Aq 1yr
541,Baserate,15,11,7,72,10.79,0,0,,,EoN(2014-01-14) Electricity Aq 1yr
541,Baserate,15,11,5,72,10.61,0,0,,,EoN(2014-01-14) Electricity Aq 1yr
541,Baserate,15,11,6,72,10.76,0,0,,,EoN(2014-01-14) Electricity Aq 1yr
541,Baserate,15,11,8,72,10.68,0,0,,,EoN(2014-01-14) Electricity Aq 1yr
541,Baserate,98,11,7,72,10.79,0,0,,,EoN(2014-01-14) Electricity Aq 1yr
541,Baserate,98,11,5,72,10.61,0,0,,,EoN(2014-01-14) Electricity Aq 1yr
541,Baserate,98,11,6,72,10.76,0,0,,,EoN(2014-01-14) Electricity Aq 1yr
541,Baserate,98,11,8,72,10.68,0,0,,,EoN(2014-01-14) Electricity Aq 1yr
541,Baserate,178,11,7,72,10.79,0,0,,,EoN(2014-01-14) Electricity Aq 1yr
541,Baserate,178,11,5,72,10.61,0,0,,,EoN(2014-01-14) Electricity Aq 1yr
541,Baserate,178,11,6,72,10.76,0,0,,,EoN(2014-01-14) Electricity Aq 1yr
541,Baserate,178,11,8,72,10.68,0,0,,,EoN(2014-01-14) Electricity Aq 1yr
541,Baserate,165,11,7,72,10.79,0,0,,,EoN(2014-01-14) Electricity Aq 1yr
541,Baserate,165,11,5,72,10.61,0,0,,,EoN(2014-01-14) Electricity Aq 1yr
541,Baserate,165,11,6,72,10.76,0,0,,,EoN(2014-01-14) Electricity Aq 1yr
541,Baserate,165,11,8,72,10.68,0,0,,,EoN(2014-01-14) Electricity Aq 1yr
541,Baserate,134,11,7,72,10.79,0,0,,,EoN(2014-01-14) Electricity Aq 1yr
541,Baserate,134,11,5,72,10.61,0,0,,,EoN(2014-01-14) Electricity Aq 1yr
541,Baserate,134,11,6,72,10.76,0,0,,,EoN(2014-01-14) Electricity Aq 1yr
541,Baserate,134,11,8,72,10.68,0,0,,,EoN(2014-01-14) Electricity Aq 1yr
541,Baserate,113,11,7,72,10.79,0,0,,,EoN(2014-01-14) Electricity Aq 1yr
541,Baserate,113,11,5,72,10.61,0,0,,,EoN(2014-01-14) Electricity Aq 1yr
541,Baserate,113,11,6,72,10.76,0,0,,,EoN(2014-01-14) Electricity Aq 1yr
541,Baserate,113,11,8,72,10.68,0,0,,,EoN(2014-01-14) Electricity Aq 1yr
541,Baserate,953,11,7,72,10.79,0,0,,,EoN(2014-01-14) Electricity Aq 1yr
541,Baserate,953,11,5,72,10.61,0,0,,,EoN(2014-01-14) Electricity Aq 1yr
541,Baserate,953,11,6,72,10.76,0,0,,,EoN(2014-01-14) Electricity Aq 1yr
541,Baserate,953,11,8,72,10.68,0,0,,,EoN(2014-01-14) Electricity Aq 1yr
541,Baserate,99,11,7,72,10.79,0,0,,,EoN(2014-01-14) Electricity Aq 1yr
541,Baserate,99,11,5,72,10.61,0,0,,,EoN(2014-01-14) Electricity Aq 1yr
541,Baserate,99,11,6,72,10.76,0,0,,,EoN(2014-01-14) Electricity Aq 1yr
541,Baserate,99,11,8,72,10.68,0,0,,,EoN(2014-01-14) Electricity Aq 1yr
541,Baserate,90,11,7,72,10.79,0,0,,,EoN(2014-01-14) Electricity Aq 1yr
541,Baserate,90,11,5,72,10.61,0,0,,,EoN(2014-01-14) Electricity Aq 1yr
541,Baserate,90,11,6,72,10.76,0,0,,,EoN(2014-01-14) Electricity Aq 1yr
541,Baserate,90,11,8,72,10.68,0,0,,,EoN(2014-01-14) Electricity Aq 1yr
541,Baserate,85,11,7,72,10.79,0,0,,,EoN(2014-01-14) Electricity Aq 1yr
541,Baserate,85,11,5,72,10.61,0,0,,,EoN(2014-01-14) Electricity Aq 1yr
541,Baserate,85,11,6,72,10.76,0,0,,,EoN(2014-01-14) Electricity Aq 1yr
541,Baserate,85,11,8,72,10.68,0,0,,,EoN(2014-01-14) Electricity Aq 1yr
541,Baserate,81,11,7,72,10.79,0,0,,,EoN(2014-01-14) Electricity Aq 1yr
541,Baserate,81,11,5,72,10.61,0,0,,,EoN(2014-01-14) Electricity Aq 1yr
541,Baserate,81,11,6,72,10.76,0,0,,,EoN(2014-01-14) Electricity Aq 1yr
541,Baserate,81,11,8,72,10.68,0,0,,,EoN(2014-01-14) Electricity Aq 1yr
541,Baserate,34,11,7,72,10.79,0,0,,,EoN(2014-01-14) Electricity Aq 1yr
541,Baserate,34,11,5,72,10.61,0,0,,,EoN(2014-01-14) Electricity Aq 1yr
541,Baserate,34,11,6,72,10.76,0,0,,,EoN(2014-01-14) Electricity Aq 1yr
541,Baserate,34,11,8,72,10.68,0,0,,,EoN(2014-01-14) Electricity Aq 1yr
541,Baserate,17,11,7,72,10.79,0,0,,,EoN(2014-01-14) Electricity Aq 1yr
541,Baserate,17,11,5,72,10.61,0,0,,,EoN(2014-01-14) Electricity Aq 1yr
541,Baserate,17,11,6,72,10.76,0,0,,,EoN(2014-01-14) Electricity Aq 1yr
541,Baserate,17,11,8,72,10.68,0,0,,,EoN(2014-01-14) Electricity Aq 1yr
541,Baserate,101,11,7,72,10.79,0,0,,,EoN(2014-01-14) Electricity Aq 1yr
541,Baserate,101,11,5,72,10.61,0,0,,,EoN(2014-01-14) Electricity Aq 1yr
541,Baserate,101,11,6,72,10.76,0,0,,,EoN(2014-01-14) Electricity Aq 1yr
541,Baserate,101,11,8,72,10.68,0,0,,,EoN(2014-01-14) Electricity Aq 1yr
541,Baserate,179,11,7,72,10.79,0,0,,,EoN(2014-01-14) Electricity Aq 1yr
541,Baserate,179,11,5,72,10.61,0,0,,,EoN(2014-01-14) Electricity Aq 1yr
541,Baserate,179,11,6,72,10.76,0,0,,,EoN(2014-01-14) Electricity Aq 1yr
541,Baserate,179,11,8,72,10.68,0,0,,,EoN(2014-01-14) Electricity Aq 1yr
541,Baserate,955,11,7,72,10.79,0,0,,,EoN(2014-01-14) Electricity Aq 1yr
541,Baserate,955,11,5,72,10.61,0,0,,,EoN(2014-01-14) Electricity Aq 1yr
541,Baserate,955,11,6,72,10.76,0,0,,,EoN(2014-01-14) Electricity Aq 1yr
541,Baserate,955,11,8,72,10.68,0,0,,,EoN(2014-01-14) Electricity Aq 1yr
541,Baserate,954,11,7,72,10.79,0,0,,,EoN(2014-01-14) Electricity Aq 1yr
541,Baserate,954,11,5,72,10.61,0,0,,,EoN(2014-01-14) Electricity Aq 1yr
541,Baserate,954,11,6,72,10.76,0,0,,,EoN(2014-01-14) Electricity Aq 1yr
541,Baserate,954,11,8,72,10.68,0,0,,,EoN(2014-01-14) Electricity Aq 1yr
619,Baserate,2,11,7,72,10.79,0,0,,,EoN(2014-01-14) Electricity Aq 1yr
619,Baserate,2,11,5,72,10.61,0,0,,,EoN(2014-01-14) Electricity Aq 1yr
619,Baserate,2,11,6,72,10.76,0,0,,,EoN(2014-01-14) Electricity Aq 1yr
619,Baserate,2,11,8,72,10.68,0,0,,,EoN(2014-01-14) Electricity Aq 1yr
619,Baserate,1,11,7,72,10.79,0,0,,,EoN(2014-01-14) Electricity Aq 1yr
619,Baserate,1,11,5,72,10.61,0,0,,,EoN(2014-01-14) Electricity Aq 1yr
619,Baserate,1,11,6,72,10.76,0,0,,,EoN(2014-01-14) Electricity Aq 1yr
619,Baserate,1,11,8,72,10.68,0,0,,,EoN(2014-01-14) Electricity Aq 1yr
607,Baserate,1,11,7,72,10.79,0,0,,,EoN(2014-01-14) Electricity Aq 1yr
607,Baserate,1,11,5,72,10.61,0,0,,,EoN(2014-01-14) Electricity Aq 1yr
607,Baserate,1,11,6,72,10.76,0,0,,,EoN(2014-01-14) Electricity Aq 1yr
607,Baserate,1,11,8,72,10.68,0,0,,,EoN(2014-01-14) Electricity Aq 1yr
501,Baserate,165,11,7,72,10.79,0,0,,,EoN(2014-01-14) Electricity Aq 1yr
501,Baserate,165,11,5,72,10.61,0,0,,,EoN(2014-01-14) Electricity Aq 1yr
501,Baserate,165,11,6,72,10.76,0,0,,,EoN(2014-01-14) Electricity Aq 1yr
501,Baserate,165,11,8,72,10.68,0,0,,,EoN(2014-01-14) Electricity Aq 1yr
501,Baserate,34,11,7,72,10.79,0,0,,,EoN(2014-01-14) Electricity Aq 1yr
501,Baserate,34,11,5,72,10.61,0,0,,,EoN(2014-01-14) Electricity Aq 1yr
501,Baserate,34,11,6,72,10.76,0,0,,,EoN(2014-01-14) Electricity Aq 1yr
501,Baserate,34,11,8,72,10.68,0,0,,,EoN(2014-01-14) Electricity Aq 1yr
501,Baserate,81,11,7,72,10.79,0,0,,,EoN(2014-01-14) Electricity Aq 1yr
501,Baserate,81,11,5,72,10.61,0,0,,,EoN(2014-01-14) Electricity Aq 1yr
501,Baserate,81,11,6,72,10.76,0,0,,,EoN(2014-01-14) Electricity Aq 1yr
501,Baserate,81,11,8,72,10.68,0,0,,,EoN(2014-01-14) Electricity Aq 1yr
501,Baserate,85,11,7,72,10.79,0,0,,,EoN(2014-01-14) Electricity Aq 1yr
501,Baserate,85,11,5,72,10.61,0,0,,,EoN(2014-01-14) Electricity Aq 1yr
501,Baserate,85,11,6,72,10.76,0,0,,,EoN(2014-01-14) Electricity Aq 1yr
501,Baserate,85,11,8,72,10.68,0,0,,,EoN(2014-01-14) Electricity Aq 1yr
501,Baserate,90,11,7,72,10.79,0,0,,,EoN(2014-01-14) Electricity Aq 1yr
501,Baserate,90,11,5,72,10.61,0,0,,,EoN(2014-01-14) Electricity Aq 1yr
501,Baserate,90,11,6,72,10.76,0,0,,,EoN(2014-01-14) Electricity Aq 1yr
501,Baserate,90,11,8,72,10.68,0,0,,,EoN(2014-01-14) Electricity Aq 1yr
501,Baserate,98,11,7,72,10.79,0,0,,,EoN(2014-01-14) Electricity Aq 1yr
501,Baserate,98,11,5,72,10.61,0,0,,,EoN(2014-01-14) Electricity Aq 1yr
501,Baserate,98,11,6,72,10.76,0,0,,,EoN(2014-01-14) Electricity Aq 1yr
501,Baserate,98,11,8,72,10.68,0,0,,,EoN(2014-01-14) Electricity Aq 1yr
501,Baserate,99,11,7,72,10.79,0,0,,,EoN(2014-01-14) Electricity Aq 1yr
501,Baserate,99,11,5,72,10.61,0,0,,,EoN(2014-01-14) Electricity Aq 1yr
501,Baserate,99,11,6,72,10.76,0,0,,,EoN(2014-01-14) Electricity Aq 1yr
501,Baserate,99,11,8,72,10.68,0,0,,,EoN(2014-01-14) Electricity Aq 1yr
501,Baserate,101,11,7,72,10.79,0,0,,,EoN(2014-01-14) Electricity Aq 1yr
501,Baserate,101,11,5,72,10.61,0,0,,,EoN(2014-01-14) Electricity Aq 1yr
501,Baserate,101,11,6,72,10.76,0,0,,,EoN(2014-01-14) Electricity Aq 1yr
501,Baserate,101,11,8,72,10.68,0,0,,,EoN(2014-01-14) Electricity Aq 1yr
501,Baserate,134,11,7,72,10.79,0,0,,,EoN(2014-01-14) Electricity Aq 1yr
501,Baserate,134,11,5,72,10.61,0,0,,,EoN(2014-01-14) Electricity Aq 1yr
501,Baserate,134,11,6,72,10.76,0,0,,,EoN(2014-01-14) Electricity Aq 1yr
501,Baserate,134,11,8,72,10.68,0,0,,,EoN(2014-01-14) Electricity Aq 1yr
501,Baserate,14,11,7,72,10.79,0,0,,,EoN(2014-01-14) Electricity Aq 1yr
501,Baserate,14,11,5,72,10.61,0,0,,,EoN(2014-01-14) Electricity Aq 1yr
501,Baserate,14,11,6,72,10.76,0,0,,,EoN(2014-01-14) Electricity Aq 1yr
501,Baserate,14,11,8,72,10.68,0,0,,,EoN(2014-01-14) Electricity Aq 1yr
501,Baserate,178,11,7,72,10.79,0,0,,,EoN(2014-01-14) Electricity Aq 1yr
501,Baserate,178,11,5,72,10.61,0,0,,,EoN(2014-01-14) Electricity Aq 1yr
501,Baserate,178,11,6,72,10.76,0,0,,,EoN(2014-01-14) Electricity Aq 1yr
501,Baserate,178,11,8,72,10.68,0,0,,,EoN(2014-01-14) Electricity Aq 1yr
501,Baserate,179,11,7,72,10.79,0,0,,,EoN(2014-01-14) Electricity Aq 1yr
501,Baserate,179,11,5,72,10.61,0,0,,,EoN(2014-01-14) Electricity Aq 1yr
501,Baserate,179,11,6,72,10.76,0,0,,,EoN(2014-01-14) Electricity Aq 1yr
501,Baserate,179,11,8,72,10.68,0,0,,,EoN(2014-01-14) Electricity Aq 1yr
501,Baserate,953,11,7,72,10.79,0,0,,,EoN(2014-01-14) Electricity Aq 1yr
501,Baserate,953,11,5,72,10.61,0,0,,,EoN(2014-01-14) Electricity Aq 1yr
501,Baserate,953,11,6,72,10.76,0,0,,,EoN(2014-01-14) Electricity Aq 1yr
501,Baserate,953,11,8,72,10.68,0,0,,,EoN(2014-01-14) Electricity Aq 1yr
501,Baserate,954,11,7,72,10.79,0,0,,,EoN(2014-01-14) Electricity Aq 1yr
501,Baserate,954,11,5,72,10.61,0,0,,,EoN(2014-01-14) Electricity Aq 1yr
501,Baserate,954,11,6,72,10.76,0,0,,,EoN(2014-01-14) Electricity Aq 1yr
501,Baserate,954,11,8,72,10.68,0,0,,,EoN(2014-01-14) Electricity Aq 1yr
501,Baserate,955,11,7,72,10.79,0,0,,,EoN(2014-01-14) Electricity Aq 1yr
501,Baserate,955,11,5,72,10.61,0,0,,,EoN(2014-01-14) Electricity Aq 1yr
501,Baserate,955,11,6,72,10.76,0,0,,,EoN(2014-01-14) Electricity Aq 1yr
501,Baserate,955,11,8,72,10.68,0,0,,,EoN(2014-01-14) Electricity Aq 1yr
501,Baserate,113,11,7,72,10.79,0,0,,,EoN(2014-01-14) Electricity Aq 1yr
501,Baserate,113,11,5,72,10.61,0,0,,,EoN(2014-01-14) Electricity Aq 1yr
501,Baserate,113,11,6,72,10.76,0,0,,,EoN(2014-01-14) Electricity Aq 1yr
501,Baserate,113,11,8,72,10.68,0,0,,,EoN(2014-01-14) Electricity Aq 1yr
541,Baserate,14,11,7,72,10.79,0,0,,,EoN(2014-01-14) Electricity Aq 1yr
541,Baserate,14,11,5,72,10.61,0,0,,,EoN(2014-01-14) Electricity Aq 1yr
541,Baserate,14,11,6,72,10.76,0,0,,,EoN(2014-01-14) Electricity Aq 1yr
541,Baserate,14,11,8,72,10.68,0,0,,,EoN(2014-01-14) Electricity Aq 1yr
501,Baserate,17,11,7,72,10.79,0,0,,,EoN(2014-01-14) Electricity Aq 1yr
501,Baserate,17,11,5,72,10.61,0,0,,,EoN(2014-01-14) Electricity Aq 1yr
501,Baserate,17,11,6,72,10.76,0,0,,,EoN(2014-01-14) Electricity Aq 1yr
501,Baserate,17,11,8,72,10.68,0,0,,,EoN(2014-01-14) Electricity Aq 1yr
501,Baserate,15,11,7,72,10.79,0,0,,,EoN(2014-01-14) Electricity Aq 1yr
501,Baserate,15,11,5,72,10.61,0,0,,,EoN(2014-01-14) Electricity Aq 1yr
501,Baserate,15,11,6,72,10.76,0,0,,,EoN(2014-01-14) Electricity Aq 1yr
501,Baserate,15,11,8,72,10.68,0,0,,,EoN(2014-01-14) Electricity Aq 1yr
501,Baserate,1,11,7,72,10.79,0,0,,,EoN(2014-01-14) Electricity Aq 1yr
501,Baserate,1,11,5,72,10.61,0,0,,,EoN(2014-01-14) Electricity Aq 1yr
501,Baserate,1,11,6,72,10.76,0,0,,,EoN(2014-01-14) Electricity Aq 1yr
501,Baserate,1,11,8,72,10.68,0,0,,,EoN(2014-01-14) Electricity Aq 1yr
501,Baserate,12,11,7,72,10.79,0,0,,,EoN(2014-01-14) Electricity Aq 1yr
501,Baserate,12,11,5,72,10.61,0,0,,,EoN(2014-01-14) Electricity Aq 1yr
501,Baserate,12,11,6,72,10.76,0,0,,,EoN(2014-01-14) Electricity Aq 1yr
501,Baserate,12,11,8,72,10.68,0,0,,,EoN(2014-01-14) Electricity Aq 1yr
501,Baserate,13,11,7,72,10.79,0,0,,,EoN(2014-01-14) Electricity Aq 1yr
501,Baserate,13,11,5,72,10.61,0,0,,,EoN(2014-01-14) Electricity Aq 1yr
501,Baserate,13,11,6,72,10.76,0,0,,,EoN(2014-01-14) Electricity Aq 1yr
501,Baserate,13,11,8,72,10.68,0,0,,,EoN(2014-01-14) Electricity Aq 1yr
541,Baserate,13,11,7,72,10.79,0,0,,,EoN(2014-01-14) Electricity Aq 1yr
541,Baserate,13,11,5,72,10.61,0,0,,,EoN(2014-01-14) Electricity Aq 1yr
541,Baserate,13,11,6,72,10.76,0,0,,,EoN(2014-01-14) Electricity Aq 1yr
541,Baserate,13,11,8,72,10.68,0,0,,,EoN(2014-01-14) Electricity Aq 1yr
541,Baserate,12,11,7,72,10.79,0,0,,,EoN(2014-01-14) Electricity Aq 1yr
541,Baserate,12,11,5,72,10.61,0,0,,,EoN(2014-01-14) Electricity Aq 1yr
541,Baserate,12,11,6,72,10.76,0,0,,,EoN(2014-01-14) Electricity Aq 1yr
541,Baserate,12,11,8,72,10.68,0,0,,,EoN(2014-01-14) Electricity Aq 1yr
541,Baserate,1,11,7,72,10.79,0,0,,,EoN(2014-01-14) Electricity Aq 1yr
541,Baserate,1,11,5,72,10.61,0,0,,,EoN(2014-01-14) Electricity Aq 1yr
541,Baserate,1,11,6,72,10.76,0,0,,,EoN(2014-01-14) Electricity Aq 1yr
541,Baserate,1,11,8,72,10.68,0,0,,,EoN(2014-01-14) Electricity Aq 1yr
837,Baserate,13,11,7,72,10.79,0,0,,,EoN(2014-01-14) Electricity Aq 1yr
837,Baserate,13,11,5,72,10.61,0,0,,,EoN(2014-01-14) Electricity Aq 1yr
837,Baserate,13,11,6,72,10.76,0,0,,,EoN(2014-01-14) Electricity Aq 1yr
837,Baserate,13,11,8,72,10.68,0,0,,,EoN(2014-01-14) Electricity Aq 1yr
833,Baserate,954,11,7,72,10.79,0,0,,,EoN(2014-01-14) Electricity Aq 1yr
833,Baserate,954,11,5,72,10.61,0,0,,,EoN(2014-01-14) Electricity Aq 1yr
833,Baserate,954,11,6,72,10.76,0,0,,,EoN(2014-01-14) Electricity Aq 1yr
833,Baserate,954,11,8,72,10.68,0,0,,,EoN(2014-01-14) Electricity Aq 1yr
833,Baserate,99,11,7,72,10.79,0,0,,,EoN(2014-01-14) Electricity Aq 1yr
833,Baserate,99,11,5,72,10.61,0,0,,,EoN(2014-01-14) Electricity Aq 1yr
833,Baserate,99,11,6,72,10.76,0,0,,,EoN(2014-01-14) Electricity Aq 1yr
833,Baserate,99,11,8,72,10.68,0,0,,,EoN(2014-01-14) Electricity Aq 1yr
833,Baserate,101,11,7,72,10.79,0,0,,,EoN(2014-01-14) Electricity Aq 1yr
833,Baserate,101,11,5,72,10.61,0,0,,,EoN(2014-01-14) Electricity Aq 1yr
833,Baserate,101,11,6,72,10.76,0,0,,,EoN(2014-01-14) Electricity Aq 1yr
833,Baserate,101,11,8,72,10.68,0,0,,,EoN(2014-01-14) Electricity Aq 1yr
833,Baserate,113,11,7,72,10.79,0,0,,,EoN(2014-01-14) Electricity Aq 1yr
833,Baserate,113,11,5,72,10.61,0,0,,,EoN(2014-01-14) Electricity Aq 1yr
833,Baserate,113,11,6,72,10.76,0,0,,,EoN(2014-01-14) Electricity Aq 1yr
833,Baserate,113,11,8,72,10.68,0,0,,,EoN(2014-01-14) Electricity Aq 1yr
833,Baserate,134,11,7,72,10.79,0,0,,,EoN(2014-01-14) Electricity Aq 1yr
833,Baserate,134,11,5,72,10.61,0,0,,,EoN(2014-01-14) Electricity Aq 1yr
833,Baserate,134,11,6,72,10.76,0,0,,,EoN(2014-01-14) Electricity Aq 1yr
833,Baserate,134,11,8,72,10.68,0,0,,,EoN(2014-01-14) Electricity Aq 1yr
833,Baserate,165,11,7,72,10.79,0,0,,,EoN(2014-01-14) Electricity Aq 1yr
833,Baserate,165,11,5,72,10.61,0,0,,,EoN(2014-01-14) Electricity Aq 1yr
833,Baserate,165,11,6,72,10.76,0,0,,,EoN(2014-01-14) Electricity Aq 1yr
833,Baserate,165,11,8,72,10.68,0,0,,,EoN(2014-01-14) Electricity Aq 1yr
833,Baserate,178,11,7,72,10.79,0,0,,,EoN(2014-01-14) Electricity Aq 1yr
833,Baserate,178,11,5,72,10.61,0,0,,,EoN(2014-01-14) Electricity Aq 1yr
833,Baserate,178,11,6,72,10.76,0,0,,,EoN(2014-01-14) Electricity Aq 1yr
833,Baserate,178,11,8,72,10.68,0,0,,,EoN(2014-01-14) Electricity Aq 1yr
833,Baserate,953,11,7,72,10.79,0,0,,,EoN(2014-01-14) Electricity Aq 1yr
833,Baserate,953,11,5,72,10.61,0,0,,,EoN(2014-01-14) Electricity Aq 1yr
833,Baserate,953,11,6,72,10.76,0,0,,,EoN(2014-01-14) Electricity Aq 1yr
833,Baserate,953,11,8,72,10.68,0,0,,,EoN(2014-01-14) Electricity Aq 1yr
833,Baserate,85,11,7,72,10.79,0,0,,,EoN(2014-01-14) Electricity Aq 1yr
833,Baserate,85,11,5,72,10.61,0,0,,,EoN(2014-01-14) Electricity Aq 1yr
833,Baserate,85,11,6,72,10.76,0,0,,,EoN(2014-01-14) Electricity Aq 1yr
833,Baserate,85,11,8,72,10.68,0,0,,,EoN(2014-01-14) Electricity Aq 1yr
833,Baserate,955,11,7,72,10.79,0,0,,,EoN(2014-01-14) Electricity Aq 1yr
833,Baserate,955,11,5,72,10.61,0,0,,,EoN(2014-01-14) Electricity Aq 1yr
833,Baserate,955,11,6,72,10.76,0,0,,,EoN(2014-01-14) Electricity Aq 1yr
833,Baserate,955,11,8,72,10.68,0,0,,,EoN(2014-01-14) Electricity Aq 1yr
833,Baserate,179,11,7,72,10.79,0,0,,,EoN(2014-01-14) Electricity Aq 1yr
833,Baserate,179,11,5,72,10.61,0,0,,,EoN(2014-01-14) Electricity Aq 1yr
833,Baserate,179,11,6,72,10.76,0,0,,,EoN(2014-01-14) Electricity Aq 1yr
833,Baserate,179,11,8,72,10.68,0,0,,,EoN(2014-01-14) Electricity Aq 1yr
833,Baserate,12,11,7,72,10.79,0,0,,,EoN(2014-01-14) Electricity Aq 1yr
833,Baserate,12,11,5,72,10.61,0,0,,,EoN(2014-01-14) Electricity Aq 1yr
833,Baserate,12,11,6,72,10.76,0,0,,,EoN(2014-01-14) Electricity Aq 1yr
833,Baserate,12,11,8,72,10.68,0,0,,,EoN(2014-01-14) Electricity Aq 1yr
833,Baserate,98,11,7,72,10.79,0,0,,,EoN(2014-01-14) Electricity Aq 1yr
833,Baserate,98,11,5,72,10.61,0,0,,,EoN(2014-01-14) Electricity Aq 1yr
833,Baserate,98,11,6,72,10.76,0,0,,,EoN(2014-01-14) Electricity Aq 1yr
833,Baserate,98,11,8,72,10.68,0,0,,,EoN(2014-01-14) Electricity Aq 1yr
833,Baserate,1,11,7,72,10.79,0,0,,,EoN(2014-01-14) Electricity Aq 1yr
833,Baserate,1,11,5,72,10.61,0,0,,,EoN(2014-01-14) Electricity Aq 1yr
833,Baserate,1,11,6,72,10.76,0,0,,,EoN(2014-01-14) Electricity Aq 1yr
833,Baserate,1,11,8,72,10.68,0,0,,,EoN(2014-01-14) Electricity Aq 1yr
833,Baserate,90,11,7,72,10.79,0,0,,,EoN(2014-01-14) Electricity Aq 1yr
833,Baserate,90,11,5,72,10.61,0,0,,,EoN(2014-01-14) Electricity Aq 1yr
833,Baserate,90,11,6,72,10.76,0,0,,,EoN(2014-01-14) Electricity Aq 1yr
833,Baserate,90,11,8,72,10.68,0,0,,,EoN(2014-01-14) Electricity Aq 1yr
833,Baserate,13,11,7,72,10.79,0,0,,,EoN(2014-01-14) Electricity Aq 1yr
833,Baserate,13,11,5,72,10.61,0,0,,,EoN(2014-01-14) Electricity Aq 1yr
833,Baserate,13,11,6,72,10.76,0,0,,,EoN(2014-01-14) Electricity Aq 1yr
833,Baserate,13,11,8,72,10.68,0,0,,,EoN(2014-01-14) Electricity Aq 1yr
833,Baserate,14,11,7,72,10.79,0,0,,,EoN(2014-01-14) Electricity Aq 1yr
833,Baserate,14,11,5,72,10.61,0,0,,,EoN(2014-01-14) Electricity Aq 1yr
833,Baserate,14,11,6,72,10.76,0,0,,,EoN(2014-01-14) Electricity Aq 1yr
833,Baserate,14,11,8,72,10.68,0,0,,,EoN(2014-01-14) Electricity Aq 1yr
833,Baserate,15,11,7,72,10.79,0,0,,,EoN(2014-01-14) Electricity Aq 1yr
833,Baserate,15,11,5,72,10.61,0,0,,,EoN(2014-01-14) Electricity Aq 1yr
833,Baserate,15,11,6,72,10.76,0,0,,,EoN(2014-01-14) Electricity Aq 1yr
833,Baserate,15,11,8,72,10.68,0,0,,,EoN(2014-01-14) Electricity Aq 1yr
833,Baserate,17,11,7,72,10.79,0,0,,,EoN(2014-01-14) Electricity Aq 1yr
833,Baserate,17,11,5,72,10.61,0,0,,,EoN(2014-01-14) Electricity Aq 1yr
833,Baserate,17,11,6,72,10.76,0,0,,,EoN(2014-01-14) Electricity Aq 1yr
833,Baserate,17,11,8,72,10.68,0,0,,,EoN(2014-01-14) Electricity Aq 1yr
833,Baserate,34,11,7,72,10.79,0,0,,,EoN(2014-01-14) Electricity Aq 1yr
833,Baserate,34,11,5,72,10.61,0,0,,,EoN(2014-01-14) Electricity Aq 1yr
833,Baserate,34,11,6,72,10.76,0,0,,,EoN(2014-01-14) Electricity Aq 1yr
833,Baserate,34,11,8,72,10.68,0,0,,,EoN(2014-01-14) Electricity Aq 1yr
833,Baserate,81,11,7,72,10.79,0,0,,,EoN(2014-01-14) Electricity Aq 1yr
833,Baserate,81,11,5,72,10.61,0,0,,,EoN(2014-01-14) Electricity Aq 1yr
833,Baserate,81,11,6,72,10.76,0,0,,,EoN(2014-01-14) Electricity Aq 1yr
833,Baserate,81,11,8,72,10.68,0,0,,,EoN(2014-01-14) Electricity Aq 1yr
835,Baserate,13,11,7,72,10.79,0,0,,,EoN(2014-01-14) Electricity Aq 1yr
835,Baserate,13,11,5,72,10.61,0,0,,,EoN(2014-01-14) Electricity Aq 1yr
835,Baserate,13,11,6,72,10.76,0,0,,,EoN(2014-01-14) Electricity Aq 1yr
835,Baserate,13,11,8,72,10.68,0,0,,,EoN(2014-01-14) Electricity Aq 1yr
835,Baserate,1,11,7,72,10.79,0,0,,,EoN(2014-01-14) Electricity Aq 1yr
835,Baserate,1,11,5,72,10.61,0,0,,,EoN(2014-01-14) Electricity Aq 1yr
835,Baserate,1,11,6,72,10.76,0,0,,,EoN(2014-01-14) Electricity Aq 1yr
835,Baserate,1,11,8,72,10.68,0,0,,,EoN(2014-01-14) Electricity Aq 1yr
835,Baserate,101,11,7,72,10.79,0,0,,,EoN(2014-01-14) Electricity Aq 1yr
835,Baserate,101,11,5,72,10.61,0,0,,,EoN(2014-01-14) Electricity Aq 1yr
835,Baserate,101,11,6,72,10.76,0,0,,,EoN(2014-01-14) Electricity Aq 1yr
835,Baserate,101,11,8,72,10.68,0,0,,,EoN(2014-01-14) Electricity Aq 1yr
835,Baserate,113,11,7,72,10.79,0,0,,,EoN(2014-01-14) Electricity Aq 1yr
835,Baserate,113,11,5,72,10.61,0,0,,,EoN(2014-01-14) Electricity Aq 1yr
835,Baserate,113,11,6,72,10.76,0,0,,,EoN(2014-01-14) Electricity Aq 1yr
835,Baserate,113,11,8,72,10.68,0,0,,,EoN(2014-01-14) Electricity Aq 1yr
837,Baserate,1,11,7,72,10.79,0,0,,,EoN(2014-01-14) Electricity Aq 1yr
837,Baserate,1,11,5,72,10.61,0,0,,,EoN(2014-01-14) Electricity Aq 1yr
837,Baserate,1,11,6,72,10.76,0,0,,,EoN(2014-01-14) Electricity Aq 1yr
837,Baserate,1,11,8,72,10.68,0,0,,,EoN(2014-01-14) Electricity Aq 1yr
802,Baserate,954,11,7,72,10.79,0,0,,,EoN(2014-01-14) Electricity Aq 1yr
802,Baserate,954,11,5,72,10.61,0,0,,,EoN(2014-01-14) Electricity Aq 1yr
802,Baserate,954,11,6,72,10.76,0,0,,,EoN(2014-01-14) Electricity Aq 1yr
802,Baserate,954,11,8,72,10.68,0,0,,,EoN(2014-01-14) Electricity Aq 1yr
802,Baserate,98,11,7,72,10.79,0,0,,,EoN(2014-01-14) Electricity Aq 1yr
802,Baserate,98,11,5,72,10.61,0,0,,,EoN(2014-01-14) Electricity Aq 1yr
802,Baserate,98,11,6,72,10.76,0,0,,,EoN(2014-01-14) Electricity Aq 1yr
802,Baserate,98,11,8,72,10.68,0,0,,,EoN(2014-01-14) Electricity Aq 1yr
802,Baserate,12,11,7,72,10.79,0,0,,,EoN(2014-01-14) Electricity Aq 1yr
802,Baserate,12,11,5,72,10.61,0,0,,,EoN(2014-01-14) Electricity Aq 1yr
802,Baserate,12,11,6,72,10.76,0,0,,,EoN(2014-01-14) Electricity Aq 1yr
802,Baserate,12,11,8,72,10.68,0,0,,,EoN(2014-01-14) Electricity Aq 1yr
802,Baserate,13,11,7,72,10.79,0,0,,,EoN(2014-01-14) Electricity Aq 1yr
802,Baserate,13,11,5,72,10.61,0,0,,,EoN(2014-01-14) Electricity Aq 1yr
802,Baserate,13,11,6,72,10.76,0,0,,,EoN(2014-01-14) Electricity Aq 1yr
802,Baserate,13,11,8,72,10.68,0,0,,,EoN(2014-01-14) Electricity Aq 1yr
802,Baserate,14,11,7,72,10.79,0,0,,,EoN(2014-01-14) Electricity Aq 1yr
802,Baserate,14,11,5,72,10.61,0,0,,,EoN(2014-01-14) Electricity Aq 1yr
802,Baserate,14,11,6,72,10.76,0,0,,,EoN(2014-01-14) Electricity Aq 1yr
802,Baserate,14,11,8,72,10.68,0,0,,,EoN(2014-01-14) Electricity Aq 1yr
802,Baserate,15,11,7,72,10.79,0,0,,,EoN(2014-01-14) Electricity Aq 1yr
802,Baserate,15,11,5,72,10.61,0,0,,,EoN(2014-01-14) Electricity Aq 1yr
802,Baserate,15,11,6,72,10.76,0,0,,,EoN(2014-01-14) Electricity Aq 1yr
802,Baserate,15,11,8,72,10.68,0,0,,,EoN(2014-01-14) Electricity Aq 1yr
802,Baserate,17,11,7,72,10.79,0,0,,,EoN(2014-01-14) Electricity Aq 1yr
802,Baserate,17,11,5,72,10.61,0,0,,,EoN(2014-01-14) Electricity Aq 1yr
802,Baserate,17,11,6,72,10.76,0,0,,,EoN(2014-01-14) Electricity Aq 1yr
802,Baserate,17,11,8,72,10.68,0,0,,,EoN(2014-01-14) Electricity Aq 1yr
802,Baserate,34,11,7,72,10.79,0,0,,,EoN(2014-01-14) Electricity Aq 1yr
802,Baserate,34,11,5,72,10.61,0,0,,,EoN(2014-01-14) Electricity Aq 1yr
802,Baserate,34,11,6,72,10.76,0,0,,,EoN(2014-01-14) Electricity Aq 1yr
802,Baserate,34,11,8,72,10.68,0,0,,,EoN(2014-01-14) Electricity Aq 1yr
802,Baserate,81,11,7,72,10.79,0,0,,,EoN(2014-01-14) Electricity Aq 1yr
802,Baserate,81,11,5,72,10.61,0,0,,,EoN(2014-01-14) Electricity Aq 1yr
802,Baserate,81,11,6,72,10.76,0,0,,,EoN(2014-01-14) Electricity Aq 1yr
802,Baserate,81,11,8,72,10.68,0,0,,,EoN(2014-01-14) Electricity Aq 1yr
802,Baserate,90,11,7,72,10.79,0,0,,,EoN(2014-01-14) Electricity Aq 1yr
802,Baserate,90,11,5,72,10.61,0,0,,,EoN(2014-01-14) Electricity Aq 1yr
802,Baserate,90,11,6,72,10.76,0,0,,,EoN(2014-01-14) Electricity Aq 1yr
802,Baserate,90,11,8,72,10.68,0,0,,,EoN(2014-01-14) Electricity Aq 1yr
802,Baserate,99,11,7,72,10.79,0,0,,,EoN(2014-01-14) Electricity Aq 1yr
802,Baserate,99,11,5,72,10.61,0,0,,,EoN(2014-01-14) Electricity Aq 1yr
802,Baserate,99,11,6,72,10.76,0,0,,,EoN(2014-01-14) Electricity Aq 1yr
802,Baserate,99,11,8,72,10.68,0,0,,,EoN(2014-01-14) Electricity Aq 1yr
802,Baserate,101,11,7,72,10.79,0,0,,,EoN(2014-01-14) Electricity Aq 1yr
802,Baserate,101,11,5,72,10.61,0,0,,,EoN(2014-01-14) Electricity Aq 1yr
802,Baserate,101,11,6,72,10.76,0,0,,,EoN(2014-01-14) Electricity Aq 1yr
802,Baserate,101,11,8,72,10.68,0,0,,,EoN(2014-01-14) Electricity Aq 1yr
802,Baserate,113,11,7,72,10.79,0,0,,,EoN(2014-01-14) Electricity Aq 1yr
802,Baserate,113,11,5,72,10.61,0,0,,,EoN(2014-01-14) Electricity Aq 1yr
802,Baserate,113,11,6,72,10.76,0,0,,,EoN(2014-01-14) Electricity Aq 1yr
802,Baserate,113,11,8,72,10.68,0,0,,,EoN(2014-01-14) Electricity Aq 1yr
802,Baserate,134,11,7,72,10.79,0,0,,,EoN(2014-01-14) Electricity Aq 1yr
802,Baserate,134,11,5,72,10.61,0,0,,,EoN(2014-01-14) Electricity Aq 1yr
802,Baserate,134,11,6,72,10.76,0,0,,,EoN(2014-01-14) Electricity Aq 1yr
802,Baserate,134,11,8,72,10.68,0,0,,,EoN(2014-01-14) Electricity Aq 1yr
802,Baserate,165,11,7,72,10.79,0,0,,,EoN(2014-01-14) Electricity Aq 1yr
802,Baserate,165,11,5,72,10.61,0,0,,,EoN(2014-01-14) Electricity Aq 1yr
802,Baserate,165,11,6,72,10.76,0,0,,,EoN(2014-01-14) Electricity Aq 1yr
802,Baserate,165,11,8,72,10.68,0,0,,,EoN(2014-01-14) Electricity Aq 1yr
802,Baserate,178,11,7,72,10.79,0,0,,,EoN(2014-01-14) Electricity Aq 1yr
802,Baserate,178,11,5,72,10.61,0,0,,,EoN(2014-01-14) Electricity Aq 1yr
802,Baserate,178,11,6,72,10.76,0,0,,,EoN(2014-01-14) Electricity Aq 1yr
802,Baserate,178,11,8,72,10.68,0,0,,,EoN(2014-01-14) Electricity Aq 1yr
802,Baserate,179,11,7,72,10.79,0,0,,,EoN(2014-01-14) Electricity Aq 1yr
802,Baserate,179,11,5,72,10.61,0,0,,,EoN(2014-01-14) Electricity Aq 1yr
802,Baserate,179,11,6,72,10.76,0,0,,,EoN(2014-01-14) Electricity Aq 1yr
802,Baserate,179,11,8,72,10.68,0,0,,,EoN(2014-01-14) Electricity Aq 1yr
802,Baserate,953,11,7,72,10.79,0,0,,,EoN(2014-01-14) Electricity Aq 1yr
802,Baserate,953,11,5,72,10.61,0,0,,,EoN(2014-01-14) Electricity Aq 1yr
802,Baserate,953,11,6,72,10.76,0,0,,,EoN(2014-01-14) Electricity Aq 1yr
802,Baserate,953,11,8,72,10.68,0,0,,,EoN(2014-01-14) Electricity Aq 1yr
802,Baserate,85,11,7,72,10.79,0,0,,,EoN(2014-01-14) Electricity Aq 1yr
802,Baserate,85,11,5,72,10.61,0,0,,,EoN(2014-01-14) Electricity Aq 1yr
802,Baserate,85,11,6,72,10.76,0,0,,,EoN(2014-01-14) Electricity Aq 1yr
802,Baserate,85,11,8,72,10.68,0,0,,,EoN(2014-01-14) Electricity Aq 1yr
802,Baserate,1,11,7,72,10.79,0,0,,,EoN(2014-01-14) Electricity Aq 1yr
802,Baserate,1,11,5,72,10.61,0,0,,,EoN(2014-01-14) Electricity Aq 1yr
802,Baserate,1,11,6,72,10.76,0,0,,,EoN(2014-01-14) Electricity Aq 1yr
802,Baserate,1,11,8,72,10.68,0,0,,,EoN(2014-01-14) Electricity Aq 1yr
802,Baserate,955,11,7,72,10.79,0,0,,,EoN(2014-01-14) Electricity Aq 1yr
802,Baserate,955,11,5,72,10.61,0,0,,,EoN(2014-01-14) Electricity Aq 1yr
802,Baserate,955,11,6,72,10.76,0,0,,,EoN(2014-01-14) Electricity Aq 1yr
802,Baserate,955,11,8,72,10.68,0,0,,,EoN(2014-01-14) Electricity Aq 1yr
801,Baserate,179,11,7,72,10.79,0,0,,,EoN(2014-01-14) Electricity Aq 1yr
801,Baserate,179,11,5,72,10.61,0,0,,,EoN(2014-01-14) Electricity Aq 1yr
801,Baserate,179,11,6,72,10.76,0,0,,,EoN(2014-01-14) Electricity Aq 1yr
801,Baserate,179,11,8,72,10.68,0,0,,,EoN(2014-01-14) Electricity Aq 1yr
801,Baserate,85,11,7,72,10.79,0,0,,,EoN(2014-01-14) Electricity Aq 1yr
801,Baserate,85,11,5,72,10.61,0,0,,,EoN(2014-01-14) Electricity Aq 1yr
801,Baserate,85,11,6,72,10.76,0,0,,,EoN(2014-01-14) Electricity Aq 1yr
801,Baserate,85,11,8,72,10.68,0,0,,,EoN(2014-01-14) Electricity Aq 1yr
801,Baserate,90,11,7,72,10.79,0,0,,,EoN(2014-01-14) Electricity Aq 1yr
801,Baserate,90,11,5,72,10.61,0,0,,,EoN(2014-01-14) Electricity Aq 1yr
801,Baserate,90,11,6,72,10.76,0,0,,,EoN(2014-01-14) Electricity Aq 1yr
801,Baserate,90,11,8,72,10.68,0,0,,,EoN(2014-01-14) Electricity Aq 1yr
801,Baserate,98,11,7,72,10.79,0,0,,,EoN(2014-01-14) Electricity Aq 1yr
801,Baserate,98,11,5,72,10.61,0,0,,,EoN(2014-01-14) Electricity Aq 1yr
801,Baserate,98,11,6,72,10.76,0,0,,,EoN(2014-01-14) Electricity Aq 1yr
801,Baserate,98,11,8,72,10.68,0,0,,,EoN(2014-01-14) Electricity Aq 1yr
801,Baserate,99,11,7,72,10.79,0,0,,,EoN(2014-01-14) Electricity Aq 1yr
801,Baserate,99,11,5,72,10.61,0,0,,,EoN(2014-01-14) Electricity Aq 1yr
801,Baserate,99,11,6,72,10.76,0,0,,,EoN(2014-01-14) Electricity Aq 1yr
801,Baserate,99,11,8,72,10.68,0,0,,,EoN(2014-01-14) Electricity Aq 1yr
801,Baserate,101,11,7,72,10.79,0,0,,,EoN(2014-01-14) Electricity Aq 1yr
801,Baserate,101,11,5,72,10.61,0,0,,,EoN(2014-01-14) Electricity Aq 1yr
801,Baserate,101,11,6,72,10.76,0,0,,,EoN(2014-01-14) Electricity Aq 1yr
801,Baserate,101,11,8,72,10.68,0,0,,,EoN(2014-01-14) Electricity Aq 1yr
801,Baserate,113,11,7,72,10.79,0,0,,,EoN(2014-01-14) Electricity Aq 1yr
801,Baserate,113,11,5,72,10.61,0,0,,,EoN(2014-01-14) Electricity Aq 1yr
801,Baserate,113,11,6,72,10.76,0,0,,,EoN(2014-01-14) Electricity Aq 1yr
801,Baserate,113,11,8,72,10.68,0,0,,,EoN(2014-01-14) Electricity Aq 1yr
801,Baserate,134,11,7,72,10.79,0,0,,,EoN(2014-01-14) Electricity Aq 1yr
801,Baserate,134,11,5,72,10.61,0,0,,,EoN(2014-01-14) Electricity Aq 1yr
801,Baserate,134,11,6,72,10.76,0,0,,,EoN(2014-01-14) Electricity Aq 1yr
801,Baserate,134,11,8,72,10.68,0,0,,,EoN(2014-01-14) Electricity Aq 1yr
801,Baserate,34,11,7,72,10.79,0,0,,,EoN(2014-01-14) Electricity Aq 1yr
801,Baserate,34,11,5,72,10.61,0,0,,,EoN(2014-01-14) Electricity Aq 1yr
801,Baserate,34,11,6,72,10.76,0,0,,,EoN(2014-01-14) Electricity Aq 1yr
801,Baserate,34,11,8,72,10.68,0,0,,,EoN(2014-01-14) Electricity Aq 1yr
801,Baserate,178,11,7,72,10.79,0,0,,,EoN(2014-01-14) Electricity Aq 1yr
801,Baserate,178,11,5,72,10.61,0,0,,,EoN(2014-01-14) Electricity Aq 1yr
801,Baserate,178,11,6,72,10.76,0,0,,,EoN(2014-01-14) Electricity Aq 1yr
801,Baserate,178,11,8,72,10.68,0,0,,,EoN(2014-01-14) Electricity Aq 1yr
801,Baserate,17,11,7,72,10.79,0,0,,,EoN(2014-01-14) Electricity Aq 1yr
801,Baserate,17,11,5,72,10.61,0,0,,,EoN(2014-01-14) Electricity Aq 1yr
801,Baserate,17,11,6,72,10.76,0,0,,,EoN(2014-01-14) Electricity Aq 1yr
801,Baserate,17,11,8,72,10.68,0,0,,,EoN(2014-01-14) Electricity Aq 1yr
801,Baserate,953,11,7,72,10.79,0,0,,,EoN(2014-01-14) Electricity Aq 1yr
801,Baserate,953,11,5,72,10.61,0,0,,,EoN(2014-01-14) Electricity Aq 1yr
801,Baserate,953,11,6,72,10.76,0,0,,,EoN(2014-01-14) Electricity Aq 1yr
801,Baserate,953,11,8,72,10.68,0,0,,,EoN(2014-01-14) Electricity Aq 1yr
801,Baserate,954,11,7,72,10.79,0,0,,,EoN(2014-01-14) Electricity Aq 1yr
801,Baserate,954,11,5,72,10.61,0,0,,,EoN(2014-01-14) Electricity Aq 1yr
801,Baserate,954,11,6,72,10.76,0,0,,,EoN(2014-01-14) Electricity Aq 1yr
801,Baserate,954,11,8,72,10.68,0,0,,,EoN(2014-01-14) Electricity Aq 1yr
801,Baserate,955,11,7,72,10.79,0,0,,,EoN(2014-01-14) Electricity Aq 1yr
801,Baserate,955,11,5,72,10.61,0,0,,,EoN(2014-01-14) Electricity Aq 1yr
801,Baserate,955,11,6,72,10.76,0,0,,,EoN(2014-01-14) Electricity Aq 1yr
801,Baserate,955,11,8,72,10.68,0,0,,,EoN(2014-01-14) Electricity Aq 1yr
801,Baserate,165,11,7,72,10.79,0,0,,,EoN(2014-01-14) Electricity Aq 1yr
801,Baserate,165,11,5,72,10.61,0,0,,,EoN(2014-01-14) Electricity Aq 1yr
801,Baserate,165,11,6,72,10.76,0,0,,,EoN(2014-01-14) Electricity Aq 1yr
801,Baserate,165,11,8,72,10.68,0,0,,,EoN(2014-01-14) Electricity Aq 1yr
801,Baserate,81,11,7,72,10.79,0,0,,,EoN(2014-01-14) Electricity Aq 1yr
801,Baserate,81,11,5,72,10.61,0,0,,,EoN(2014-01-14) Electricity Aq 1yr
801,Baserate,81,11,6,72,10.76,0,0,,,EoN(2014-01-14) Electricity Aq 1yr
801,Baserate,81,11,8,72,10.68,0,0,,,EoN(2014-01-14) Electricity Aq 1yr
801,Baserate,1,11,7,72,10.79,0,0,,,EoN(2014-01-14) Electricity Aq 1yr
801,Baserate,1,11,5,72,10.61,0,0,,,EoN(2014-01-14) Electricity Aq 1yr
801,Baserate,1,11,6,72,10.76,0,0,,,EoN(2014-01-14) Electricity Aq 1yr
801,Baserate,1,11,8,72,10.68,0,0,,,EoN(2014-01-14) Electricity Aq 1yr
801,Baserate,12,11,7,72,10.79,0,0,,,EoN(2014-01-14) Electricity Aq 1yr
801,Baserate,12,11,5,72,10.61,0,0,,,EoN(2014-01-14) Electricity Aq 1yr
801,Baserate,12,11,6,72,10.76,0,0,,,EoN(2014-01-14) Electricity Aq 1yr
801,Baserate,12,11,8,72,10.68,0,0,,,EoN(2014-01-14) Electricity Aq 1yr
801,Baserate,13,11,7,72,10.79,0,0,,,EoN(2014-01-14) Electricity Aq 1yr
801,Baserate,13,11,5,72,10.61,0,0,,,EoN(2014-01-14) Electricity Aq 1yr
801,Baserate,13,11,6,72,10.76,0,0,,,EoN(2014-01-14) Electricity Aq 1yr
801,Baserate,13,11,8,72,10.68,0,0,,,EoN(2014-01-14) Electricity Aq 1yr
801,Baserate,14,11,7,72,10.79,0,0,,,EoN(2014-01-14) Electricity Aq 1yr
801,Baserate,14,11,5,72,10.61,0,0,,,EoN(2014-01-14) Electricity Aq 1yr
801,Baserate,14,11,6,72,10.76,0,0,,,EoN(2014-01-14) Electricity Aq 1yr
801,Baserate,14,11,8,72,10.68,0,0,,,EoN(2014-01-14) Electricity Aq 1yr
801,Baserate,15,11,7,72,10.79,0,0,,,EoN(2014-01-14) Electricity Aq 1yr
801,Baserate,15,11,5,72,10.61,0,0,,,EoN(2014-01-14) Electricity Aq 1yr
801,Baserate,15,11,6,72,10.76,0,0,,,EoN(2014-01-14) Electricity Aq 1yr
801,Baserate,15,11,8,72,10.68,0,0,,,EoN(2014-01-14) Electricity Aq 1yr
839,Baserate,2,11,7,72,10.79,0,0,,,EoN(2014-01-14) Electricity Aq 1yr
839,Baserate,2,11,5,72,10.61,0,0,,,EoN(2014-01-14) Electricity Aq 1yr
839,Baserate,2,11,6,72,10.76,0,0,,,EoN(2014-01-14) Electricity Aq 1yr
839,Baserate,2,11,8,72,10.68,0,0,,,EoN(2014-01-14) Electricity Aq 1yr
839,Baserate,1,11,7,72,10.79,0,0,,,EoN(2014-01-14) Electricity Aq 1yr
839,Baserate,1,11,5,72,10.61,0,0,,,EoN(2014-01-14) Electricity Aq 1yr
839,Baserate,1,11,6,72,10.76,0,0,,,EoN(2014-01-14) Electricity Aq 1yr
839,Baserate,1,11,8,72,10.68,0,0,,,EoN(2014-01-14) Electricity Aq 1yr
840,Baserate,2,11,7,72,10.79,0,0,,,EoN(2014-01-14) Electricity Aq 1yr
840,Baserate,2,11,5,72,10.61,0,0,,,EoN(2014-01-14) Electricity Aq 1yr
840,Baserate,2,11,6,72,10.76,0,0,,,EoN(2014-01-14) Electricity Aq 1yr
840,Baserate,2,11,8,72,10.68,0,0,,,EoN(2014-01-14) Electricity Aq 1yr
838,Baserate,13,11,7,72,10.79,0,0,,,EoN(2014-01-14) Electricity Aq 1yr
838,Baserate,13,11,5,72,10.61,0,0,,,EoN(2014-01-14) Electricity Aq 1yr
838,Baserate,13,11,6,72,10.76,0,0,,,EoN(2014-01-14) Electricity Aq 1yr
838,Baserate,13,11,8,72,10.68,0,0,,,EoN(2014-01-14) Electricity Aq 1yr
838,Baserate,2,11,7,72,10.79,0,0,,,EoN(2014-01-14) Electricity Aq 1yr
838,Baserate,2,11,5,72,10.61,0,0,,,EoN(2014-01-14) Electricity Aq 1yr
838,Baserate,2,11,6,72,10.76,0,0,,,EoN(2014-01-14) Electricity Aq 1yr
838,Baserate,2,11,8,72,10.68,0,0,,,EoN(2014-01-14) Electricity Aq 1yr
838,Baserate,1,11,7,72,10.79,0,0,,,EoN(2014-01-14) Electricity Aq 1yr
838,Baserate,1,11,5,72,10.61,0,0,,,EoN(2014-01-14) Electricity Aq 1yr
838,Baserate,1,11,6,72,10.76,0,0,,,EoN(2014-01-14) Electricity Aq 1yr
838,Baserate,1,11,8,72,10.68,0,0,,,EoN(2014-01-14) Electricity Aq 1yr
840,Baserate,1,11,7,72,10.79,0,0,,,EoN(2014-01-14) Electricity Aq 1yr
840,Baserate,1,11,5,72,10.61,0,0,,,EoN(2014-01-14) Electricity Aq 1yr
840,Baserate,1,11,6,72,10.76,0,0,,,EoN(2014-01-14) Electricity Aq 1yr
840,Baserate,1,11,8,72,10.68,0,0,,,EoN(2014-01-14) Electricity Aq 1yr
873,Baserate,13,11,7,72,10.79,0,0,,,EoN(2014-01-14) Electricity Aq 1yr
873,Baserate,13,11,5,72,10.61,0,0,,,EoN(2014-01-14) Electricity Aq 1yr
873,Baserate,13,11,6,72,10.76,0,0,,,EoN(2014-01-14) Electricity Aq 1yr
873,Baserate,13,11,8,72,10.68,0,0,,,EoN(2014-01-14) Electricity Aq 1yr
837,Baserate,2,11,7,72,10.79,0,0,,,EoN(2014-01-14) Electricity Aq 1yr
837,Baserate,2,11,5,72,10.61,0,0,,,EoN(2014-01-14) Electricity Aq 1yr
837,Baserate,2,11,6,72,10.76,0,0,,,EoN(2014-01-14) Electricity Aq 1yr
837,Baserate,2,11,8,72,10.68,0,0,,,EoN(2014-01-14) Electricity Aq 1yr
34,Nightsaver,21,11,7,72,11.44,6.11,0,,,EoN(2014-01-14) Electricity Aq 1yr
34,Nightsaver,21,11,6,72,11.3,6.19,0,,,EoN(2014-01-14) Electricity Aq 1yr
34,Nightsaver,21,11,5,72,11.12,6.22,0,,,EoN(2014-01-14) Electricity Aq 1yr
34,Nightsaver,21,11,8,72,11.5,6.04,0,,,EoN(2014-01-14) Electricity Aq 1yr
556,Nightsaver,17,11,7,72,11.44,6.11,0,,,EoN(2014-01-14) Electricity Aq 1yr
556,Nightsaver,17,11,6,72,11.3,6.19,0,,,EoN(2014-01-14) Electricity Aq 1yr
556,Nightsaver,17,11,5,72,11.12,6.22,0,,,EoN(2014-01-14) Electricity Aq 1yr
556,Nightsaver,17,11,8,72,11.5,6.04,0,,,EoN(2014-01-14) Electricity Aq 1yr
556,Nightsaver,21,11,7,72,11.44,6.11,0,,,EoN(2014-01-14) Electricity Aq 1yr
556,Nightsaver,21,11,6,72,11.3,6.19,0,,,EoN(2014-01-14) Electricity Aq 1yr
556,Nightsaver,21,11,5,72,11.12,6.22,0,,,EoN(2014-01-14) Electricity Aq 1yr
556,Nightsaver,21,11,8,72,11.5,6.04,0,,,EoN(2014-01-14) Electricity Aq 1yr
556,Nightsaver,23,11,7,72,11.44,6.11,0,,,EoN(2014-01-14) Electricity Aq 1yr
556,Nightsaver,23,11,6,72,11.3,6.19,0,,,EoN(2014-01-14) Electricity Aq 1yr
556,Nightsaver,23,11,5,72,11.12,6.22,0,,,EoN(2014-01-14) Electricity Aq 1yr
556,Nightsaver,23,11,8,72,11.5,6.04,0,,,EoN(2014-01-14) Electricity Aq 1yr
556,Nightsaver,27,11,7,72,11.44,6.11,0,,,EoN(2014-01-14) Electricity Aq 1yr
556,Nightsaver,27,11,6,72,11.3,6.19,0,,,EoN(2014-01-14) Electricity Aq 1yr
556,Nightsaver,27,11,5,72,11.12,6.22,0,,,EoN(2014-01-14) Electricity Aq 1yr
556,Nightsaver,27,11,8,72,11.5,6.04,0,,,EoN(2014-01-14) Electricity Aq 1yr
556,Nightsaver,29,11,7,72,11.44,6.11,0,,,EoN(2014-01-14) Electricity Aq 1yr
556,Nightsaver,29,11,6,72,11.3,6.19,0,,,EoN(2014-01-14) Electricity Aq 1yr
556,Nightsaver,29,11,5,72,11.12,6.22,0,,,EoN(2014-01-14) Electricity Aq 1yr
556,Nightsaver,29,11,8,72,11.5,6.04,0,,,EoN(2014-01-14) Electricity Aq 1yr
33,Nightsaver,140,11,7,72,11.44,6.11,0,,,EoN(2014-01-14) Electricity Aq 1yr
33,Nightsaver,140,11,6,72,11.3,6.19,0,,,EoN(2014-01-14) Electricity Aq 1yr
33,Nightsaver,140,11,5,72,11.12,6.22,0,,,EoN(2014-01-14) Electricity Aq 1yr
33,Nightsaver,140,11,8,72,11.5,6.04,0,,,EoN(2014-01-14) Electricity Aq 1yr
557,Nightsaver,140,11,7,72,11.44,6.11,0,,,EoN(2014-01-14) Electricity Aq 1yr
557,Nightsaver,140,11,6,72,11.3,6.19,0,,,EoN(2014-01-14) Electricity Aq 1yr
557,Nightsaver,140,11,5,72,11.12,6.22,0,,,EoN(2014-01-14) Electricity Aq 1yr
557,Nightsaver,140,11,8,72,11.5,6.04,0,,,EoN(2014-01-14) Electricity Aq 1yr
34,Nightsaver,1,11,7,72,11.44,6.11,0,,,EoN(2014-01-14) Electricity Aq 1yr
34,Nightsaver,1,11,6,72,11.3,6.19,0,,,EoN(2014-01-14) Electricity Aq 1yr
34,Nightsaver,1,11,5,72,11.12,6.22,0,,,EoN(2014-01-14) Electricity Aq 1yr
34,Nightsaver,1,11,8,72,11.5,6.04,0,,,EoN(2014-01-14) Electricity Aq 1yr
557,Nightsaver,119,11,7,72,11.44,6.11,0,,,EoN(2014-01-14) Electricity Aq 1yr
557,Nightsaver,119,11,6,72,11.3,6.19,0,,,EoN(2014-01-14) Electricity Aq 1yr
557,Nightsaver,119,11,5,72,11.12,6.22,0,,,EoN(2014-01-14) Electricity Aq 1yr
557,Nightsaver,119,11,8,72,11.5,6.04,0,,,EoN(2014-01-14) Electricity Aq 1yr
34,Nightsaver,19,11,7,72,11.44,6.11,0,,,EoN(2014-01-14) Electricity Aq 1yr
34,Nightsaver,19,11,6,72,11.3,6.19,0,,,EoN(2014-01-14) Electricity Aq 1yr
34,Nightsaver,19,11,5,72,11.12,6.22,0,,,EoN(2014-01-14) Electricity Aq 1yr
34,Nightsaver,19,11,8,72,11.5,6.04,0,,,EoN(2014-01-14) Electricity Aq 1yr
556,Nightsaver,15,11,7,72,11.44,6.11,0,,,EoN(2014-01-14) Electricity Aq 1yr
556,Nightsaver,15,11,6,72,11.3,6.19,0,,,EoN(2014-01-14) Electricity Aq 1yr
556,Nightsaver,15,11,5,72,11.12,6.22,0,,,EoN(2014-01-14) Electricity Aq 1yr
556,Nightsaver,15,11,8,72,11.5,6.04,0,,,EoN(2014-01-14) Electricity Aq 1yr
33,Nightsaver,27,11,7,72,11.44,6.11,0,,,EoN(2014-01-14) Electricity Aq 1yr
33,Nightsaver,27,11,6,72,11.3,6.19,0,,,EoN(2014-01-14) Electricity Aq 1yr
33,Nightsaver,27,11,5,72,11.12,6.22,0,,,EoN(2014-01-14) Electricity Aq 1yr
33,Nightsaver,27,11,8,72,11.5,6.04,0,,,EoN(2014-01-14) Electricity Aq 1yr
33,Nightsaver,3,11,7,72,11.44,6.11,0,,,EoN(2014-01-14) Electricity Aq 1yr
33,Nightsaver,3,11,6,72,11.3,6.19,0,,,EoN(2014-01-14) Electricity Aq 1yr
33,Nightsaver,3,11,5,72,11.12,6.22,0,,,EoN(2014-01-14) Electricity Aq 1yr
33,Nightsaver,3,11,8,72,11.5,6.04,0,,,EoN(2014-01-14) Electricity Aq 1yr
557,Nightsaver,40,11,7,72,11.44,6.11,0,,,EoN(2014-01-14) Electricity Aq 1yr
557,Nightsaver,40,11,6,72,11.3,6.19,0,,,EoN(2014-01-14) Electricity Aq 1yr
557,Nightsaver,40,11,5,72,11.12,6.22,0,,,EoN(2014-01-14) Electricity Aq 1yr
557,Nightsaver,40,11,8,72,11.5,6.04,0,,,EoN(2014-01-14) Electricity Aq 1yr
557,Nightsaver,101,11,7,72,11.44,6.11,0,,,EoN(2014-01-14) Electricity Aq 1yr
557,Nightsaver,101,11,6,72,11.3,6.19,0,,,EoN(2014-01-14) Electricity Aq 1yr
557,Nightsaver,101,11,5,72,11.12,6.22,0,,,EoN(2014-01-14) Electricity Aq 1yr
557,Nightsaver,101,11,8,72,11.5,6.04,0,,,EoN(2014-01-14) Electricity Aq 1yr
557,Nightsaver,103,11,7,72,11.44,6.11,0,,,EoN(2014-01-14) Electricity Aq 1yr
557,Nightsaver,103,11,6,72,11.3,6.19,0,,,EoN(2014-01-14) Electricity Aq 1yr
557,Nightsaver,103,11,5,72,11.12,6.22,0,,,EoN(2014-01-14) Electricity Aq 1yr
557,Nightsaver,103,11,8,72,11.5,6.04,0,,,EoN(2014-01-14) Electricity Aq 1yr
557,Nightsaver,113,11,7,72,11.44,6.11,0,,,EoN(2014-01-14) Electricity Aq 1yr
557,Nightsaver,113,11,6,72,11.3,6.19,0,,,EoN(2014-01-14) Electricity Aq 1yr
557,Nightsaver,113,11,5,72,11.12,6.22,0,,,EoN(2014-01-14) Electricity Aq 1yr
557,Nightsaver,113,11,8,72,11.5,6.04,0,,,EoN(2014-01-14) Electricity Aq 1yr
557,Nightsaver,134,11,7,72,11.44,6.11,0,,,EoN(2014-01-14) Electricity Aq 1yr
557,Nightsaver,134,11,6,72,11.3,6.19,0,,,EoN(2014-01-14) Electricity Aq 1yr
557,Nightsaver,134,11,5,72,11.12,6.22,0,,,EoN(2014-01-14) Electricity Aq 1yr
557,Nightsaver,134,11,8,72,11.5,6.04,0,,,EoN(2014-01-14) Electricity Aq 1yr
556,Nightsaver,1,11,7,72,11.44,6.11,0,,,EoN(2014-01-14) Electricity Aq 1yr
556,Nightsaver,1,11,6,72,11.3,6.19,0,,,EoN(2014-01-14) Electricity Aq 1yr
556,Nightsaver,1,11,5,72,11.12,6.22,0,,,EoN(2014-01-14) Electricity Aq 1yr
556,Nightsaver,1,11,8,72,11.5,6.04,0,,,EoN(2014-01-14) Electricity Aq 1yr
34,Nightsaver,140,11,7,72,11.44,6.11,0,,,EoN(2014-01-14) Electricity Aq 1yr
34,Nightsaver,140,11,6,72,11.3,6.19,0,,,EoN(2014-01-14) Electricity Aq 1yr
34,Nightsaver,140,11,5,72,11.12,6.22,0,,,EoN(2014-01-14) Electricity Aq 1yr
34,Nightsaver,140,11,8,72,11.5,6.04,0,,,EoN(2014-01-14) Electricity Aq 1yr
33,Nightsaver,103,11,7,72,11.44,6.11,0,,,EoN(2014-01-14) Electricity Aq 1yr
33,Nightsaver,103,11,6,72,11.3,6.19,0,,,EoN(2014-01-14) Electricity Aq 1yr
33,Nightsaver,103,11,5,72,11.12,6.22,0,,,EoN(2014-01-14) Electricity Aq 1yr
33,Nightsaver,103,11,8,72,11.5,6.04,0,,,EoN(2014-01-14) Electricity Aq 1yr
33,Nightsaver,37,11,7,72,11.44,6.11,0,,,EoN(2014-01-14) Electricity Aq 1yr
33,Nightsaver,37,11,6,72,11.3,6.19,0,,,EoN(2014-01-14) Electricity Aq 1yr
33,Nightsaver,37,11,5,72,11.12,6.22,0,,,EoN(2014-01-14) Electricity Aq 1yr
33,Nightsaver,37,11,8,72,11.5,6.04,0,,,EoN(2014-01-14) Electricity Aq 1yr
33,Nightsaver,34,11,7,72,11.44,6.11,0,,,EoN(2014-01-14) Electricity Aq 1yr
33,Nightsaver,34,11,6,72,11.3,6.19,0,,,EoN(2014-01-14) Electricity Aq 1yr
33,Nightsaver,34,11,5,72,11.12,6.22,0,,,EoN(2014-01-14) Electricity Aq 1yr
33,Nightsaver,34,11,8,72,11.5,6.04,0,,,EoN(2014-01-14) Electricity Aq 1yr
33,Nightsaver,29,11,7,72,11.44,6.11,0,,,EoN(2014-01-14) Electricity Aq 1yr
33,Nightsaver,29,11,6,72,11.3,6.19,0,,,EoN(2014-01-14) Electricity Aq 1yr
33,Nightsaver,29,11,5,72,11.12,6.22,0,,,EoN(2014-01-14) Electricity Aq 1yr
33,Nightsaver,29,11,8,72,11.5,6.04,0,,,EoN(2014-01-14) Electricity Aq 1yr
33,Nightsaver,113,11,7,72,11.44,6.11,0,,,EoN(2014-01-14) Electricity Aq 1yr
33,Nightsaver,113,11,6,72,11.3,6.19,0,,,EoN(2014-01-14) Electricity Aq 1yr
33,Nightsaver,113,11,5,72,11.12,6.22,0,,,EoN(2014-01-14) Electricity Aq 1yr
33,Nightsaver,113,11,8,72,11.5,6.04,0,,,EoN(2014-01-14) Electricity Aq 1yr
33,Nightsaver,119,11,7,72,11.44,6.11,0,,,EoN(2014-01-14) Electricity Aq 1yr
33,Nightsaver,119,11,6,72,11.3,6.19,0,,,EoN(2014-01-14) Electricity Aq 1yr
33,Nightsaver,119,11,5,72,11.12,6.22,0,,,EoN(2014-01-14) Electricity Aq 1yr
33,Nightsaver,119,11,8,72,11.5,6.04,0,,,EoN(2014-01-14) Electricity Aq 1yr
556,Nightsaver,12,11,7,72,11.44,6.11,0,,,EoN(2014-01-14) Electricity Aq 1yr
556,Nightsaver,12,11,6,72,11.3,6.19,0,,,EoN(2014-01-14) Electricity Aq 1yr
556,Nightsaver,12,11,5,72,11.12,6.22,0,,,EoN(2014-01-14) Electricity Aq 1yr
556,Nightsaver,12,11,8,72,11.5,6.04,0,,,EoN(2014-01-14) Electricity Aq 1yr
33,Nightsaver,134,11,7,72,11.44,6.11,0,,,EoN(2014-01-14) Electricity Aq 1yr
33,Nightsaver,134,11,6,72,11.3,6.19,0,,,EoN(2014-01-14) Electricity Aq 1yr
33,Nightsaver,134,11,5,72,11.12,6.22,0,,,EoN(2014-01-14) Electricity Aq 1yr
33,Nightsaver,134,11,8,72,11.5,6.04,0,,,EoN(2014-01-14) Electricity Aq 1yr
556,Nightsaver,14,11,7,72,11.44,6.11,0,,,EoN(2014-01-14) Electricity Aq 1yr
556,Nightsaver,14,11,6,72,11.3,6.19,0,,,EoN(2014-01-14) Electricity Aq 1yr
556,Nightsaver,14,11,5,72,11.12,6.22,0,,,EoN(2014-01-14) Electricity Aq 1yr
556,Nightsaver,14,11,8,72,11.5,6.04,0,,,EoN(2014-01-14) Electricity Aq 1yr
556,Nightsaver,2,11,7,72,11.44,6.11,0,,,EoN(2014-01-14) Electricity Aq 1yr
556,Nightsaver,2,11,6,72,11.3,6.19,0,,,EoN(2014-01-14) Electricity Aq 1yr
556,Nightsaver,2,11,5,72,11.12,6.22,0,,,EoN(2014-01-14) Electricity Aq 1yr
556,Nightsaver,2,11,8,72,11.5,6.04,0,,,EoN(2014-01-14) Electricity Aq 1yr
556,Nightsaver,3,11,7,72,11.44,6.11,0,,,EoN(2014-01-14) Electricity Aq 1yr
556,Nightsaver,3,11,6,72,11.3,6.19,0,,,EoN(2014-01-14) Electricity Aq 1yr
556,Nightsaver,3,11,5,72,11.12,6.22,0,,,EoN(2014-01-14) Electricity Aq 1yr
556,Nightsaver,3,11,8,72,11.5,6.04,0,,,EoN(2014-01-14) Electricity Aq 1yr
33,Nightsaver,1,11,7,72,11.44,6.11,0,,,EoN(2014-01-14) Electricity Aq 1yr
33,Nightsaver,1,11,6,72,11.3,6.19,0,,,EoN(2014-01-14) Electricity Aq 1yr
33,Nightsaver,1,11,5,72,11.12,6.22,0,,,EoN(2014-01-14) Electricity Aq 1yr
33,Nightsaver,1,11,8,72,11.5,6.04,0,,,EoN(2014-01-14) Electricity Aq 1yr
556,Nightsaver,40,11,7,72,11.44,6.11,0,,,EoN(2014-01-14) Electricity Aq 1yr
556,Nightsaver,40,11,6,72,11.3,6.19,0,,,EoN(2014-01-14) Electricity Aq 1yr
556,Nightsaver,40,11,5,72,11.12,6.22,0,,,EoN(2014-01-14) Electricity Aq 1yr
556,Nightsaver,40,11,8,72,11.5,6.04,0,,,EoN(2014-01-14) Electricity Aq 1yr
556,Nightsaver,7,11,7,72,11.44,6.11,0,,,EoN(2014-01-14) Electricity Aq 1yr
556,Nightsaver,7,11,6,72,11.3,6.19,0,,,EoN(2014-01-14) Electricity Aq 1yr
556,Nightsaver,7,11,5,72,11.12,6.22,0,,,EoN(2014-01-14) Electricity Aq 1yr
556,Nightsaver,7,11,8,72,11.5,6.04,0,,,EoN(2014-01-14) Electricity Aq 1yr
557,Nightsaver,37,11,7,72,11.44,6.11,0,,,EoN(2014-01-14) Electricity Aq 1yr
557,Nightsaver,37,11,6,72,11.3,6.19,0,,,EoN(2014-01-14) Electricity Aq 1yr
557,Nightsaver,37,11,5,72,11.12,6.22,0,,,EoN(2014-01-14) Electricity Aq 1yr
557,Nightsaver,37,11,8,72,11.5,6.04,0,,,EoN(2014-01-14) Electricity Aq 1yr
556,Nightsaver,13,11,7,72,11.44,6.11,0,,,EoN(2014-01-14) Electricity Aq 1yr
556,Nightsaver,13,11,6,72,11.3,6.19,0,,,EoN(2014-01-14) Electricity Aq 1yr
556,Nightsaver,13,11,5,72,11.12,6.22,0,,,EoN(2014-01-14) Electricity Aq 1yr
556,Nightsaver,13,11,8,72,11.5,6.04,0,,,EoN(2014-01-14) Electricity Aq 1yr
34,Nightsaver,3,11,7,72,11.44,6.11,0,,,EoN(2014-01-14) Electricity Aq 1yr
34,Nightsaver,3,11,6,72,11.3,6.19,0,,,EoN(2014-01-14) Electricity Aq 1yr
34,Nightsaver,3,11,5,72,11.12,6.22,0,,,EoN(2014-01-14) Electricity Aq 1yr
34,Nightsaver,3,11,8,72,11.5,6.04,0,,,EoN(2014-01-14) Electricity Aq 1yr
33,Nightsaver,19,11,7,72,11.44,6.11,0,,,EoN(2014-01-14) Electricity Aq 1yr
33,Nightsaver,19,11,6,72,11.3,6.19,0,,,EoN(2014-01-14) Electricity Aq 1yr
33,Nightsaver,19,11,5,72,11.12,6.22,0,,,EoN(2014-01-14) Electricity Aq 1yr
33,Nightsaver,19,11,8,72,11.5,6.04,0,,,EoN(2014-01-14) Electricity Aq 1yr
557,Nightsaver,2,11,7,72,11.44,6.11,0,,,EoN(2014-01-14) Electricity Aq 1yr
557,Nightsaver,2,11,6,72,11.3,6.19,0,,,EoN(2014-01-14) Electricity Aq 1yr
557,Nightsaver,2,11,5,72,11.12,6.22,0,,,EoN(2014-01-14) Electricity Aq 1yr
557,Nightsaver,2,11,8,72,11.5,6.04,0,,,EoN(2014-01-14) Electricity Aq 1yr
557,Nightsaver,1,11,7,72,11.44,6.11,0,,,EoN(2014-01-14) Electricity Aq 1yr
557,Nightsaver,1,11,6,72,11.3,6.19,0,,,EoN(2014-01-14) Electricity Aq 1yr
557,Nightsaver,1,11,5,72,11.12,6.22,0,,,EoN(2014-01-14) Electricity Aq 1yr
557,Nightsaver,1,11,8,72,11.5,6.04,0,,,EoN(2014-01-14) Electricity Aq 1yr
556,Nightsaver,119,11,7,72,11.44,6.11,0,,,EoN(2014-01-14) Electricity Aq 1yr
556,Nightsaver,119,11,6,72,11.3,6.19,0,,,EoN(2014-01-14) Electricity Aq 1yr
556,Nightsaver,119,11,5,72,11.12,6.22,0,,,EoN(2014-01-14) Electricity Aq 1yr
556,Nightsaver,119,11,8,72,11.5,6.04,0,,,EoN(2014-01-14) Electricity Aq 1yr
34,Nightsaver,12,11,7,72,11.44,6.11,0,,,EoN(2014-01-14) Electricity Aq 1yr
34,Nightsaver,12,11,6,72,11.3,6.19,0,,,EoN(2014-01-14) Electricity Aq 1yr
34,Nightsaver,12,11,5,72,11.12,6.22,0,,,EoN(2014-01-14) Electricity Aq 1yr
34,Nightsaver,12,11,8,72,11.5,6.04,0,,,EoN(2014-01-14) Electricity Aq 1yr
556,Nightsaver,134,11,7,72,11.44,6.11,0,,,EoN(2014-01-14) Electricity Aq 1yr
556,Nightsaver,134,11,6,72,11.3,6.19,0,,,EoN(2014-01-14) Electricity Aq 1yr
556,Nightsaver,134,11,5,72,11.12,6.22,0,,,EoN(2014-01-14) Electricity Aq 1yr
556,Nightsaver,134,11,8,72,11.5,6.04,0,,,EoN(2014-01-14) Electricity Aq 1yr
34,Nightsaver,13,11,7,72,11.44,6.11,0,,,EoN(2014-01-14) Electricity Aq 1yr
34,Nightsaver,13,11,6,72,11.3,6.19,0,,,EoN(2014-01-14) Electricity Aq 1yr
34,Nightsaver,13,11,5,72,11.12,6.22,0,,,EoN(2014-01-14) Electricity Aq 1yr
34,Nightsaver,13,11,8,72,11.5,6.04,0,,,EoN(2014-01-14) Electricity Aq 1yr
556,Nightsaver,140,11,7,72,11.44,6.11,0,,,EoN(2014-01-14) Electricity Aq 1yr
556,Nightsaver,140,11,6,72,11.3,6.19,0,,,EoN(2014-01-14) Electricity Aq 1yr
556,Nightsaver,140,11,5,72,11.12,6.22,0,,,EoN(2014-01-14) Electricity Aq 1yr
556,Nightsaver,140,11,8,72,11.5,6.04,0,,,EoN(2014-01-14) Electricity Aq 1yr
556,Nightsaver,34,11,7,72,11.44,6.11,0,,,EoN(2014-01-14) Electricity Aq 1yr
556,Nightsaver,34,11,6,72,11.3,6.19,0,,,EoN(2014-01-14) Electricity Aq 1yr
556,Nightsaver,34,11,5,72,11.12,6.22,0,,,EoN(2014-01-14) Electricity Aq 1yr
556,Nightsaver,34,11,8,72,11.5,6.04,0,,,EoN(2014-01-14) Electricity Aq 1yr
33,Nightsaver,21,11,7,72,11.44,6.11,0,,,EoN(2014-01-14) Electricity Aq 1yr
33,Nightsaver,21,11,6,72,11.3,6.19,0,,,EoN(2014-01-14) Electricity Aq 1yr
33,Nightsaver,21,11,5,72,11.12,6.22,0,,,EoN(2014-01-14) Electricity Aq 1yr
33,Nightsaver,21,11,8,72,11.5,6.04,0,,,EoN(2014-01-14) Electricity Aq 1yr
556,Nightsaver,103,11,7,72,11.44,6.11,0,,,EoN(2014-01-14) Electricity Aq 1yr
556,Nightsaver,103,11,6,72,11.3,6.19,0,,,EoN(2014-01-14) Electricity Aq 1yr
556,Nightsaver,103,11,5,72,11.12,6.22,0,,,EoN(2014-01-14) Electricity Aq 1yr
556,Nightsaver,103,11,8,72,11.5,6.04,0,,,EoN(2014-01-14) Electricity Aq 1yr
34,Nightsaver,17,11,7,72,11.44,6.11,0,,,EoN(2014-01-14) Electricity Aq 1yr
34,Nightsaver,17,11,6,72,11.3,6.19,0,,,EoN(2014-01-14) Electricity Aq 1yr
34,Nightsaver,17,11,5,72,11.12,6.22,0,,,EoN(2014-01-14) Electricity Aq 1yr
34,Nightsaver,17,11,8,72,11.5,6.04,0,,,EoN(2014-01-14) Electricity Aq 1yr
34,Nightsaver,15,11,7,72,11.44,6.11,0,,,EoN(2014-01-14) Electricity Aq 1yr
34,Nightsaver,15,11,6,72,11.3,6.19,0,,,EoN(2014-01-14) Electricity Aq 1yr
34,Nightsaver,15,11,5,72,11.12,6.22,0,,,EoN(2014-01-14) Electricity Aq 1yr
34,Nightsaver,15,11,8,72,11.5,6.04,0,,,EoN(2014-01-14) Electricity Aq 1yr
33,Nightsaver,17,11,7,72,11.44,6.11,0,,,EoN(2014-01-14) Electricity Aq 1yr
33,Nightsaver,17,11,6,72,11.3,6.19,0,,,EoN(2014-01-14) Electricity Aq 1yr
33,Nightsaver,17,11,5,72,11.12,6.22,0,,,EoN(2014-01-14) Electricity Aq 1yr
33,Nightsaver,17,11,8,72,11.5,6.04,0,,,EoN(2014-01-14) Electricity Aq 1yr
33,Nightsaver,15,11,7,72,11.44,6.11,0,,,EoN(2014-01-14) Electricity Aq 1yr
33,Nightsaver,15,11,6,72,11.3,6.19,0,,,EoN(2014-01-14) Electricity Aq 1yr
33,Nightsaver,15,11,5,72,11.12,6.22,0,,,EoN(2014-01-14) Electricity Aq 1yr
33,Nightsaver,15,11,8,72,11.5,6.04,0,,,EoN(2014-01-14) Electricity Aq 1yr
33,Nightsaver,14,11,7,72,11.44,6.11,0,,,EoN(2014-01-14) Electricity Aq 1yr
33,Nightsaver,14,11,6,72,11.3,6.19,0,,,EoN(2014-01-14) Electricity Aq 1yr
33,Nightsaver,14,11,5,72,11.12,6.22,0,,,EoN(2014-01-14) Electricity Aq 1yr
33,Nightsaver,14,11,8,72,11.5,6.04,0,,,EoN(2014-01-14) Electricity Aq 1yr
34,Nightsaver,14,11,7,72,11.44,6.11,0,,,EoN(2014-01-14) Electricity Aq 1yr
34,Nightsaver,14,11,6,72,11.3,6.19,0,,,EoN(2014-01-14) Electricity Aq 1yr
34,Nightsaver,14,11,5,72,11.12,6.22,0,,,EoN(2014-01-14) Electricity Aq 1yr
34,Nightsaver,14,11,8,72,11.5,6.04,0,,,EoN(2014-01-14) Electricity Aq 1yr
33,Nightsaver,13,11,7,72,11.44,6.11,0,,,EoN(2014-01-14) Electricity Aq 1yr
33,Nightsaver,13,11,6,72,11.3,6.19,0,,,EoN(2014-01-14) Electricity Aq 1yr
33,Nightsaver,13,11,5,72,11.12,6.22,0,,,EoN(2014-01-14) Electricity Aq 1yr
33,Nightsaver,13,11,8,72,11.5,6.04,0,,,EoN(2014-01-14) Electricity Aq 1yr
33,Nightsaver,23,11,7,72,11.44,6.11,0,,,EoN(2014-01-14) Electricity Aq 1yr
33,Nightsaver,23,11,6,72,11.3,6.19,0,,,EoN(2014-01-14) Electricity Aq 1yr
33,Nightsaver,23,11,5,72,11.12,6.22,0,,,EoN(2014-01-14) Electricity Aq 1yr
33,Nightsaver,23,11,8,72,11.5,6.04,0,,,EoN(2014-01-14) Electricity Aq 1yr
557,Nightsaver,15,11,7,72,11.44,6.11,0,,,EoN(2014-01-14) Electricity Aq 1yr
557,Nightsaver,15,11,6,72,11.3,6.19,0,,,EoN(2014-01-14) Electricity Aq 1yr
557,Nightsaver,15,11,5,72,11.12,6.22,0,,,EoN(2014-01-14) Electricity Aq 1yr
557,Nightsaver,15,11,8,72,11.5,6.04,0,,,EoN(2014-01-14) Electricity Aq 1yr
557,Nightsaver,29,11,7,72,11.44,6.11,0,,,EoN(2014-01-14) Electricity Aq 1yr
557,Nightsaver,29,11,6,72,11.3,6.19,0,,,EoN(2014-01-14) Electricity Aq 1yr
557,Nightsaver,29,11,5,72,11.12,6.22,0,,,EoN(2014-01-14) Electricity Aq 1yr
557,Nightsaver,29,11,8,72,11.5,6.04,0,,,EoN(2014-01-14) Electricity Aq 1yr
557,Nightsaver,27,11,7,72,11.44,6.11,0,,,EoN(2014-01-14) Electricity Aq 1yr
557,Nightsaver,27,11,6,72,11.3,6.19,0,,,EoN(2014-01-14) Electricity Aq 1yr
557,Nightsaver,27,11,5,72,11.12,6.22,0,,,EoN(2014-01-14) Electricity Aq 1yr
557,Nightsaver,27,11,8,72,11.5,6.04,0,,,EoN(2014-01-14) Electricity Aq 1yr
34,Nightsaver,134,11,7,72,11.44,6.11,0,,,EoN(2014-01-14) Electricity Aq 1yr
34,Nightsaver,134,11,6,72,11.3,6.19,0,,,EoN(2014-01-14) Electricity Aq 1yr
34,Nightsaver,134,11,5,72,11.12,6.22,0,,,EoN(2014-01-14) Electricity Aq 1yr
34,Nightsaver,134,11,8,72,11.5,6.04,0,,,EoN(2014-01-14) Electricity Aq 1yr
556,Nightsaver,37,11,7,72,11.44,6.11,0,,,EoN(2014-01-14) Electricity Aq 1yr
556,Nightsaver,37,11,6,72,11.3,6.19,0,,,EoN(2014-01-14) Electricity Aq 1yr
556,Nightsaver,37,11,5,72,11.12,6.22,0,,,EoN(2014-01-14) Electricity Aq 1yr
556,Nightsaver,37,11,8,72,11.5,6.04,0,,,EoN(2014-01-14) Electricity Aq 1yr
556,Nightsaver,19,11,7,72,11.44,6.11,0,,,EoN(2014-01-14) Electricity Aq 1yr
556,Nightsaver,19,11,6,72,11.3,6.19,0,,,EoN(2014-01-14) Electricity Aq 1yr
556,Nightsaver,19,11,5,72,11.12,6.22,0,,,EoN(2014-01-14) Electricity Aq 1yr
556,Nightsaver,19,11,8,72,11.5,6.04,0,,,EoN(2014-01-14) Electricity Aq 1yr
557,Nightsaver,23,11,7,72,11.44,6.11,0,,,EoN(2014-01-14) Electricity Aq 1yr
557,Nightsaver,23,11,6,72,11.3,6.19,0,,,EoN(2014-01-14) Electricity Aq 1yr
557,Nightsaver,23,11,5,72,11.12,6.22,0,,,EoN(2014-01-14) Electricity Aq 1yr
557,Nightsaver,23,11,8,72,11.5,6.04,0,,,EoN(2014-01-14) Electricity Aq 1yr
557,Nightsaver,21,11,7,72,11.44,6.11,0,,,EoN(2014-01-14) Electricity Aq 1yr
557,Nightsaver,21,11,6,72,11.3,6.19,0,,,EoN(2014-01-14) Electricity Aq 1yr
557,Nightsaver,21,11,5,72,11.12,6.22,0,,,EoN(2014-01-14) Electricity Aq 1yr
557,Nightsaver,21,11,8,72,11.5,6.04,0,,,EoN(2014-01-14) Electricity Aq 1yr
556,Nightsaver,113,11,7,72,11.44,6.11,0,,,EoN(2014-01-14) Electricity Aq 1yr
556,Nightsaver,113,11,6,72,11.3,6.19,0,,,EoN(2014-01-14) Electricity Aq 1yr
556,Nightsaver,113,11,5,72,11.12,6.22,0,,,EoN(2014-01-14) Electricity Aq 1yr
556,Nightsaver,113,11,8,72,11.5,6.04,0,,,EoN(2014-01-14) Electricity Aq 1yr
557,Nightsaver,17,11,7,72,11.44,6.11,0,,,EoN(2014-01-14) Electricity Aq 1yr
557,Nightsaver,17,11,6,72,11.3,6.19,0,,,EoN(2014-01-14) Electricity Aq 1yr
557,Nightsaver,17,11,5,72,11.12,6.22,0,,,EoN(2014-01-14) Electricity Aq 1yr
557,Nightsaver,17,11,8,72,11.5,6.04,0,,,EoN(2014-01-14) Electricity Aq 1yr
33,Nightsaver,12,11,7,72,11.44,6.11,0,,,EoN(2014-01-14) Electricity Aq 1yr
33,Nightsaver,12,11,6,72,11.3,6.19,0,,,EoN(2014-01-14) Electricity Aq 1yr
33,Nightsaver,12,11,5,72,11.12,6.22,0,,,EoN(2014-01-14) Electricity Aq 1yr
33,Nightsaver,12,11,8,72,11.5,6.04,0,,,EoN(2014-01-14) Electricity Aq 1yr
556,Nightsaver,101,11,7,72,11.44,6.11,0,,,EoN(2014-01-14) Electricity Aq 1yr
556,Nightsaver,101,11,6,72,11.3,6.19,0,,,EoN(2014-01-14) Electricity Aq 1yr
556,Nightsaver,101,11,5,72,11.12,6.22,0,,,EoN(2014-01-14) Electricity Aq 1yr
556,Nightsaver,101,11,8,72,11.5,6.04,0,,,EoN(2014-01-14) Electricity Aq 1yr
557,Nightsaver,14,11,7,72,11.44,6.11,0,,,EoN(2014-01-14) Electricity Aq 1yr
557,Nightsaver,14,11,6,72,11.3,6.19,0,,,EoN(2014-01-14) Electricity Aq 1yr
557,Nightsaver,14,11,5,72,11.12,6.22,0,,,EoN(2014-01-14) Electricity Aq 1yr
557,Nightsaver,14,11,8,72,11.5,6.04,0,,,EoN(2014-01-14) Electricity Aq 1yr
557,Nightsaver,13,11,7,72,11.44,6.11,0,,,EoN(2014-01-14) Electricity Aq 1yr
557,Nightsaver,13,11,6,72,11.3,6.19,0,,,EoN(2014-01-14) Electricity Aq 1yr
557,Nightsaver,13,11,5,72,11.12,6.22,0,,,EoN(2014-01-14) Electricity Aq 1yr
557,Nightsaver,13,11,8,72,11.5,6.04,0,,,EoN(2014-01-14) Electricity Aq 1yr
557,Nightsaver,12,11,7,72,11.44,6.11,0,,,EoN(2014-01-14) Electricity Aq 1yr
557,Nightsaver,12,11,6,72,11.3,6.19,0,,,EoN(2014-01-14) Electricity Aq 1yr
557,Nightsaver,12,11,5,72,11.12,6.22,0,,,EoN(2014-01-14) Electricity Aq 1yr
557,Nightsaver,12,11,8,72,11.5,6.04,0,,,EoN(2014-01-14) Electricity Aq 1yr
557,Nightsaver,7,11,7,72,11.44,6.11,0,,,EoN(2014-01-14) Electricity Aq 1yr
557,Nightsaver,7,11,6,72,11.3,6.19,0,,,EoN(2014-01-14) Electricity Aq 1yr
557,Nightsaver,7,11,5,72,11.12,6.22,0,,,EoN(2014-01-14) Electricity Aq 1yr
557,Nightsaver,7,11,8,72,11.5,6.04,0,,,EoN(2014-01-14) Electricity Aq 1yr
557,Nightsaver,3,11,7,72,11.44,6.11,0,,,EoN(2014-01-14) Electricity Aq 1yr
557,Nightsaver,3,11,6,72,11.3,6.19,0,,,EoN(2014-01-14) Electricity Aq 1yr
557,Nightsaver,3,11,5,72,11.12,6.22,0,,,EoN(2014-01-14) Electricity Aq 1yr
557,Nightsaver,3,11,8,72,11.5,6.04,0,,,EoN(2014-01-14) Electricity Aq 1yr
33,Nightsaver,40,11,7,72,11.44,6.11,0,,,EoN(2014-01-14) Electricity Aq 1yr
33,Nightsaver,40,11,6,72,11.3,6.19,0,,,EoN(2014-01-14) Electricity Aq 1yr
33,Nightsaver,40,11,5,72,11.12,6.22,0,,,EoN(2014-01-14) Electricity Aq 1yr
33,Nightsaver,40,11,8,72,11.5,6.04,0,,,EoN(2014-01-14) Electricity Aq 1yr
557,Nightsaver,34,11,7,72,11.44,6.11,0,,,EoN(2014-01-14) Electricity Aq 1yr
557,Nightsaver,34,11,6,72,11.3,6.19,0,,,EoN(2014-01-14) Electricity Aq 1yr
557,Nightsaver,34,11,5,72,11.12,6.22,0,,,EoN(2014-01-14) Electricity Aq 1yr
557,Nightsaver,34,11,8,72,11.5,6.04,0,,,EoN(2014-01-14) Electricity Aq 1yr
557,Nightsaver,19,11,7,72,11.44,6.11,0,,,EoN(2014-01-14) Electricity Aq 1yr
557,Nightsaver,19,11,6,72,11.3,6.19,0,,,EoN(2014-01-14) Electricity Aq 1yr
557,Nightsaver,19,11,5,72,11.12,6.22,0,,,EoN(2014-01-14) Electricity Aq 1yr
557,Nightsaver,19,11,8,72,11.5,6.04,0,,,EoN(2014-01-14) Electricity Aq 1yr
34,Nightsaver,34,11,7,72,11.44,6.11,0,,,EoN(2014-01-14) Electricity Aq 1yr
34,Nightsaver,34,11,6,72,11.3,6.19,0,,,EoN(2014-01-14) Electricity Aq 1yr
34,Nightsaver,34,11,5,72,11.12,6.22,0,,,EoN(2014-01-14) Electricity Aq 1yr
34,Nightsaver,34,11,8,72,11.5,6.04,0,,,EoN(2014-01-14) Electricity Aq 1yr
33,Nightsaver,101,11,7,72,11.44,6.11,0,,,EoN(2014-01-14) Electricity Aq 1yr
33,Nightsaver,101,11,6,72,11.3,6.19,0,,,EoN(2014-01-14) Electricity Aq 1yr
33,Nightsaver,101,11,5,72,11.12,6.22,0,,,EoN(2014-01-14) Electricity Aq 1yr
33,Nightsaver,101,11,8,72,11.5,6.04,0,,,EoN(2014-01-14) Electricity Aq 1yr
34,Nightsaver,23,11,7,72,11.44,6.11,0,,,EoN(2014-01-14) Electricity Aq 1yr
34,Nightsaver,23,11,6,72,11.3,6.19,0,,,EoN(2014-01-14) Electricity Aq 1yr
34,Nightsaver,23,11,5,72,11.12,6.22,0,,,EoN(2014-01-14) Electricity Aq 1yr
34,Nightsaver,23,11,8,72,11.5,6.04,0,,,EoN(2014-01-14) Electricity Aq 1yr
34,Nightsaver,27,11,7,72,11.44,6.11,0,,,EoN(2014-01-14) Electricity Aq 1yr
34,Nightsaver,27,11,6,72,11.3,6.19,0,,,EoN(2014-01-14) Electricity Aq 1yr
34,Nightsaver,27,11,5,72,11.12,6.22,0,,,EoN(2014-01-14) Electricity Aq 1yr
34,Nightsaver,27,11,8,72,11.5,6.04,0,,,EoN(2014-01-14) Electricity Aq 1yr
34,Nightsaver,29,11,7,72,11.44,6.11,0,,,EoN(2014-01-14) Electricity Aq 1yr
34,Nightsaver,29,11,6,72,11.3,6.19,0,,,EoN(2014-01-14) Electricity Aq 1yr
34,Nightsaver,29,11,5,72,11.12,6.22,0,,,EoN(2014-01-14) Electricity Aq 1yr
34,Nightsaver,29,11,8,72,11.5,6.04,0,,,EoN(2014-01-14) Electricity Aq 1yr
34,Nightsaver,37,11,7,72,11.44,6.11,0,,,EoN(2014-01-14) Electricity Aq 1yr
34,Nightsaver,37,11,6,72,11.3,6.19,0,,,EoN(2014-01-14) Electricity Aq 1yr
34,Nightsaver,37,11,5,72,11.12,6.22,0,,,EoN(2014-01-14) Electricity Aq 1yr
34,Nightsaver,37,11,8,72,11.5,6.04,0,,,EoN(2014-01-14) Electricity Aq 1yr
34,Nightsaver,40,11,7,72,11.44,6.11,0,,,EoN(2014-01-14) Electricity Aq 1yr
34,Nightsaver,40,11,6,72,11.3,6.19,0,,,EoN(2014-01-14) Electricity Aq 1yr
34,Nightsaver,40,11,5,72,11.12,6.22,0,,,EoN(2014-01-14) Electricity Aq 1yr
34,Nightsaver,40,11,8,72,11.5,6.04,0,,,EoN(2014-01-14) Electricity Aq 1yr
34,Nightsaver,101,11,7,72,11.44,6.11,0,,,EoN(2014-01-14) Electricity Aq 1yr
34,Nightsaver,101,11,6,72,11.3,6.19,0,,,EoN(2014-01-14) Electricity Aq 1yr
34,Nightsaver,101,11,5,72,11.12,6.22,0,,,EoN(2014-01-14) Electricity Aq 1yr
34,Nightsaver,101,11,8,72,11.5,6.04,0,,,EoN(2014-01-14) Electricity Aq 1yr
34,Nightsaver,103,11,7,72,11.44,6.11,0,,,EoN(2014-01-14) Electricity Aq 1yr
34,Nightsaver,103,11,6,72,11.3,6.19,0,,,EoN(2014-01-14) Electricity Aq 1yr
34,Nightsaver,103,11,5,72,11.12,6.22,0,,,EoN(2014-01-14) Electricity Aq 1yr
34,Nightsaver,103,11,8,72,11.5,6.04,0,,,EoN(2014-01-14) Electricity Aq 1yr
34,Nightsaver,113,11,7,72,11.44,6.11,0,,,EoN(2014-01-14) Electricity Aq 1yr
34,Nightsaver,113,11,6,72,11.3,6.19,0,,,EoN(2014-01-14) Electricity Aq 1yr
34,Nightsaver,113,11,5,72,11.12,6.22,0,,,EoN(2014-01-14) Electricity Aq 1yr
34,Nightsaver,113,11,8,72,11.5,6.04,0,,,EoN(2014-01-14) Electricity Aq 1yr
34,Nightsaver,119,11,7,72,11.44,6.11,0,,,EoN(2014-01-14) Electricity Aq 1yr
34,Nightsaver,119,11,6,72,11.3,6.19,0,,,EoN(2014-01-14) Electricity Aq 1yr
34,Nightsaver,119,11,5,72,11.12,6.22,0,,,EoN(2014-01-14) Electricity Aq 1yr
34,Nightsaver,119,11,8,72,11.5,6.04,0,,,EoN(2014-01-14) Electricity Aq 1yr
865,Nightsaver,3,11,7,72,11.44,6.11,0,,,EoN(2014-01-14) Electricity Aq 1yr
865,Nightsaver,3,11,6,72,11.3,6.19,0,,,EoN(2014-01-14) Electricity Aq 1yr
865,Nightsaver,3,11,5,72,11.12,6.22,0,,,EoN(2014-01-14) Electricity Aq 1yr
865,Nightsaver,3,11,8,72,11.5,6.04,0,,,EoN(2014-01-14) Electricity Aq 1yr
865,Nightsaver,11,11,7,72,11.44,6.11,0,,,EoN(2014-01-14) Electricity Aq 1yr
865,Nightsaver,11,11,6,72,11.3,6.19,0,,,EoN(2014-01-14) Electricity Aq 1yr
865,Nightsaver,11,11,5,72,11.12,6.22,0,,,EoN(2014-01-14) Electricity Aq 1yr
865,Nightsaver,11,11,8,72,11.5,6.04,0,,,EoN(2014-01-14) Electricity Aq 1yr
875,Nightsaver,3,11,7,72,11.44,6.11,0,,,EoN(2014-01-14) Electricity Aq 1yr
875,Nightsaver,3,11,6,72,11.3,6.19,0,,,EoN(2014-01-14) Electricity Aq 1yr
875,Nightsaver,3,11,5,72,11.12,6.22,0,,,EoN(2014-01-14) Electricity Aq 1yr
875,Nightsaver,3,11,8,72,11.5,6.04,0,,,EoN(2014-01-14) Electricity Aq 1yr
864,Nightsaver,11,11,7,72,11.44,6.11,0,,,EoN(2014-01-14) Electricity Aq 1yr
864,Nightsaver,11,11,6,72,11.3,6.19,0,,,EoN(2014-01-14) Electricity Aq 1yr
864,Nightsaver,11,11,5,72,11.12,6.22,0,,,EoN(2014-01-14) Electricity Aq 1yr
864,Nightsaver,11,11,8,72,11.5,6.04,0,,,EoN(2014-01-14) Electricity Aq 1yr
864,Nightsaver,3,11,7,72,11.44,6.11,0,,,EoN(2014-01-14) Electricity Aq 1yr
864,Nightsaver,3,11,6,72,11.3,6.19,0,,,EoN(2014-01-14) Electricity Aq 1yr
864,Nightsaver,3,11,5,72,11.12,6.22,0,,,EoN(2014-01-14) Electricity Aq 1yr
864,Nightsaver,3,11,8,72,11.5,6.04,0,,,EoN(2014-01-14) Electricity Aq 1yr
876,Nightsaver,3,11,7,72,11.44,6.11,0,,,EoN(2014-01-14) Electricity Aq 1yr
876,Nightsaver,3,11,6,72,11.3,6.19,0,,,EoN(2014-01-14) Electricity Aq 1yr
876,Nightsaver,3,11,5,72,11.12,6.22,0,,,EoN(2014-01-14) Electricity Aq 1yr
876,Nightsaver,3,11,8,72,11.5,6.04,0,,,EoN(2014-01-14) Electricity Aq 1yr
533,Nightsaver,82,11,3,27,10.95,6.11,0,,,EoN(2014-01-14) Electricity Aq 1yr
533,Nightsaver,82,11,4,27,10.95,6.11,0,,,EoN(2014-01-14) Electricity Aq 1yr
16,Nightsaver,903,11,3,27,10.95,6.11,0,,,EoN(2014-01-14) Electricity Aq 1yr
16,Nightsaver,903,11,4,27,10.95,6.11,0,,,EoN(2014-01-14) Electricity Aq 1yr
16,Nightsaver,161,11,3,27,10.95,6.11,0,,,EoN(2014-01-14) Electricity Aq 1yr
16,Nightsaver,161,11,4,27,10.95,6.11,0,,,EoN(2014-01-14) Electricity Aq 1yr
16,Nightsaver,96,11,3,27,10.95,6.11,0,,,EoN(2014-01-14) Electricity Aq 1yr
16,Nightsaver,96,11,4,27,10.95,6.11,0,,,EoN(2014-01-14) Electricity Aq 1yr
16,Nightsaver,94,11,3,27,10.95,6.11,0,,,EoN(2014-01-14) Electricity Aq 1yr
16,Nightsaver,94,11,4,27,10.95,6.11,0,,,EoN(2014-01-14) Electricity Aq 1yr
16,Nightsaver,902,11,3,27,10.95,6.11,0,,,EoN(2014-01-14) Electricity Aq 1yr
16,Nightsaver,902,11,4,27,10.95,6.11,0,,,EoN(2014-01-14) Electricity Aq 1yr
16,Nightsaver,176,11,3,27,10.95,6.11,0,,,EoN(2014-01-14) Electricity Aq 1yr
16,Nightsaver,176,11,4,27,10.95,6.11,0,,,EoN(2014-01-14) Electricity Aq 1yr
16,Nightsaver,91,11,3,27,10.95,6.11,0,,,EoN(2014-01-14) Electricity Aq 1yr
16,Nightsaver,91,11,4,27,10.95,6.11,0,,,EoN(2014-01-14) Electricity Aq 1yr
16,Nightsaver,90,11,3,27,10.95,6.11,0,,,EoN(2014-01-14) Electricity Aq 1yr
16,Nightsaver,90,11,4,27,10.95,6.11,0,,,EoN(2014-01-14) Electricity Aq 1yr
16,Nightsaver,55,11,3,27,10.95,6.11,0,,,EoN(2014-01-14) Electricity Aq 1yr
16,Nightsaver,55,11,4,27,10.95,6.11,0,,,EoN(2014-01-14) Electricity Aq 1yr
16,Nightsaver,81,11,3,27,10.95,6.11,0,,,EoN(2014-01-14) Electricity Aq 1yr
16,Nightsaver,81,11,4,27,10.95,6.11,0,,,EoN(2014-01-14) Electricity Aq 1yr
533,Nightsaver,81,11,3,27,10.95,6.11,0,,,EoN(2014-01-14) Electricity Aq 1yr
533,Nightsaver,81,11,4,27,10.95,6.11,0,,,EoN(2014-01-14) Electricity Aq 1yr
16,Nightsaver,170,11,3,27,10.95,6.11,0,,,EoN(2014-01-14) Electricity Aq 1yr
16,Nightsaver,170,11,4,27,10.95,6.11,0,,,EoN(2014-01-14) Electricity Aq 1yr
16,Nightsaver,56,11,3,27,10.95,6.11,0,,,EoN(2014-01-14) Electricity Aq 1yr
16,Nightsaver,56,11,4,27,10.95,6.11,0,,,EoN(2014-01-14) Electricity Aq 1yr
533,Nightsaver,55,11,3,27,10.95,6.11,0,,,EoN(2014-01-14) Electricity Aq 1yr
533,Nightsaver,55,11,4,27,10.95,6.11,0,,,EoN(2014-01-14) Electricity Aq 1yr
533,Nightsaver,56,11,3,27,10.95,6.11,0,,,EoN(2014-01-14) Electricity Aq 1yr
533,Nightsaver,56,11,4,27,10.95,6.11,0,,,EoN(2014-01-14) Electricity Aq 1yr
16,Nightsaver,162,11,3,27,10.95,6.11,0,,,EoN(2014-01-14) Electricity Aq 1yr
16,Nightsaver,162,11,4,27,10.95,6.11,0,,,EoN(2014-01-14) Electricity Aq 1yr
16,Nightsaver,174,11,3,27,10.95,6.11,0,,,EoN(2014-01-14) Electricity Aq 1yr
16,Nightsaver,174,11,4,27,10.95,6.11,0,,,EoN(2014-01-14) Electricity Aq 1yr
16,Nightsaver,171,11,3,27,10.95,6.11,0,,,EoN(2014-01-14) Electricity Aq 1yr
16,Nightsaver,171,11,4,27,10.95,6.11,0,,,EoN(2014-01-14) Electricity Aq 1yr
533,Nightsaver,170,11,3,27,10.95,6.11,0,,,EoN(2014-01-14) Electricity Aq 1yr
533,Nightsaver,170,11,4,27,10.95,6.11,0,,,EoN(2014-01-14) Electricity Aq 1yr
16,Nightsaver,82,11,3,27,10.95,6.11,0,,,EoN(2014-01-14) Electricity Aq 1yr
16,Nightsaver,82,11,4,27,10.95,6.11,0,,,EoN(2014-01-14) Electricity Aq 1yr
533,Nightsaver,908,11,3,27,10.95,6.11,0,,,EoN(2014-01-14) Electricity Aq 1yr
533,Nightsaver,908,11,4,27,10.95,6.11,0,,,EoN(2014-01-14) Electricity Aq 1yr
16,Nightsaver,908,11,3,27,10.95,6.11,0,,,EoN(2014-01-14) Electricity Aq 1yr
16,Nightsaver,908,11,4,27,10.95,6.11,0,,,EoN(2014-01-14) Electricity Aq 1yr
16,Nightsaver,907,11,3,27,10.95,6.11,0,,,EoN(2014-01-14) Electricity Aq 1yr
16,Nightsaver,907,11,4,27,10.95,6.11,0,,,EoN(2014-01-14) Electricity Aq 1yr
16,Nightsaver,914,11,3,27,10.95,6.11,0,,,EoN(2014-01-14) Electricity Aq 1yr
16,Nightsaver,914,11,4,27,10.95,6.11,0,,,EoN(2014-01-14) Electricity Aq 1yr
533,Nightsaver,90,11,3,27,10.95,6.11,0,,,EoN(2014-01-14) Electricity Aq 1yr
533,Nightsaver,90,11,4,27,10.95,6.11,0,,,EoN(2014-01-14) Electricity Aq 1yr
16,Nightsaver,915,11,3,27,10.95,6.11,0,,,EoN(2014-01-14) Electricity Aq 1yr
16,Nightsaver,915,11,4,27,10.95,6.11,0,,,EoN(2014-01-14) Electricity Aq 1yr
16,Nightsaver,912,11,3,27,10.95,6.11,0,,,EoN(2014-01-14) Electricity Aq 1yr
16,Nightsaver,912,11,4,27,10.95,6.11,0,,,EoN(2014-01-14) Electricity Aq 1yr
533,Nightsaver,161,11,3,27,10.95,6.11,0,,,EoN(2014-01-14) Electricity Aq 1yr
533,Nightsaver,161,11,4,27,10.95,6.11,0,,,EoN(2014-01-14) Electricity Aq 1yr
533,Nightsaver,915,11,3,27,10.95,6.11,0,,,EoN(2014-01-14) Electricity Aq 1yr
533,Nightsaver,915,11,4,27,10.95,6.11,0,,,EoN(2014-01-14) Electricity Aq 1yr
533,Nightsaver,912,11,3,27,10.95,6.11,0,,,EoN(2014-01-14) Electricity Aq 1yr
533,Nightsaver,912,11,4,27,10.95,6.11,0,,,EoN(2014-01-14) Electricity Aq 1yr
533,Nightsaver,907,11,3,27,10.95,6.11,0,,,EoN(2014-01-14) Electricity Aq 1yr
533,Nightsaver,907,11,4,27,10.95,6.11,0,,,EoN(2014-01-14) Electricity Aq 1yr
533,Nightsaver,903,11,3,27,10.95,6.11,0,,,EoN(2014-01-14) Electricity Aq 1yr
533,Nightsaver,903,11,4,27,10.95,6.11,0,,,EoN(2014-01-14) Electricity Aq 1yr
533,Nightsaver,902,11,3,27,10.95,6.11,0,,,EoN(2014-01-14) Electricity Aq 1yr
533,Nightsaver,902,11,4,27,10.95,6.11,0,,,EoN(2014-01-14) Electricity Aq 1yr
533,Nightsaver,176,11,3,27,10.95,6.11,0,,,EoN(2014-01-14) Electricity Aq 1yr
533,Nightsaver,176,11,4,27,10.95,6.11,0,,,EoN(2014-01-14) Electricity Aq 1yr
533,Nightsaver,174,11,3,27,10.95,6.11,0,,,EoN(2014-01-14) Electricity Aq 1yr
533,Nightsaver,174,11,4,27,10.95,6.11,0,,,EoN(2014-01-14) Electricity Aq 1yr
533,Nightsaver,171,11,3,27,10.95,6.11,0,,,EoN(2014-01-14) Electricity Aq 1yr
533,Nightsaver,171,11,4,27,10.95,6.11,0,,,EoN(2014-01-14) Electricity Aq 1yr
533,Nightsaver,162,11,3,27,10.95,6.11,0,,,EoN(2014-01-14) Electricity Aq 1yr
533,Nightsaver,162,11,4,27,10.95,6.11,0,,,EoN(2014-01-14) Electricity Aq 1yr
533,Nightsaver,96,11,3,27,10.95,6.11,0,,,EoN(2014-01-14) Electricity Aq 1yr
533,Nightsaver,96,11,4,27,10.95,6.11,0,,,EoN(2014-01-14) Electricity Aq 1yr
533,Nightsaver,94,11,3,27,10.95,6.11,0,,,EoN(2014-01-14) Electricity Aq 1yr
533,Nightsaver,94,11,4,27,10.95,6.11,0,,,EoN(2014-01-14) Electricity Aq 1yr
533,Nightsaver,91,11,3,27,10.95,6.11,0,,,EoN(2014-01-14) Electricity Aq 1yr
533,Nightsaver,91,11,4,27,10.95,6.11,0,,,EoN(2014-01-14) Electricity Aq 1yr
533,Nightsaver,914,11,3,27,10.95,6.11,0,,,EoN(2014-01-14) Electricity Aq 1yr
533,Nightsaver,914,11,4,27,10.95,6.11,0,,,EoN(2014-01-14) Electricity Aq 1yr
143,Nightsaver,1,11,3,27,10.95,6.11,0,,,EoN(2014-01-14) Electricity Aq 1yr
143,Nightsaver,1,11,4,27,10.95,6.11,0,,,EoN(2014-01-14) Electricity Aq 1yr
140,Nightsaver,8,11,3,27,10.95,6.11,0,,,EoN(2014-01-14) Electricity Aq 1yr
140,Nightsaver,8,11,4,27,10.95,6.11,0,,,EoN(2014-01-14) Electricity Aq 1yr
143,Nightsaver,3,11,3,27,10.95,6.11,0,,,EoN(2014-01-14) Electricity Aq 1yr
143,Nightsaver,3,11,4,27,10.95,6.11,0,,,EoN(2014-01-14) Electricity Aq 1yr
600,Nightsaver,8,11,3,27,10.95,6.11,0,,,EoN(2014-01-14) Electricity Aq 1yr
600,Nightsaver,8,11,4,27,10.95,6.11,0,,,EoN(2014-01-14) Electricity Aq 1yr
600,Nightsaver,3,11,3,27,10.95,6.11,0,,,EoN(2014-01-14) Electricity Aq 1yr
600,Nightsaver,3,11,4,27,10.95,6.11,0,,,EoN(2014-01-14) Electricity Aq 1yr
600,Nightsaver,2,11,3,27,10.95,6.11,0,,,EoN(2014-01-14) Electricity Aq 1yr
600,Nightsaver,2,11,4,27,10.95,6.11,0,,,EoN(2014-01-14) Electricity Aq 1yr
600,Nightsaver,1,11,3,27,10.95,6.11,0,,,EoN(2014-01-14) Electricity Aq 1yr
600,Nightsaver,1,11,4,27,10.95,6.11,0,,,EoN(2014-01-14) Electricity Aq 1yr
143,Nightsaver,8,11,3,27,10.95,6.11,0,,,EoN(2014-01-14) Electricity Aq 1yr
143,Nightsaver,8,11,4,27,10.95,6.11,0,,,EoN(2014-01-14) Electricity Aq 1yr
140,Nightsaver,3,11,3,27,10.95,6.11,0,,,EoN(2014-01-14) Electricity Aq 1yr
140,Nightsaver,3,11,4,27,10.95,6.11,0,,,EoN(2014-01-14) Electricity Aq 1yr
143,Nightsaver,2,11,3,27,10.95,6.11,0,,,EoN(2014-01-14) Electricity Aq 1yr
143,Nightsaver,2,11,4,27,10.95,6.11,0,,,EoN(2014-01-14) Electricity Aq 1yr
140,Nightsaver,2,11,3,27,10.95,6.11,0,,,EoN(2014-01-14) Electricity Aq 1yr
140,Nightsaver,2,11,4,27,10.95,6.11,0,,,EoN(2014-01-14) Electricity Aq 1yr
140,Nightsaver,1,11,3,27,10.95,6.11,0,,,EoN(2014-01-14) Electricity Aq 1yr
140,Nightsaver,1,11,4,27,10.95,6.11,0,,,EoN(2014-01-14) Electricity Aq 1yr
100,Nightsaver,2,11,3,27,10.95,6.11,0,,,EoN(2014-01-14) Electricity Aq 1yr
100,Nightsaver,2,11,4,27,10.95,6.11,0,,,EoN(2014-01-14) Electricity Aq 1yr
100,Nightsaver,1,11,3,27,10.95,6.11,0,,,EoN(2014-01-14) Electricity Aq 1yr
100,Nightsaver,1,11,4,27,10.95,6.11,0,,,EoN(2014-01-14) Electricity Aq 1yr
100,Nightsaver,3,11,3,27,10.95,6.11,0,,,EoN(2014-01-14) Electricity Aq 1yr
100,Nightsaver,3,11,4,27,10.95,6.11,0,,,EoN(2014-01-14) Electricity Aq 1yr
100,Nightsaver,8,11,3,27,10.95,6.11,0,,,EoN(2014-01-14) Electricity Aq 1yr
100,Nightsaver,8,11,4,27,10.95,6.11,0,,,EoN(2014-01-14) Electricity Aq 1yr
100,Nightsaver,37,11,3,27,10.95,6.11,0,,,EoN(2014-01-14) Electricity Aq 1yr
100,Nightsaver,37,11,4,27,10.95,6.11,0,,,EoN(2014-01-14) Electricity Aq 1yr
640,Nightsaver,2,11,3,27,10.95,6.11,0,,,EoN(2014-01-14) Electricity Aq 1yr
640,Nightsaver,2,11,4,27,10.95,6.11,0,,,EoN(2014-01-14) Electricity Aq 1yr
534,Nightsaver,14,11,3,27,10.95,6.11,0,,,EoN(2014-01-14) Electricity Aq 1yr
534,Nightsaver,14,11,4,27,10.95,6.11,0,,,EoN(2014-01-14) Electricity Aq 1yr
534,Nightsaver,13,11,3,27,10.95,6.11,0,,,EoN(2014-01-14) Electricity Aq 1yr
534,Nightsaver,13,11,4,27,10.95,6.11,0,,,EoN(2014-01-14) Electricity Aq 1yr
534,Nightsaver,12,11,3,27,10.95,6.11,0,,,EoN(2014-01-14) Electricity Aq 1yr
534,Nightsaver,12,11,4,27,10.95,6.11,0,,,EoN(2014-01-14) Electricity Aq 1yr
534,Nightsaver,4,11,3,27,10.95,6.11,0,,,EoN(2014-01-14) Electricity Aq 1yr
534,Nightsaver,4,11,4,27,10.95,6.11,0,,,EoN(2014-01-14) Electricity Aq 1yr
534,Nightsaver,3,11,3,27,10.95,6.11,0,,,EoN(2014-01-14) Electricity Aq 1yr
534,Nightsaver,3,11,4,27,10.95,6.11,0,,,EoN(2014-01-14) Electricity Aq 1yr
534,Nightsaver,16,11,3,27,10.95,6.11,0,,,EoN(2014-01-14) Electricity Aq 1yr
534,Nightsaver,16,11,4,27,10.95,6.11,0,,,EoN(2014-01-14) Electricity Aq 1yr
640,Nightsaver,1,11,3,27,10.95,6.11,0,,,EoN(2014-01-14) Electricity Aq 1yr
640,Nightsaver,1,11,4,27,10.95,6.11,0,,,EoN(2014-01-14) Electricity Aq 1yr
534,Nightsaver,17,11,3,27,10.95,6.11,0,,,EoN(2014-01-14) Electricity Aq 1yr
534,Nightsaver,17,11,4,27,10.95,6.11,0,,,EoN(2014-01-14) Electricity Aq 1yr
640,Nightsaver,3,11,3,27,10.95,6.11,0,,,EoN(2014-01-14) Electricity Aq 1yr
640,Nightsaver,3,11,4,27,10.95,6.11,0,,,EoN(2014-01-14) Electricity Aq 1yr
640,Nightsaver,8,11,3,27,10.95,6.11,0,,,EoN(2014-01-14) Electricity Aq 1yr
640,Nightsaver,8,11,4,27,10.95,6.11,0,,,EoN(2014-01-14) Electricity Aq 1yr
640,Nightsaver,37,11,3,27,10.95,6.11,0,,,EoN(2014-01-14) Electricity Aq 1yr
640,Nightsaver,37,11,4,27,10.95,6.11,0,,,EoN(2014-01-14) Electricity Aq 1yr
534,Nightsaver,1,11,3,27,10.95,6.11,0,,,EoN(2014-01-14) Electricity Aq 1yr
534,Nightsaver,1,11,4,27,10.95,6.11,0,,,EoN(2014-01-14) Electricity Aq 1yr
534,Nightsaver,101,11,3,27,10.95,6.11,0,,,EoN(2014-01-14) Electricity Aq 1yr
534,Nightsaver,101,11,4,27,10.95,6.11,0,,,EoN(2014-01-14) Electricity Aq 1yr
534,Nightsaver,137,11,3,27,10.95,6.11,0,,,EoN(2014-01-14) Electricity Aq 1yr
534,Nightsaver,137,11,4,27,10.95,6.11,0,,,EoN(2014-01-14) Electricity Aq 1yr
534,Nightsaver,134,11,3,27,10.95,6.11,0,,,EoN(2014-01-14) Electricity Aq 1yr
534,Nightsaver,134,11,4,27,10.95,6.11,0,,,EoN(2014-01-14) Electricity Aq 1yr
534,Nightsaver,116,11,3,27,10.95,6.11,0,,,EoN(2014-01-14) Electricity Aq 1yr
534,Nightsaver,116,11,4,27,10.95,6.11,0,,,EoN(2014-01-14) Electricity Aq 1yr
534,Nightsaver,15,11,3,27,10.95,6.11,0,,,EoN(2014-01-14) Electricity Aq 1yr
534,Nightsaver,15,11,4,27,10.95,6.11,0,,,EoN(2014-01-14) Electricity Aq 1yr
534,Nightsaver,104,11,3,27,10.95,6.11,0,,,EoN(2014-01-14) Electricity Aq 1yr
534,Nightsaver,104,11,4,27,10.95,6.11,0,,,EoN(2014-01-14) Electricity Aq 1yr
534,Nightsaver,37,11,3,27,10.95,6.11,0,,,EoN(2014-01-14) Electricity Aq 1yr
534,Nightsaver,37,11,4,27,10.95,6.11,0,,,EoN(2014-01-14) Electricity Aq 1yr
534,Nightsaver,34,11,3,27,10.95,6.11,0,,,EoN(2014-01-14) Electricity Aq 1yr
534,Nightsaver,34,11,4,27,10.95,6.11,0,,,EoN(2014-01-14) Electricity Aq 1yr
534,Nightsaver,26,11,3,27,10.95,6.11,0,,,EoN(2014-01-14) Electricity Aq 1yr
534,Nightsaver,26,11,4,27,10.95,6.11,0,,,EoN(2014-01-14) Electricity Aq 1yr
534,Nightsaver,24,11,3,27,10.95,6.11,0,,,EoN(2014-01-14) Electricity Aq 1yr
534,Nightsaver,24,11,4,27,10.95,6.11,0,,,EoN(2014-01-14) Electricity Aq 1yr
534,Nightsaver,20,11,3,27,10.95,6.11,0,,,EoN(2014-01-14) Electricity Aq 1yr
534,Nightsaver,20,11,4,27,10.95,6.11,0,,,EoN(2014-01-14) Electricity Aq 1yr
534,Nightsaver,18,11,3,27,10.95,6.11,0,,,EoN(2014-01-14) Electricity Aq 1yr
534,Nightsaver,18,11,4,27,10.95,6.11,0,,,EoN(2014-01-14) Electricity Aq 1yr
534,Nightsaver,113,11,3,27,10.95,6.11,0,,,EoN(2014-01-14) Electricity Aq 1yr
534,Nightsaver,113,11,4,27,10.95,6.11,0,,,EoN(2014-01-14) Electricity Aq 1yr
644,Nightsaver,37,11,3,27,10.95,6.11,0,,,EoN(2014-01-14) Electricity Aq 1yr
644,Nightsaver,37,11,4,27,10.95,6.11,0,,,EoN(2014-01-14) Electricity Aq 1yr
644,Nightsaver,2,11,3,27,10.95,6.11,0,,,EoN(2014-01-14) Electricity Aq 1yr
644,Nightsaver,2,11,4,27,10.95,6.11,0,,,EoN(2014-01-14) Electricity Aq 1yr
644,Nightsaver,8,11,3,27,10.95,6.11,0,,,EoN(2014-01-14) Electricity Aq 1yr
644,Nightsaver,8,11,4,27,10.95,6.11,0,,,EoN(2014-01-14) Electricity Aq 1yr
644,Nightsaver,3,11,3,27,10.95,6.11,0,,,EoN(2014-01-14) Electricity Aq 1yr
644,Nightsaver,3,11,4,27,10.95,6.11,0,,,EoN(2014-01-14) Electricity Aq 1yr
644,Nightsaver,1,11,3,27,10.95,6.11,0,,,EoN(2014-01-14) Electricity Aq 1yr
644,Nightsaver,1,11,4,27,10.95,6.11,0,,,EoN(2014-01-14) Electricity Aq 1yr
604,Nightsaver,3,11,3,27,10.95,6.11,0,,,EoN(2014-01-14) Electricity Aq 1yr
604,Nightsaver,3,11,4,27,10.95,6.11,0,,,EoN(2014-01-14) Electricity Aq 1yr
604,Nightsaver,8,11,3,27,10.95,6.11,0,,,EoN(2014-01-14) Electricity Aq 1yr
604,Nightsaver,8,11,4,27,10.95,6.11,0,,,EoN(2014-01-14) Electricity Aq 1yr
604,Nightsaver,2,11,3,27,10.95,6.11,0,,,EoN(2014-01-14) Electricity Aq 1yr
604,Nightsaver,2,11,4,27,10.95,6.11,0,,,EoN(2014-01-14) Electricity Aq 1yr
604,Nightsaver,1,11,3,27,10.95,6.11,0,,,EoN(2014-01-14) Electricity Aq 1yr
604,Nightsaver,1,11,4,27,10.95,6.11,0,,,EoN(2014-01-14) Electricity Aq 1yr
522,Nightsaver,137,11,3,27,10.95,6.11,0,,,EoN(2014-01-14) Electricity Aq 1yr
522,Nightsaver,137,11,4,27,10.95,6.11,0,,,EoN(2014-01-14) Electricity Aq 1yr
522,Nightsaver,134,11,3,27,10.95,6.11,0,,,EoN(2014-01-14) Electricity Aq 1yr
522,Nightsaver,134,11,4,27,10.95,6.11,0,,,EoN(2014-01-14) Electricity Aq 1yr
522,Nightsaver,116,11,3,27,10.95,6.11,0,,,EoN(2014-01-14) Electricity Aq 1yr
522,Nightsaver,116,11,4,27,10.95,6.11,0,,,EoN(2014-01-14) Electricity Aq 1yr
522,Nightsaver,113,11,3,27,10.95,6.11,0,,,EoN(2014-01-14) Electricity Aq 1yr
522,Nightsaver,113,11,4,27,10.95,6.11,0,,,EoN(2014-01-14) Electricity Aq 1yr
522,Nightsaver,104,11,3,27,10.95,6.11,0,,,EoN(2014-01-14) Electricity Aq 1yr
522,Nightsaver,104,11,4,27,10.95,6.11,0,,,EoN(2014-01-14) Electricity Aq 1yr
522,Nightsaver,101,11,3,27,10.95,6.11,0,,,EoN(2014-01-14) Electricity Aq 1yr
522,Nightsaver,101,11,4,27,10.95,6.11,0,,,EoN(2014-01-14) Electricity Aq 1yr
522,Nightsaver,26,11,3,27,10.95,6.11,0,,,EoN(2014-01-14) Electricity Aq 1yr
522,Nightsaver,26,11,4,27,10.95,6.11,0,,,EoN(2014-01-14) Electricity Aq 1yr
522,Nightsaver,37,11,3,27,10.95,6.11,0,,,EoN(2014-01-14) Electricity Aq 1yr
522,Nightsaver,37,11,4,27,10.95,6.11,0,,,EoN(2014-01-14) Electricity Aq 1yr
103,Nightsaver,3,11,3,27,10.95,6.11,0,,,EoN(2014-01-14) Electricity Aq 1yr
103,Nightsaver,3,11,4,27,10.95,6.11,0,,,EoN(2014-01-14) Electricity Aq 1yr
522,Nightsaver,13,11,3,27,10.95,6.11,0,,,EoN(2014-01-14) Electricity Aq 1yr
522,Nightsaver,13,11,4,27,10.95,6.11,0,,,EoN(2014-01-14) Electricity Aq 1yr
522,Nightsaver,24,11,3,27,10.95,6.11,0,,,EoN(2014-01-14) Electricity Aq 1yr
522,Nightsaver,24,11,4,27,10.95,6.11,0,,,EoN(2014-01-14) Electricity Aq 1yr
522,Nightsaver,20,11,3,27,10.95,6.11,0,,,EoN(2014-01-14) Electricity Aq 1yr
522,Nightsaver,20,11,4,27,10.95,6.11,0,,,EoN(2014-01-14) Electricity Aq 1yr
522,Nightsaver,18,11,3,27,10.95,6.11,0,,,EoN(2014-01-14) Electricity Aq 1yr
522,Nightsaver,18,11,4,27,10.95,6.11,0,,,EoN(2014-01-14) Electricity Aq 1yr
522,Nightsaver,17,11,3,27,10.95,6.11,0,,,EoN(2014-01-14) Electricity Aq 1yr
522,Nightsaver,17,11,4,27,10.95,6.11,0,,,EoN(2014-01-14) Electricity Aq 1yr
522,Nightsaver,16,11,3,27,10.95,6.11,0,,,EoN(2014-01-14) Electricity Aq 1yr
522,Nightsaver,16,11,4,27,10.95,6.11,0,,,EoN(2014-01-14) Electricity Aq 1yr
522,Nightsaver,14,11,3,27,10.95,6.11,0,,,EoN(2014-01-14) Electricity Aq 1yr
522,Nightsaver,14,11,4,27,10.95,6.11,0,,,EoN(2014-01-14) Electricity Aq 1yr
103,Nightsaver,8,11,3,27,10.95,6.11,0,,,EoN(2014-01-14) Electricity Aq 1yr
103,Nightsaver,8,11,4,27,10.95,6.11,0,,,EoN(2014-01-14) Electricity Aq 1yr
522,Nightsaver,12,11,3,27,10.95,6.11,0,,,EoN(2014-01-14) Electricity Aq 1yr
522,Nightsaver,12,11,4,27,10.95,6.11,0,,,EoN(2014-01-14) Electricity Aq 1yr
522,Nightsaver,4,11,3,27,10.95,6.11,0,,,EoN(2014-01-14) Electricity Aq 1yr
522,Nightsaver,4,11,4,27,10.95,6.11,0,,,EoN(2014-01-14) Electricity Aq 1yr
522,Nightsaver,3,11,3,27,10.95,6.11,0,,,EoN(2014-01-14) Electricity Aq 1yr
522,Nightsaver,3,11,4,27,10.95,6.11,0,,,EoN(2014-01-14) Electricity Aq 1yr
522,Nightsaver,1,11,3,27,10.95,6.11,0,,,EoN(2014-01-14) Electricity Aq 1yr
522,Nightsaver,1,11,4,27,10.95,6.11,0,,,EoN(2014-01-14) Electricity Aq 1yr
103,Nightsaver,1,11,3,27,10.95,6.11,0,,,EoN(2014-01-14) Electricity Aq 1yr
103,Nightsaver,1,11,4,27,10.95,6.11,0,,,EoN(2014-01-14) Electricity Aq 1yr
103,Nightsaver,2,11,3,27,10.95,6.11,0,,,EoN(2014-01-14) Electricity Aq 1yr
103,Nightsaver,2,11,4,27,10.95,6.11,0,,,EoN(2014-01-14) Electricity Aq 1yr
522,Nightsaver,34,11,3,27,10.95,6.11,0,,,EoN(2014-01-14) Electricity Aq 1yr
522,Nightsaver,34,11,4,27,10.95,6.11,0,,,EoN(2014-01-14) Electricity Aq 1yr
522,Nightsaver,15,11,3,27,10.95,6.11,0,,,EoN(2014-01-14) Electricity Aq 1yr
522,Nightsaver,15,11,4,27,10.95,6.11,0,,,EoN(2014-01-14) Electricity Aq 1yr
811,Nightsaver,104,11,3,27,10.95,6.11,0,,,EoN(2014-01-14) Electricity Aq 1yr
811,Nightsaver,104,11,4,27,10.95,6.11,0,,,EoN(2014-01-14) Electricity Aq 1yr
811,Nightsaver,113,11,3,27,10.95,6.11,0,,,EoN(2014-01-14) Electricity Aq 1yr
811,Nightsaver,113,11,4,27,10.95,6.11,0,,,EoN(2014-01-14) Electricity Aq 1yr
811,Nightsaver,116,11,3,27,10.95,6.11,0,,,EoN(2014-01-14) Electricity Aq 1yr
811,Nightsaver,116,11,4,27,10.95,6.11,0,,,EoN(2014-01-14) Electricity Aq 1yr
811,Nightsaver,134,11,3,27,10.95,6.11,0,,,EoN(2014-01-14) Electricity Aq 1yr
811,Nightsaver,134,11,4,27,10.95,6.11,0,,,EoN(2014-01-14) Electricity Aq 1yr
811,Nightsaver,137,11,3,27,10.95,6.11,0,,,EoN(2014-01-14) Electricity Aq 1yr
811,Nightsaver,137,11,4,27,10.95,6.11,0,,,EoN(2014-01-14) Electricity Aq 1yr
812,Nightsaver,134,11,3,27,10.95,6.11,0,,,EoN(2014-01-14) Electricity Aq 1yr
812,Nightsaver,134,11,4,27,10.95,6.11,0,,,EoN(2014-01-14) Electricity Aq 1yr
812,Nightsaver,137,11,3,27,10.95,6.11,0,,,EoN(2014-01-14) Electricity Aq 1yr
812,Nightsaver,137,11,4,27,10.95,6.11,0,,,EoN(2014-01-14) Electricity Aq 1yr
812,Nightsaver,113,11,3,27,10.95,6.11,0,,,EoN(2014-01-14) Electricity Aq 1yr
812,Nightsaver,113,11,4,27,10.95,6.11,0,,,EoN(2014-01-14) Electricity Aq 1yr
812,Nightsaver,104,11,3,27,10.95,6.11,0,,,EoN(2014-01-14) Electricity Aq 1yr
812,Nightsaver,104,11,4,27,10.95,6.11,0,,,EoN(2014-01-14) Electricity Aq 1yr
812,Nightsaver,17,11,3,27,10.95,6.11,0,,,EoN(2014-01-14) Electricity Aq 1yr
812,Nightsaver,17,11,4,27,10.95,6.11,0,,,EoN(2014-01-14) Electricity Aq 1yr
812,Nightsaver,1,11,3,27,10.95,6.11,0,,,EoN(2014-01-14) Electricity Aq 1yr
812,Nightsaver,1,11,4,27,10.95,6.11,0,,,EoN(2014-01-14) Electricity Aq 1yr
812,Nightsaver,3,11,3,27,10.95,6.11,0,,,EoN(2014-01-14) Electricity Aq 1yr
812,Nightsaver,3,11,4,27,10.95,6.11,0,,,EoN(2014-01-14) Electricity Aq 1yr
812,Nightsaver,4,11,3,27,10.95,6.11,0,,,EoN(2014-01-14) Electricity Aq 1yr
812,Nightsaver,4,11,4,27,10.95,6.11,0,,,EoN(2014-01-14) Electricity Aq 1yr
812,Nightsaver,12,11,3,27,10.95,6.11,0,,,EoN(2014-01-14) Electricity Aq 1yr
812,Nightsaver,12,11,4,27,10.95,6.11,0,,,EoN(2014-01-14) Electricity Aq 1yr
812,Nightsaver,13,11,3,27,10.95,6.11,0,,,EoN(2014-01-14) Electricity Aq 1yr
812,Nightsaver,13,11,4,27,10.95,6.11,0,,,EoN(2014-01-14) Electricity Aq 1yr
812,Nightsaver,14,11,3,27,10.95,6.11,0,,,EoN(2014-01-14) Electricity Aq 1yr
812,Nightsaver,14,11,4,27,10.95,6.11,0,,,EoN(2014-01-14) Electricity Aq 1yr
812,Nightsaver,116,11,3,27,10.95,6.11,0,,,EoN(2014-01-14) Electricity Aq 1yr
812,Nightsaver,116,11,4,27,10.95,6.11,0,,,EoN(2014-01-14) Electricity Aq 1yr
812,Nightsaver,16,11,3,27,10.95,6.11,0,,,EoN(2014-01-14) Electricity Aq 1yr
812,Nightsaver,16,11,4,27,10.95,6.11,0,,,EoN(2014-01-14) Electricity Aq 1yr
812,Nightsaver,18,11,3,27,10.95,6.11,0,,,EoN(2014-01-14) Electricity Aq 1yr
812,Nightsaver,18,11,4,27,10.95,6.11,0,,,EoN(2014-01-14) Electricity Aq 1yr
812,Nightsaver,20,11,3,27,10.95,6.11,0,,,EoN(2014-01-14) Electricity Aq 1yr
812,Nightsaver,20,11,4,27,10.95,6.11,0,,,EoN(2014-01-14) Electricity Aq 1yr
812,Nightsaver,24,11,3,27,10.95,6.11,0,,,EoN(2014-01-14) Electricity Aq 1yr
812,Nightsaver,24,11,4,27,10.95,6.11,0,,,EoN(2014-01-14) Electricity Aq 1yr
812,Nightsaver,26,11,3,27,10.95,6.11,0,,,EoN(2014-01-14) Electricity Aq 1yr
812,Nightsaver,26,11,4,27,10.95,6.11,0,,,EoN(2014-01-14) Electricity Aq 1yr
812,Nightsaver,34,11,3,27,10.95,6.11,0,,,EoN(2014-01-14) Electricity Aq 1yr
812,Nightsaver,34,11,4,27,10.95,6.11,0,,,EoN(2014-01-14) Electricity Aq 1yr
812,Nightsaver,37,11,3,27,10.95,6.11,0,,,EoN(2014-01-14) Electricity Aq 1yr
812,Nightsaver,37,11,4,27,10.95,6.11,0,,,EoN(2014-01-14) Electricity Aq 1yr
812,Nightsaver,101,11,3,27,10.95,6.11,0,,,EoN(2014-01-14) Electricity Aq 1yr
812,Nightsaver,101,11,4,27,10.95,6.11,0,,,EoN(2014-01-14) Electricity Aq 1yr
812,Nightsaver,15,11,3,27,10.95,6.11,0,,,EoN(2014-01-14) Electricity Aq 1yr
812,Nightsaver,15,11,4,27,10.95,6.11,0,,,EoN(2014-01-14) Electricity Aq 1yr
890,Nightsaver,16,11,3,27,10.95,6.11,0,,,EoN(2014-01-14) Electricity Aq 1yr
890,Nightsaver,16,11,4,27,10.95,6.11,0,,,EoN(2014-01-14) Electricity Aq 1yr
890,Nightsaver,13,11,3,27,10.95,6.11,0,,,EoN(2014-01-14) Electricity Aq 1yr
890,Nightsaver,13,11,4,27,10.95,6.11,0,,,EoN(2014-01-14) Electricity Aq 1yr
890,Nightsaver,4,11,3,27,10.95,6.11,0,,,EoN(2014-01-14) Electricity Aq 1yr
890,Nightsaver,4,11,4,27,10.95,6.11,0,,,EoN(2014-01-14) Electricity Aq 1yr
890,Nightsaver,3,11,3,27,10.95,6.11,0,,,EoN(2014-01-14) Electricity Aq 1yr
890,Nightsaver,3,11,4,27,10.95,6.11,0,,,EoN(2014-01-14) Electricity Aq 1yr
890,Nightsaver,1,11,3,27,10.95,6.11,0,,,EoN(2014-01-14) Electricity Aq 1yr
890,Nightsaver,1,11,4,27,10.95,6.11,0,,,EoN(2014-01-14) Electricity Aq 1yr
890,Nightsaver,104,11,3,27,10.95,6.11,0,,,EoN(2014-01-14) Electricity Aq 1yr
890,Nightsaver,104,11,4,27,10.95,6.11,0,,,EoN(2014-01-14) Electricity Aq 1yr
890,Nightsaver,37,11,3,27,10.95,6.11,0,,,EoN(2014-01-14) Electricity Aq 1yr
890,Nightsaver,37,11,4,27,10.95,6.11,0,,,EoN(2014-01-14) Electricity Aq 1yr
890,Nightsaver,101,11,3,27,10.95,6.11,0,,,EoN(2014-01-14) Electricity Aq 1yr
890,Nightsaver,101,11,4,27,10.95,6.11,0,,,EoN(2014-01-14) Electricity Aq 1yr
890,Nightsaver,116,11,3,27,10.95,6.11,0,,,EoN(2014-01-14) Electricity Aq 1yr
890,Nightsaver,116,11,4,27,10.95,6.11,0,,,EoN(2014-01-14) Electricity Aq 1yr
890,Nightsaver,113,11,3,27,10.95,6.11,0,,,EoN(2014-01-14) Electricity Aq 1yr
890,Nightsaver,113,11,4,27,10.95,6.11,0,,,EoN(2014-01-14) Electricity Aq 1yr
874,Nightsaver,16,11,3,27,10.95,6.11,0,,,EoN(2014-01-14) Electricity Aq 1yr
874,Nightsaver,16,11,4,27,10.95,6.11,0,,,EoN(2014-01-14) Electricity Aq 1yr
874,Nightsaver,37,11,3,27,10.95,6.11,0,,,EoN(2014-01-14) Electricity Aq 1yr
874,Nightsaver,37,11,4,27,10.95,6.11,0,,,EoN(2014-01-14) Electricity Aq 1yr
874,Nightsaver,81,11,3,27,10.95,6.11,0,,,EoN(2014-01-14) Electricity Aq 1yr
874,Nightsaver,81,11,4,27,10.95,6.11,0,,,EoN(2014-01-14) Electricity Aq 1yr
811,Nightsaver,3,11,3,27,10.95,6.11,0,,,EoN(2014-01-14) Electricity Aq 1yr
811,Nightsaver,3,11,4,27,10.95,6.11,0,,,EoN(2014-01-14) Electricity Aq 1yr
811,Nightsaver,24,11,3,27,10.95,6.11,0,,,EoN(2014-01-14) Electricity Aq 1yr
811,Nightsaver,24,11,4,27,10.95,6.11,0,,,EoN(2014-01-14) Electricity Aq 1yr
811,Nightsaver,18,11,3,27,10.95,6.11,0,,,EoN(2014-01-14) Electricity Aq 1yr
811,Nightsaver,18,11,4,27,10.95,6.11,0,,,EoN(2014-01-14) Electricity Aq 1yr
811,Nightsaver,16,11,3,27,10.95,6.11,0,,,EoN(2014-01-14) Electricity Aq 1yr
811,Nightsaver,16,11,4,27,10.95,6.11,0,,,EoN(2014-01-14) Electricity Aq 1yr
811,Nightsaver,15,11,3,27,10.95,6.11,0,,,EoN(2014-01-14) Electricity Aq 1yr
811,Nightsaver,15,11,4,27,10.95,6.11,0,,,EoN(2014-01-14) Electricity Aq 1yr
811,Nightsaver,14,11,3,27,10.95,6.11,0,,,EoN(2014-01-14) Electricity Aq 1yr
811,Nightsaver,14,11,4,27,10.95,6.11,0,,,EoN(2014-01-14) Electricity Aq 1yr
811,Nightsaver,101,11,3,27,10.95,6.11,0,,,EoN(2014-01-14) Electricity Aq 1yr
811,Nightsaver,101,11,4,27,10.95,6.11,0,,,EoN(2014-01-14) Electricity Aq 1yr
811,Nightsaver,13,11,3,27,10.95,6.11,0,,,EoN(2014-01-14) Electricity Aq 1yr
811,Nightsaver,13,11,4,27,10.95,6.11,0,,,EoN(2014-01-14) Electricity Aq 1yr
811,Nightsaver,26,11,3,27,10.95,6.11,0,,,EoN(2014-01-14) Electricity Aq 1yr
811,Nightsaver,26,11,4,27,10.95,6.11,0,,,EoN(2014-01-14) Electricity Aq 1yr
811,Nightsaver,4,11,3,27,10.95,6.11,0,,,EoN(2014-01-14) Electricity Aq 1yr
811,Nightsaver,4,11,4,27,10.95,6.11,0,,,EoN(2014-01-14) Electricity Aq 1yr
811,Nightsaver,20,11,3,27,10.95,6.11,0,,,EoN(2014-01-14) Electricity Aq 1yr
811,Nightsaver,20,11,4,27,10.95,6.11,0,,,EoN(2014-01-14) Electricity Aq 1yr
811,Nightsaver,1,11,3,27,10.95,6.11,0,,,EoN(2014-01-14) Electricity Aq 1yr
811,Nightsaver,1,11,4,27,10.95,6.11,0,,,EoN(2014-01-14) Electricity Aq 1yr
811,Nightsaver,12,11,3,27,10.95,6.11,0,,,EoN(2014-01-14) Electricity Aq 1yr
811,Nightsaver,12,11,4,27,10.95,6.11,0,,,EoN(2014-01-14) Electricity Aq 1yr
811,Nightsaver,17,11,3,27,10.95,6.11,0,,,EoN(2014-01-14) Electricity Aq 1yr
811,Nightsaver,17,11,4,27,10.95,6.11,0,,,EoN(2014-01-14) Electricity Aq 1yr
811,Nightsaver,34,11,3,27,10.95,6.11,0,,,EoN(2014-01-14) Electricity Aq 1yr
811,Nightsaver,34,11,4,27,10.95,6.11,0,,,EoN(2014-01-14) Electricity Aq 1yr
811,Nightsaver,37,11,3,27,10.95,6.11,0,,,EoN(2014-01-14) Electricity Aq 1yr
811,Nightsaver,37,11,4,27,10.95,6.11,0,,,EoN(2014-01-14) Electricity Aq 1yr
641,Nightsaver,2,11,3,27,10.95,6.11,0,,,EoN(2014-01-14) Electricity Aq 1yr
641,Nightsaver,2,11,4,27,10.95,6.11,0,,,EoN(2014-01-14) Electricity Aq 1yr
10,Nightsaver,106,11,3,27,10.95,6.11,0,,,EoN(2014-01-14) Electricity Aq 1yr
10,Nightsaver,106,11,4,27,10.95,6.11,0,,,EoN(2014-01-14) Electricity Aq 1yr
101,Nightsaver,3,11,3,27,10.95,6.11,0,,,EoN(2014-01-14) Electricity Aq 1yr
101,Nightsaver,3,11,4,27,10.95,6.11,0,,,EoN(2014-01-14) Electricity Aq 1yr
17,Nightsaver,106,11,3,27,10.95,6.11,0,,,EoN(2014-01-14) Electricity Aq 1yr
17,Nightsaver,106,11,4,27,10.95,6.11,0,,,EoN(2014-01-14) Electricity Aq 1yr
17,Nightsaver,101,11,3,27,10.95,6.11,0,,,EoN(2014-01-14) Electricity Aq 1yr
17,Nightsaver,101,11,4,27,10.95,6.11,0,,,EoN(2014-01-14) Electricity Aq 1yr
17,Nightsaver,6,11,3,27,10.95,6.11,0,,,EoN(2014-01-14) Electricity Aq 1yr
17,Nightsaver,6,11,4,27,10.95,6.11,0,,,EoN(2014-01-14) Electricity Aq 1yr
17,Nightsaver,3,11,3,27,10.95,6.11,0,,,EoN(2014-01-14) Electricity Aq 1yr
17,Nightsaver,3,11,4,27,10.95,6.11,0,,,EoN(2014-01-14) Electricity Aq 1yr
104,Nightsaver,10,11,3,27,10.95,6.11,0,,,EoN(2014-01-14) Electricity Aq 1yr
104,Nightsaver,10,11,4,27,10.95,6.11,0,,,EoN(2014-01-14) Electricity Aq 1yr
104,Nightsaver,3,11,3,27,10.95,6.11,0,,,EoN(2014-01-14) Electricity Aq 1yr
104,Nightsaver,3,11,4,27,10.95,6.11,0,,,EoN(2014-01-14) Electricity Aq 1yr
605,Nightsaver,10,11,3,27,10.95,6.11,0,,,EoN(2014-01-14) Electricity Aq 1yr
605,Nightsaver,10,11,4,27,10.95,6.11,0,,,EoN(2014-01-14) Electricity Aq 1yr
523,Nightsaver,106,11,3,27,10.95,6.11,0,,,EoN(2014-01-14) Electricity Aq 1yr
523,Nightsaver,106,11,4,27,10.95,6.11,0,,,EoN(2014-01-14) Electricity Aq 1yr
104,Nightsaver,2,11,3,27,10.95,6.11,0,,,EoN(2014-01-14) Electricity Aq 1yr
104,Nightsaver,2,11,4,27,10.95,6.11,0,,,EoN(2014-01-14) Electricity Aq 1yr
523,Nightsaver,101,11,3,27,10.95,6.11,0,,,EoN(2014-01-14) Electricity Aq 1yr
523,Nightsaver,101,11,4,27,10.95,6.11,0,,,EoN(2014-01-14) Electricity Aq 1yr
523,Nightsaver,6,11,3,27,10.95,6.11,0,,,EoN(2014-01-14) Electricity Aq 1yr
523,Nightsaver,6,11,4,27,10.95,6.11,0,,,EoN(2014-01-14) Electricity Aq 1yr
523,Nightsaver,3,11,3,27,10.95,6.11,0,,,EoN(2014-01-14) Electricity Aq 1yr
523,Nightsaver,3,11,4,27,10.95,6.11,0,,,EoN(2014-01-14) Electricity Aq 1yr
523,Nightsaver,1,11,3,27,10.95,6.11,0,,,EoN(2014-01-14) Electricity Aq 1yr
523,Nightsaver,1,11,4,27,10.95,6.11,0,,,EoN(2014-01-14) Electricity Aq 1yr
641,Nightsaver,10,11,3,27,10.95,6.11,0,,,EoN(2014-01-14) Electricity Aq 1yr
641,Nightsaver,10,11,4,27,10.95,6.11,0,,,EoN(2014-01-14) Electricity Aq 1yr
641,Nightsaver,3,11,3,27,10.95,6.11,0,,,EoN(2014-01-14) Electricity Aq 1yr
641,Nightsaver,3,11,4,27,10.95,6.11,0,,,EoN(2014-01-14) Electricity Aq 1yr
17,Nightsaver,1,11,3,27,10.95,6.11,0,,,EoN(2014-01-14) Electricity Aq 1yr
17,Nightsaver,1,11,4,27,10.95,6.11,0,,,EoN(2014-01-14) Electricity Aq 1yr
10,Nightsaver,1,11,3,27,10.95,6.11,0,,,EoN(2014-01-14) Electricity Aq 1yr
10,Nightsaver,1,11,4,27,10.95,6.11,0,,,EoN(2014-01-14) Electricity Aq 1yr
10,Nightsaver,101,11,3,27,10.95,6.11,0,,,EoN(2014-01-14) Electricity Aq 1yr
10,Nightsaver,101,11,4,27,10.95,6.11,0,,,EoN(2014-01-14) Electricity Aq 1yr
141,Nightsaver,2,11,3,27,10.95,6.11,0,,,EoN(2014-01-14) Electricity Aq 1yr
141,Nightsaver,2,11,4,27,10.95,6.11,0,,,EoN(2014-01-14) Electricity Aq 1yr
141,Nightsaver,3,11,3,27,10.95,6.11,0,,,EoN(2014-01-14) Electricity Aq 1yr
141,Nightsaver,3,11,4,27,10.95,6.11,0,,,EoN(2014-01-14) Electricity Aq 1yr
141,Nightsaver,10,11,3,27,10.95,6.11,0,,,EoN(2014-01-14) Electricity Aq 1yr
141,Nightsaver,10,11,4,27,10.95,6.11,0,,,EoN(2014-01-14) Electricity Aq 1yr
144,Nightsaver,2,11,3,27,10.95,6.11,0,,,EoN(2014-01-14) Electricity Aq 1yr
144,Nightsaver,2,11,4,27,10.95,6.11,0,,,EoN(2014-01-14) Electricity Aq 1yr
144,Nightsaver,3,11,3,27,10.95,6.11,0,,,EoN(2014-01-14) Electricity Aq 1yr
144,Nightsaver,3,11,4,27,10.95,6.11,0,,,EoN(2014-01-14) Electricity Aq 1yr
144,Nightsaver,10,11,3,27,10.95,6.11,0,,,EoN(2014-01-14) Electricity Aq 1yr
144,Nightsaver,10,11,4,27,10.95,6.11,0,,,EoN(2014-01-14) Electricity Aq 1yr
101,Nightsaver,2,11,3,27,10.95,6.11,0,,,EoN(2014-01-14) Electricity Aq 1yr
101,Nightsaver,2,11,4,27,10.95,6.11,0,,,EoN(2014-01-14) Electricity Aq 1yr
10,Nightsaver,3,11,3,27,10.95,6.11,0,,,EoN(2014-01-14) Electricity Aq 1yr
10,Nightsaver,3,11,4,27,10.95,6.11,0,,,EoN(2014-01-14) Electricity Aq 1yr
101,Nightsaver,10,11,3,27,10.95,6.11,0,,,EoN(2014-01-14) Electricity Aq 1yr
101,Nightsaver,10,11,4,27,10.95,6.11,0,,,EoN(2014-01-14) Electricity Aq 1yr
645,Nightsaver,10,11,3,27,10.95,6.11,0,,,EoN(2014-01-14) Electricity Aq 1yr
645,Nightsaver,10,11,4,27,10.95,6.11,0,,,EoN(2014-01-14) Electricity Aq 1yr
645,Nightsaver,3,11,3,27,10.95,6.11,0,,,EoN(2014-01-14) Electricity Aq 1yr
645,Nightsaver,3,11,4,27,10.95,6.11,0,,,EoN(2014-01-14) Electricity Aq 1yr
645,Nightsaver,2,11,3,27,10.95,6.11,0,,,EoN(2014-01-14) Electricity Aq 1yr
645,Nightsaver,2,11,4,27,10.95,6.11,0,,,EoN(2014-01-14) Electricity Aq 1yr
601,Nightsaver,2,11,3,27,10.95,6.11,0,,,EoN(2014-01-14) Electricity Aq 1yr
601,Nightsaver,2,11,4,27,10.95,6.11,0,,,EoN(2014-01-14) Electricity Aq 1yr
601,Nightsaver,3,11,3,27,10.95,6.11,0,,,EoN(2014-01-14) Electricity Aq 1yr
601,Nightsaver,3,11,4,27,10.95,6.11,0,,,EoN(2014-01-14) Electricity Aq 1yr
601,Nightsaver,10,11,3,27,10.95,6.11,0,,,EoN(2014-01-14) Electricity Aq 1yr
601,Nightsaver,10,11,4,27,10.95,6.11,0,,,EoN(2014-01-14) Electricity Aq 1yr
605,Nightsaver,2,11,3,27,10.95,6.11,0,,,EoN(2014-01-14) Electricity Aq 1yr
605,Nightsaver,2,11,4,27,10.95,6.11,0,,,EoN(2014-01-14) Electricity Aq 1yr
605,Nightsaver,3,11,3,27,10.95,6.11,0,,,EoN(2014-01-14) Electricity Aq 1yr
605,Nightsaver,3,11,4,27,10.95,6.11,0,,,EoN(2014-01-14) Electricity Aq 1yr
10,Nightsaver,6,11,3,27,10.95,6.11,0,,,EoN(2014-01-14) Electricity Aq 1yr
10,Nightsaver,6,11,4,27,10.95,6.11,0,,,EoN(2014-01-14) Electricity Aq 1yr
535,Nightsaver,1,11,3,27,10.95,6.11,0,,,EoN(2014-01-14) Electricity Aq 1yr
535,Nightsaver,1,11,4,27,10.95,6.11,0,,,EoN(2014-01-14) Electricity Aq 1yr
535,Nightsaver,106,11,3,27,10.95,6.11,0,,,EoN(2014-01-14) Electricity Aq 1yr
535,Nightsaver,106,11,4,27,10.95,6.11,0,,,EoN(2014-01-14) Electricity Aq 1yr
535,Nightsaver,101,11,3,27,10.95,6.11,0,,,EoN(2014-01-14) Electricity Aq 1yr
535,Nightsaver,101,11,4,27,10.95,6.11,0,,,EoN(2014-01-14) Electricity Aq 1yr
535,Nightsaver,3,11,3,27,10.95,6.11,0,,,EoN(2014-01-14) Electricity Aq 1yr
535,Nightsaver,3,11,4,27,10.95,6.11,0,,,EoN(2014-01-14) Electricity Aq 1yr
535,Nightsaver,6,11,3,27,10.95,6.11,0,,,EoN(2014-01-14) Electricity Aq 1yr
535,Nightsaver,6,11,4,27,10.95,6.11,0,,,EoN(2014-01-14) Electricity Aq 1yr
146,Nightsaver,7,11,3,27,10.95,6.11,0,,,EoN(2014-01-14) Electricity Aq 1yr
146,Nightsaver,7,11,4,27,10.95,6.11,0,,,EoN(2014-01-14) Electricity Aq 1yr
150,Nightsaver,7,11,3,27,10.95,6.11,0,,,EoN(2014-01-14) Electricity Aq 1yr
150,Nightsaver,7,11,4,27,10.95,6.11,0,,,EoN(2014-01-14) Electricity Aq 1yr
548,Nightsaver,14,11,3,27,10.95,6.11,0,,,EoN(2014-01-14) Electricity Aq 1yr
548,Nightsaver,14,11,4,27,10.95,6.11,0,,,EoN(2014-01-14) Electricity Aq 1yr
548,Nightsaver,13,11,3,27,10.95,6.11,0,,,EoN(2014-01-14) Electricity Aq 1yr
548,Nightsaver,13,11,4,27,10.95,6.11,0,,,EoN(2014-01-14) Electricity Aq 1yr
548,Nightsaver,12,11,3,27,10.95,6.11,0,,,EoN(2014-01-14) Electricity Aq 1yr
548,Nightsaver,12,11,4,27,10.95,6.11,0,,,EoN(2014-01-14) Electricity Aq 1yr
608,Nightsaver,1,11,3,27,10.95,6.11,0,,,EoN(2014-01-14) Electricity Aq 1yr
608,Nightsaver,1,11,4,27,10.95,6.11,0,,,EoN(2014-01-14) Electricity Aq 1yr
608,Nightsaver,2,11,3,27,10.95,6.11,0,,,EoN(2014-01-14) Electricity Aq 1yr
608,Nightsaver,2,11,4,27,10.95,6.11,0,,,EoN(2014-01-14) Electricity Aq 1yr
548,Nightsaver,3,11,3,27,10.95,6.11,0,,,EoN(2014-01-14) Electricity Aq 1yr
548,Nightsaver,3,11,4,27,10.95,6.11,0,,,EoN(2014-01-14) Electricity Aq 1yr
548,Nightsaver,1,11,3,27,10.95,6.11,0,,,EoN(2014-01-14) Electricity Aq 1yr
548,Nightsaver,1,11,4,27,10.95,6.11,0,,,EoN(2014-01-14) Electricity Aq 1yr
648,Nightsaver,2,11,3,27,10.95,6.11,0,,,EoN(2014-01-14) Electricity Aq 1yr
648,Nightsaver,2,11,4,27,10.95,6.11,0,,,EoN(2014-01-14) Electricity Aq 1yr
548,Nightsaver,119,11,3,27,10.95,6.11,0,,,EoN(2014-01-14) Electricity Aq 1yr
548,Nightsaver,119,11,4,27,10.95,6.11,0,,,EoN(2014-01-14) Electricity Aq 1yr
106,Nightsaver,37,11,3,27,10.95,6.11,0,,,EoN(2014-01-14) Electricity Aq 1yr
106,Nightsaver,37,11,4,27,10.95,6.11,0,,,EoN(2014-01-14) Electricity Aq 1yr
608,Nightsaver,3,11,3,27,10.95,6.11,0,,,EoN(2014-01-14) Electricity Aq 1yr
608,Nightsaver,3,11,4,27,10.95,6.11,0,,,EoN(2014-01-14) Electricity Aq 1yr
608,Nightsaver,7,11,3,27,10.95,6.11,0,,,EoN(2014-01-14) Electricity Aq 1yr
608,Nightsaver,7,11,4,27,10.95,6.11,0,,,EoN(2014-01-14) Electricity Aq 1yr
608,Nightsaver,37,11,3,27,10.95,6.11,0,,,EoN(2014-01-14) Electricity Aq 1yr
608,Nightsaver,37,11,4,27,10.95,6.11,0,,,EoN(2014-01-14) Electricity Aq 1yr
150,Nightsaver,2,11,3,27,10.95,6.11,0,,,EoN(2014-01-14) Electricity Aq 1yr
150,Nightsaver,2,11,4,27,10.95,6.11,0,,,EoN(2014-01-14) Electricity Aq 1yr
106,Nightsaver,3,11,3,27,10.95,6.11,0,,,EoN(2014-01-14) Electricity Aq 1yr
106,Nightsaver,3,11,4,27,10.95,6.11,0,,,EoN(2014-01-14) Electricity Aq 1yr
106,Nightsaver,2,11,3,27,10.95,6.11,0,,,EoN(2014-01-14) Electricity Aq 1yr
106,Nightsaver,2,11,4,27,10.95,6.11,0,,,EoN(2014-01-14) Electricity Aq 1yr
150,Nightsaver,3,11,3,27,10.95,6.11,0,,,EoN(2014-01-14) Electricity Aq 1yr
150,Nightsaver,3,11,4,27,10.95,6.11,0,,,EoN(2014-01-14) Electricity Aq 1yr
548,Nightsaver,23,11,3,27,10.95,6.11,0,,,EoN(2014-01-14) Electricity Aq 1yr
548,Nightsaver,23,11,4,27,10.95,6.11,0,,,EoN(2014-01-14) Electricity Aq 1yr
548,Nightsaver,19,11,3,27,10.95,6.11,0,,,EoN(2014-01-14) Electricity Aq 1yr
548,Nightsaver,19,11,4,27,10.95,6.11,0,,,EoN(2014-01-14) Electricity Aq 1yr
548,Nightsaver,17,11,3,27,10.95,6.11,0,,,EoN(2014-01-14) Electricity Aq 1yr
548,Nightsaver,17,11,4,27,10.95,6.11,0,,,EoN(2014-01-14) Electricity Aq 1yr
548,Nightsaver,15,11,3,27,10.95,6.11,0,,,EoN(2014-01-14) Electricity Aq 1yr
548,Nightsaver,15,11,4,27,10.95,6.11,0,,,EoN(2014-01-14) Electricity Aq 1yr
548,Nightsaver,134,11,3,27,10.95,6.11,0,,,EoN(2014-01-14) Electricity Aq 1yr
548,Nightsaver,134,11,4,27,10.95,6.11,0,,,EoN(2014-01-14) Electricity Aq 1yr
146,Nightsaver,1,11,3,27,10.95,6.11,0,,,EoN(2014-01-14) Electricity Aq 1yr
146,Nightsaver,1,11,4,27,10.95,6.11,0,,,EoN(2014-01-14) Electricity Aq 1yr
146,Nightsaver,2,11,3,27,10.95,6.11,0,,,EoN(2014-01-14) Electricity Aq 1yr
146,Nightsaver,2,11,4,27,10.95,6.11,0,,,EoN(2014-01-14) Electricity Aq 1yr
106,Nightsaver,1,11,3,27,10.95,6.11,0,,,EoN(2014-01-14) Electricity Aq 1yr
106,Nightsaver,1,11,4,27,10.95,6.11,0,,,EoN(2014-01-14) Electricity Aq 1yr
146,Nightsaver,3,11,3,27,10.95,6.11,0,,,EoN(2014-01-14) Electricity Aq 1yr
146,Nightsaver,3,11,4,27,10.95,6.11,0,,,EoN(2014-01-14) Electricity Aq 1yr
648,Nightsaver,7,11,3,27,10.95,6.11,0,,,EoN(2014-01-14) Electricity Aq 1yr
648,Nightsaver,7,11,4,27,10.95,6.11,0,,,EoN(2014-01-14) Electricity Aq 1yr
106,Nightsaver,7,11,3,27,10.95,6.11,0,,,EoN(2014-01-14) Electricity Aq 1yr
106,Nightsaver,7,11,4,27,10.95,6.11,0,,,EoN(2014-01-14) Electricity Aq 1yr
648,Nightsaver,3,11,3,27,10.95,6.11,0,,,EoN(2014-01-14) Electricity Aq 1yr
648,Nightsaver,3,11,4,27,10.95,6.11,0,,,EoN(2014-01-14) Electricity Aq 1yr
548,Nightsaver,103,11,3,27,10.95,6.11,0,,,EoN(2014-01-14) Electricity Aq 1yr
548,Nightsaver,103,11,4,27,10.95,6.11,0,,,EoN(2014-01-14) Electricity Aq 1yr
548,Nightsaver,101,11,3,27,10.95,6.11,0,,,EoN(2014-01-14) Electricity Aq 1yr
548,Nightsaver,101,11,4,27,10.95,6.11,0,,,EoN(2014-01-14) Electricity Aq 1yr
548,Nightsaver,40,11,3,27,10.95,6.11,0,,,EoN(2014-01-14) Electricity Aq 1yr
548,Nightsaver,40,11,4,27,10.95,6.11,0,,,EoN(2014-01-14) Electricity Aq 1yr
548,Nightsaver,37,11,3,27,10.95,6.11,0,,,EoN(2014-01-14) Electricity Aq 1yr
548,Nightsaver,37,11,4,27,10.95,6.11,0,,,EoN(2014-01-14) Electricity Aq 1yr
548,Nightsaver,34,11,3,27,10.95,6.11,0,,,EoN(2014-01-14) Electricity Aq 1yr
548,Nightsaver,34,11,4,27,10.95,6.11,0,,,EoN(2014-01-14) Electricity Aq 1yr
548,Nightsaver,29,11,3,27,10.95,6.11,0,,,EoN(2014-01-14) Electricity Aq 1yr
548,Nightsaver,29,11,4,27,10.95,6.11,0,,,EoN(2014-01-14) Electricity Aq 1yr
548,Nightsaver,27,11,3,27,10.95,6.11,0,,,EoN(2014-01-14) Electricity Aq 1yr
548,Nightsaver,27,11,4,27,10.95,6.11,0,,,EoN(2014-01-14) Electricity Aq 1yr
548,Nightsaver,113,11,3,27,10.95,6.11,0,,,EoN(2014-01-14) Electricity Aq 1yr
548,Nightsaver,113,11,4,27,10.95,6.11,0,,,EoN(2014-01-14) Electricity Aq 1yr
548,Nightsaver,21,11,3,27,10.95,6.11,0,,,EoN(2014-01-14) Electricity Aq 1yr
548,Nightsaver,21,11,4,27,10.95,6.11,0,,,EoN(2014-01-14) Electricity Aq 1yr
542,Nightsaver,27,11,3,27,10.95,6.11,0,,,EoN(2014-01-14) Electricity Aq 1yr
542,Nightsaver,27,11,4,27,10.95,6.11,0,,,EoN(2014-01-14) Electricity Aq 1yr
542,Nightsaver,12,11,3,27,10.95,6.11,0,,,EoN(2014-01-14) Electricity Aq 1yr
542,Nightsaver,12,11,4,27,10.95,6.11,0,,,EoN(2014-01-14) Electricity Aq 1yr
542,Nightsaver,13,11,3,27,10.95,6.11,0,,,EoN(2014-01-14) Electricity Aq 1yr
542,Nightsaver,13,11,4,27,10.95,6.11,0,,,EoN(2014-01-14) Electricity Aq 1yr
542,Nightsaver,14,11,3,27,10.95,6.11,0,,,EoN(2014-01-14) Electricity Aq 1yr
542,Nightsaver,14,11,4,27,10.95,6.11,0,,,EoN(2014-01-14) Electricity Aq 1yr
542,Nightsaver,17,11,3,27,10.95,6.11,0,,,EoN(2014-01-14) Electricity Aq 1yr
542,Nightsaver,17,11,4,27,10.95,6.11,0,,,EoN(2014-01-14) Electricity Aq 1yr
110,Nightsaver,1,11,3,27,10.95,6.11,0,,,EoN(2014-01-14) Electricity Aq 1yr
110,Nightsaver,1,11,4,27,10.95,6.11,0,,,EoN(2014-01-14) Electricity Aq 1yr
110,Nightsaver,2,11,3,27,10.95,6.11,0,,,EoN(2014-01-14) Electricity Aq 1yr
110,Nightsaver,2,11,4,27,10.95,6.11,0,,,EoN(2014-01-14) Electricity Aq 1yr
110,Nightsaver,3,11,3,27,10.95,6.11,0,,,EoN(2014-01-14) Electricity Aq 1yr
110,Nightsaver,3,11,4,27,10.95,6.11,0,,,EoN(2014-01-14) Electricity Aq 1yr
110,Nightsaver,7,11,3,27,10.95,6.11,0,,,EoN(2014-01-14) Electricity Aq 1yr
110,Nightsaver,7,11,4,27,10.95,6.11,0,,,EoN(2014-01-14) Electricity Aq 1yr
653,Nightsaver,7,11,3,27,10.95,6.11,0,,,EoN(2014-01-14) Electricity Aq 1yr
653,Nightsaver,7,11,4,27,10.95,6.11,0,,,EoN(2014-01-14) Electricity Aq 1yr
542,Nightsaver,3,11,3,27,10.95,6.11,0,,,EoN(2014-01-14) Electricity Aq 1yr
542,Nightsaver,3,11,4,27,10.95,6.11,0,,,EoN(2014-01-14) Electricity Aq 1yr
542,Nightsaver,23,11,3,27,10.95,6.11,0,,,EoN(2014-01-14) Electricity Aq 1yr
542,Nightsaver,23,11,4,27,10.95,6.11,0,,,EoN(2014-01-14) Electricity Aq 1yr
542,Nightsaver,15,11,3,27,10.95,6.11,0,,,EoN(2014-01-14) Electricity Aq 1yr
542,Nightsaver,15,11,4,27,10.95,6.11,0,,,EoN(2014-01-14) Electricity Aq 1yr
542,Nightsaver,29,11,3,27,10.95,6.11,0,,,EoN(2014-01-14) Electricity Aq 1yr
542,Nightsaver,29,11,4,27,10.95,6.11,0,,,EoN(2014-01-14) Electricity Aq 1yr
542,Nightsaver,34,11,3,27,10.95,6.11,0,,,EoN(2014-01-14) Electricity Aq 1yr
542,Nightsaver,34,11,4,27,10.95,6.11,0,,,EoN(2014-01-14) Electricity Aq 1yr
542,Nightsaver,37,11,3,27,10.95,6.11,0,,,EoN(2014-01-14) Electricity Aq 1yr
542,Nightsaver,37,11,4,27,10.95,6.11,0,,,EoN(2014-01-14) Electricity Aq 1yr
542,Nightsaver,40,11,3,27,10.95,6.11,0,,,EoN(2014-01-14) Electricity Aq 1yr
542,Nightsaver,40,11,4,27,10.95,6.11,0,,,EoN(2014-01-14) Electricity Aq 1yr
542,Nightsaver,101,11,3,27,10.95,6.11,0,,,EoN(2014-01-14) Electricity Aq 1yr
542,Nightsaver,101,11,4,27,10.95,6.11,0,,,EoN(2014-01-14) Electricity Aq 1yr
542,Nightsaver,134,11,3,27,10.95,6.11,0,,,EoN(2014-01-14) Electricity Aq 1yr
542,Nightsaver,134,11,4,27,10.95,6.11,0,,,EoN(2014-01-14) Electricity Aq 1yr
542,Nightsaver,119,11,3,27,10.95,6.11,0,,,EoN(2014-01-14) Electricity Aq 1yr
542,Nightsaver,119,11,4,27,10.95,6.11,0,,,EoN(2014-01-14) Electricity Aq 1yr
542,Nightsaver,113,11,3,27,10.95,6.11,0,,,EoN(2014-01-14) Electricity Aq 1yr
542,Nightsaver,113,11,4,27,10.95,6.11,0,,,EoN(2014-01-14) Electricity Aq 1yr
542,Nightsaver,140,11,3,27,10.95,6.11,0,,,EoN(2014-01-14) Electricity Aq 1yr
542,Nightsaver,140,11,4,27,10.95,6.11,0,,,EoN(2014-01-14) Electricity Aq 1yr
542,Nightsaver,103,11,3,27,10.95,6.11,0,,,EoN(2014-01-14) Electricity Aq 1yr
542,Nightsaver,103,11,4,27,10.95,6.11,0,,,EoN(2014-01-14) Electricity Aq 1yr
542,Nightsaver,21,11,3,27,10.95,6.11,0,,,EoN(2014-01-14) Electricity Aq 1yr
542,Nightsaver,21,11,4,27,10.95,6.11,0,,,EoN(2014-01-14) Electricity Aq 1yr
653,Nightsaver,3,11,3,27,10.95,6.11,0,,,EoN(2014-01-14) Electricity Aq 1yr
653,Nightsaver,3,11,4,27,10.95,6.11,0,,,EoN(2014-01-14) Electricity Aq 1yr
542,Nightsaver,19,11,3,27,10.95,6.11,0,,,EoN(2014-01-14) Electricity Aq 1yr
542,Nightsaver,19,11,4,27,10.95,6.11,0,,,EoN(2014-01-14) Electricity Aq 1yr
613,Nightsaver,2,11,3,27,10.95,6.11,0,,,EoN(2014-01-14) Electricity Aq 1yr
613,Nightsaver,2,11,4,27,10.95,6.11,0,,,EoN(2014-01-14) Electricity Aq 1yr
613,Nightsaver,3,11,3,27,10.95,6.11,0,,,EoN(2014-01-14) Electricity Aq 1yr
613,Nightsaver,3,11,4,27,10.95,6.11,0,,,EoN(2014-01-14) Electricity Aq 1yr
542,Nightsaver,1,11,3,27,10.95,6.11,0,,,EoN(2014-01-14) Electricity Aq 1yr
542,Nightsaver,1,11,4,27,10.95,6.11,0,,,EoN(2014-01-14) Electricity Aq 1yr
613,Nightsaver,7,11,3,27,10.95,6.11,0,,,EoN(2014-01-14) Electricity Aq 1yr
613,Nightsaver,7,11,4,27,10.95,6.11,0,,,EoN(2014-01-14) Electricity Aq 1yr
653,Nightsaver,2,11,3,27,10.95,6.11,0,,,EoN(2014-01-14) Electricity Aq 1yr
653,Nightsaver,2,11,4,27,10.95,6.11,0,,,EoN(2014-01-14) Electricity Aq 1yr
548,Nightsaver,140,11,3,27,10.95,6.11,0,,,EoN(2014-01-14) Electricity Aq 1yr
548,Nightsaver,140,11,4,27,10.95,6.11,0,,,EoN(2014-01-14) Electricity Aq 1yr
830,Nightsaver,103,11,3,27,10.95,6.11,0,,,EoN(2014-01-14) Electricity Aq 1yr
830,Nightsaver,103,11,4,27,10.95,6.11,0,,,EoN(2014-01-14) Electricity Aq 1yr
830,Nightsaver,101,11,3,27,10.95,6.11,0,,,EoN(2014-01-14) Electricity Aq 1yr
830,Nightsaver,101,11,4,27,10.95,6.11,0,,,EoN(2014-01-14) Electricity Aq 1yr
830,Nightsaver,52,11,3,27,10.95,6.11,0,,,EoN(2014-01-14) Electricity Aq 1yr
830,Nightsaver,52,11,4,27,10.95,6.11,0,,,EoN(2014-01-14) Electricity Aq 1yr
830,Nightsaver,40,11,3,27,10.95,6.11,0,,,EoN(2014-01-14) Electricity Aq 1yr
830,Nightsaver,40,11,4,27,10.95,6.11,0,,,EoN(2014-01-14) Electricity Aq 1yr
830,Nightsaver,19,11,3,27,10.95,6.11,0,,,EoN(2014-01-14) Electricity Aq 1yr
830,Nightsaver,19,11,4,27,10.95,6.11,0,,,EoN(2014-01-14) Electricity Aq 1yr
831,Nightsaver,152,11,3,27,10.95,6.11,0,,,EoN(2014-01-14) Electricity Aq 1yr
831,Nightsaver,152,11,4,27,10.95,6.11,0,,,EoN(2014-01-14) Electricity Aq 1yr
830,Nightsaver,13,11,3,27,10.95,6.11,0,,,EoN(2014-01-14) Electricity Aq 1yr
830,Nightsaver,13,11,4,27,10.95,6.11,0,,,EoN(2014-01-14) Electricity Aq 1yr
830,Nightsaver,3,11,3,27,10.95,6.11,0,,,EoN(2014-01-14) Electricity Aq 1yr
830,Nightsaver,3,11,4,27,10.95,6.11,0,,,EoN(2014-01-14) Electricity Aq 1yr
830,Nightsaver,37,11,3,27,10.95,6.11,0,,,EoN(2014-01-14) Electricity Aq 1yr
830,Nightsaver,37,11,4,27,10.95,6.11,0,,,EoN(2014-01-14) Electricity Aq 1yr
831,Nightsaver,116,11,3,27,10.95,6.11,0,,,EoN(2014-01-14) Electricity Aq 1yr
831,Nightsaver,116,11,4,27,10.95,6.11,0,,,EoN(2014-01-14) Electricity Aq 1yr
831,Nightsaver,3,11,3,27,10.95,6.11,0,,,EoN(2014-01-14) Electricity Aq 1yr
831,Nightsaver,3,11,4,27,10.95,6.11,0,,,EoN(2014-01-14) Electricity Aq 1yr
831,Nightsaver,13,11,3,27,10.95,6.11,0,,,EoN(2014-01-14) Electricity Aq 1yr
831,Nightsaver,13,11,4,27,10.95,6.11,0,,,EoN(2014-01-14) Electricity Aq 1yr
831,Nightsaver,16,11,3,27,10.95,6.11,0,,,EoN(2014-01-14) Electricity Aq 1yr
831,Nightsaver,16,11,4,27,10.95,6.11,0,,,EoN(2014-01-14) Electricity Aq 1yr
831,Nightsaver,19,11,3,27,10.95,6.11,0,,,EoN(2014-01-14) Electricity Aq 1yr
831,Nightsaver,19,11,4,27,10.95,6.11,0,,,EoN(2014-01-14) Electricity Aq 1yr
831,Nightsaver,37,11,3,27,10.95,6.11,0,,,EoN(2014-01-14) Electricity Aq 1yr
831,Nightsaver,37,11,4,27,10.95,6.11,0,,,EoN(2014-01-14) Electricity Aq 1yr
831,Nightsaver,37,11,3,27,10.95,6.11,0,,,EoN(2014-01-14) Electricity Aq 1yr
831,Nightsaver,37,11,4,27,10.95,6.11,0,,,EoN(2014-01-14) Electricity Aq 1yr
831,Nightsaver,40,11,3,27,10.95,6.11,0,,,EoN(2014-01-14) Electricity Aq 1yr
831,Nightsaver,40,11,4,27,10.95,6.11,0,,,EoN(2014-01-14) Electricity Aq 1yr
831,Nightsaver,52,11,3,27,10.95,6.11,0,,,EoN(2014-01-14) Electricity Aq 1yr
831,Nightsaver,52,11,4,27,10.95,6.11,0,,,EoN(2014-01-14) Electricity Aq 1yr
831,Nightsaver,101,11,3,27,10.95,6.11,0,,,EoN(2014-01-14) Electricity Aq 1yr
831,Nightsaver,101,11,4,27,10.95,6.11,0,,,EoN(2014-01-14) Electricity Aq 1yr
830,Nightsaver,140,11,3,27,10.95,6.11,0,,,EoN(2014-01-14) Electricity Aq 1yr
830,Nightsaver,140,11,4,27,10.95,6.11,0,,,EoN(2014-01-14) Electricity Aq 1yr
831,Nightsaver,113,11,3,27,10.95,6.11,0,,,EoN(2014-01-14) Electricity Aq 1yr
831,Nightsaver,113,11,4,27,10.95,6.11,0,,,EoN(2014-01-14) Electricity Aq 1yr
830,Nightsaver,113,11,3,27,10.95,6.11,0,,,EoN(2014-01-14) Electricity Aq 1yr
830,Nightsaver,113,11,4,27,10.95,6.11,0,,,EoN(2014-01-14) Electricity Aq 1yr
831,Nightsaver,119,11,3,27,10.95,6.11,0,,,EoN(2014-01-14) Electricity Aq 1yr
831,Nightsaver,119,11,4,27,10.95,6.11,0,,,EoN(2014-01-14) Electricity Aq 1yr
831,Nightsaver,137,11,3,27,10.95,6.11,0,,,EoN(2014-01-14) Electricity Aq 1yr
831,Nightsaver,137,11,4,27,10.95,6.11,0,,,EoN(2014-01-14) Electricity Aq 1yr
831,Nightsaver,140,11,3,27,10.95,6.11,0,,,EoN(2014-01-14) Electricity Aq 1yr
831,Nightsaver,140,11,4,27,10.95,6.11,0,,,EoN(2014-01-14) Electricity Aq 1yr
830,Nightsaver,16,11,3,27,10.95,6.11,0,,,EoN(2014-01-14) Electricity Aq 1yr
830,Nightsaver,16,11,4,27,10.95,6.11,0,,,EoN(2014-01-14) Electricity Aq 1yr
830,Nightsaver,152,11,3,27,10.95,6.11,0,,,EoN(2014-01-14) Electricity Aq 1yr
830,Nightsaver,152,11,4,27,10.95,6.11,0,,,EoN(2014-01-14) Electricity Aq 1yr
830,Nightsaver,1,11,3,27,10.95,6.11,0,,,EoN(2014-01-14) Electricity Aq 1yr
830,Nightsaver,1,11,4,27,10.95,6.11,0,,,EoN(2014-01-14) Electricity Aq 1yr
830,Nightsaver,137,11,3,27,10.95,6.11,0,,,EoN(2014-01-14) Electricity Aq 1yr
830,Nightsaver,137,11,4,27,10.95,6.11,0,,,EoN(2014-01-14) Electricity Aq 1yr
830,Nightsaver,119,11,3,27,10.95,6.11,0,,,EoN(2014-01-14) Electricity Aq 1yr
830,Nightsaver,119,11,4,27,10.95,6.11,0,,,EoN(2014-01-14) Electricity Aq 1yr
830,Nightsaver,116,11,3,27,10.95,6.11,0,,,EoN(2014-01-14) Electricity Aq 1yr
830,Nightsaver,116,11,4,27,10.95,6.11,0,,,EoN(2014-01-14) Electricity Aq 1yr
831,Nightsaver,103,11,3,27,10.95,6.11,0,,,EoN(2014-01-14) Electricity Aq 1yr
831,Nightsaver,103,11,4,27,10.95,6.11,0,,,EoN(2014-01-14) Electricity Aq 1yr
831,Nightsaver,1,11,3,27,10.95,6.11,0,,,EoN(2014-01-14) Electricity Aq 1yr
831,Nightsaver,1,11,4,27,10.95,6.11,0,,,EoN(2014-01-14) Electricity Aq 1yr
830,Nightsaver,37,11,3,27,10.95,6.11,0,,,EoN(2014-01-14) Electricity Aq 1yr
830,Nightsaver,37,11,4,27,10.95,6.11,0,,,EoN(2014-01-14) Electricity Aq 1yr
111,Nightsaver,3,11,3,27,10.95,6.11,0,,,EoN(2014-01-14) Electricity Aq 1yr
111,Nightsaver,3,11,4,27,10.95,6.11,0,,,EoN(2014-01-14) Electricity Aq 1yr
543,Nightsaver,14,11,3,27,10.95,6.11,0,,,EoN(2014-01-14) Electricity Aq 1yr
543,Nightsaver,14,11,4,27,10.95,6.11,0,,,EoN(2014-01-14) Electricity Aq 1yr
543,Nightsaver,13,11,3,27,10.95,6.11,0,,,EoN(2014-01-14) Electricity Aq 1yr
543,Nightsaver,13,11,4,27,10.95,6.11,0,,,EoN(2014-01-14) Electricity Aq 1yr
543,Nightsaver,12,11,3,27,10.95,6.11,0,,,EoN(2014-01-14) Electricity Aq 1yr
543,Nightsaver,12,11,4,27,10.95,6.11,0,,,EoN(2014-01-14) Electricity Aq 1yr
543,Nightsaver,4,11,3,27,10.95,6.11,0,,,EoN(2014-01-14) Electricity Aq 1yr
543,Nightsaver,4,11,4,27,10.95,6.11,0,,,EoN(2014-01-14) Electricity Aq 1yr
111,Nightsaver,2,11,3,27,10.95,6.11,0,,,EoN(2014-01-14) Electricity Aq 1yr
111,Nightsaver,2,11,4,27,10.95,6.11,0,,,EoN(2014-01-14) Electricity Aq 1yr
543,Nightsaver,1,11,3,27,10.95,6.11,0,,,EoN(2014-01-14) Electricity Aq 1yr
543,Nightsaver,1,11,4,27,10.95,6.11,0,,,EoN(2014-01-14) Electricity Aq 1yr
543,Nightsaver,17,11,3,27,10.95,6.11,0,,,EoN(2014-01-14) Electricity Aq 1yr
543,Nightsaver,17,11,4,27,10.95,6.11,0,,,EoN(2014-01-14) Electricity Aq 1yr
654,Nightsaver,2,11,3,27,10.95,6.11,0,,,EoN(2014-01-14) Electricity Aq 1yr
654,Nightsaver,2,11,4,27,10.95,6.11,0,,,EoN(2014-01-14) Electricity Aq 1yr
107,Nightsaver,8,11,3,27,10.95,6.11,0,,,EoN(2014-01-14) Electricity Aq 1yr
107,Nightsaver,8,11,4,27,10.95,6.11,0,,,EoN(2014-01-14) Electricity Aq 1yr
549,Nightsaver,1,11,3,27,10.95,6.11,0,,,EoN(2014-01-14) Electricity Aq 1yr
549,Nightsaver,1,11,4,27,10.95,6.11,0,,,EoN(2014-01-14) Electricity Aq 1yr
549,Nightsaver,3,11,3,27,10.95,6.11,0,,,EoN(2014-01-14) Electricity Aq 1yr
549,Nightsaver,3,11,4,27,10.95,6.11,0,,,EoN(2014-01-14) Electricity Aq 1yr
549,Nightsaver,4,11,3,27,10.95,6.11,0,,,EoN(2014-01-14) Electricity Aq 1yr
549,Nightsaver,4,11,4,27,10.95,6.11,0,,,EoN(2014-01-14) Electricity Aq 1yr
543,Nightsaver,3,11,3,27,10.95,6.11,0,,,EoN(2014-01-14) Electricity Aq 1yr
543,Nightsaver,3,11,4,27,10.95,6.11,0,,,EoN(2014-01-14) Electricity Aq 1yr
543,Nightsaver,20,11,3,27,10.95,6.11,0,,,EoN(2014-01-14) Electricity Aq 1yr
543,Nightsaver,20,11,4,27,10.95,6.11,0,,,EoN(2014-01-14) Electricity Aq 1yr
543,Nightsaver,34,11,3,27,10.95,6.11,0,,,EoN(2014-01-14) Electricity Aq 1yr
543,Nightsaver,34,11,4,27,10.95,6.11,0,,,EoN(2014-01-14) Electricity Aq 1yr
543,Nightsaver,37,11,3,27,10.95,6.11,0,,,EoN(2014-01-14) Electricity Aq 1yr
543,Nightsaver,37,11,4,27,10.95,6.11,0,,,EoN(2014-01-14) Electricity Aq 1yr
543,Nightsaver,101,11,3,27,10.95,6.11,0,,,EoN(2014-01-14) Electricity Aq 1yr
543,Nightsaver,101,11,4,27,10.95,6.11,0,,,EoN(2014-01-14) Electricity Aq 1yr
549,Nightsaver,20,11,3,27,10.95,6.11,0,,,EoN(2014-01-14) Electricity Aq 1yr
549,Nightsaver,20,11,4,27,10.95,6.11,0,,,EoN(2014-01-14) Electricity Aq 1yr
543,Nightsaver,26,11,3,27,10.95,6.11,0,,,EoN(2014-01-14) Electricity Aq 1yr
543,Nightsaver,26,11,4,27,10.95,6.11,0,,,EoN(2014-01-14) Electricity Aq 1yr
107,Nightsaver,3,11,3,27,10.95,6.11,0,,,EoN(2014-01-14) Electricity Aq 1yr
107,Nightsaver,3,11,4,27,10.95,6.11,0,,,EoN(2014-01-14) Electricity Aq 1yr
649,Nightsaver,2,11,3,27,10.95,6.11,0,,,EoN(2014-01-14) Electricity Aq 1yr
649,Nightsaver,2,11,4,27,10.95,6.11,0,,,EoN(2014-01-14) Electricity Aq 1yr
543,Nightsaver,24,11,3,27,10.95,6.11,0,,,EoN(2014-01-14) Electricity Aq 1yr
543,Nightsaver,24,11,4,27,10.95,6.11,0,,,EoN(2014-01-14) Electricity Aq 1yr
543,Nightsaver,15,11,3,27,10.95,6.11,0,,,EoN(2014-01-14) Electricity Aq 1yr
543,Nightsaver,15,11,4,27,10.95,6.11,0,,,EoN(2014-01-14) Electricity Aq 1yr
543,Nightsaver,18,11,3,27,10.95,6.11,0,,,EoN(2014-01-14) Electricity Aq 1yr
543,Nightsaver,18,11,4,27,10.95,6.11,0,,,EoN(2014-01-14) Electricity Aq 1yr
151,Nightsaver,2,11,3,27,10.95,6.11,0,,,EoN(2014-01-14) Electricity Aq 1yr
151,Nightsaver,2,11,4,27,10.95,6.11,0,,,EoN(2014-01-14) Electricity Aq 1yr
151,Nightsaver,3,11,3,27,10.95,6.11,0,,,EoN(2014-01-14) Electricity Aq 1yr
151,Nightsaver,3,11,4,27,10.95,6.11,0,,,EoN(2014-01-14) Electricity Aq 1yr
151,Nightsaver,8,11,3,27,10.95,6.11,0,,,EoN(2014-01-14) Electricity Aq 1yr
151,Nightsaver,8,11,4,27,10.95,6.11,0,,,EoN(2014-01-14) Electricity Aq 1yr
111,Nightsaver,8,11,3,27,10.95,6.11,0,,,EoN(2014-01-14) Electricity Aq 1yr
111,Nightsaver,8,11,4,27,10.95,6.11,0,,,EoN(2014-01-14) Electricity Aq 1yr
543,Nightsaver,16,11,3,27,10.95,6.11,0,,,EoN(2014-01-14) Electricity Aq 1yr
543,Nightsaver,16,11,4,27,10.95,6.11,0,,,EoN(2014-01-14) Electricity Aq 1yr
543,Nightsaver,104,11,3,27,10.95,6.11,0,,,EoN(2014-01-14) Electricity Aq 1yr
543,Nightsaver,104,11,4,27,10.95,6.11,0,,,EoN(2014-01-14) Electricity Aq 1yr
543,Nightsaver,137,11,3,27,10.95,6.11,0,,,EoN(2014-01-14) Electricity Aq 1yr
543,Nightsaver,137,11,4,27,10.95,6.11,0,,,EoN(2014-01-14) Electricity Aq 1yr
549,Nightsaver,12,11,3,27,10.95,6.11,0,,,EoN(2014-01-14) Electricity Aq 1yr
549,Nightsaver,12,11,4,27,10.95,6.11,0,,,EoN(2014-01-14) Electricity Aq 1yr
609,Nightsaver,8,11,3,27,10.95,6.11,0,,,EoN(2014-01-14) Electricity Aq 1yr
609,Nightsaver,8,11,4,27,10.95,6.11,0,,,EoN(2014-01-14) Electricity Aq 1yr
549,Nightsaver,17,11,3,27,10.95,6.11,0,,,EoN(2014-01-14) Electricity Aq 1yr
549,Nightsaver,17,11,4,27,10.95,6.11,0,,,EoN(2014-01-14) Electricity Aq 1yr
609,Nightsaver,3,11,3,27,10.95,6.11,0,,,EoN(2014-01-14) Electricity Aq 1yr
609,Nightsaver,3,11,4,27,10.95,6.11,0,,,EoN(2014-01-14) Electricity Aq 1yr
609,Nightsaver,2,11,3,27,10.95,6.11,0,,,EoN(2014-01-14) Electricity Aq 1yr
609,Nightsaver,2,11,4,27,10.95,6.11,0,,,EoN(2014-01-14) Electricity Aq 1yr
614,Nightsaver,2,11,3,27,10.95,6.11,0,,,EoN(2014-01-14) Electricity Aq 1yr
614,Nightsaver,2,11,4,27,10.95,6.11,0,,,EoN(2014-01-14) Electricity Aq 1yr
614,Nightsaver,8,11,3,27,10.95,6.11,0,,,EoN(2014-01-14) Electricity Aq 1yr
614,Nightsaver,8,11,4,27,10.95,6.11,0,,,EoN(2014-01-14) Electricity Aq 1yr
549,Nightsaver,134,11,3,27,10.95,6.11,0,,,EoN(2014-01-14) Electricity Aq 1yr
549,Nightsaver,134,11,4,27,10.95,6.11,0,,,EoN(2014-01-14) Electricity Aq 1yr
147,Nightsaver,2,11,3,27,10.95,6.11,0,,,EoN(2014-01-14) Electricity Aq 1yr
147,Nightsaver,2,11,4,27,10.95,6.11,0,,,EoN(2014-01-14) Electricity Aq 1yr
549,Nightsaver,137,11,3,27,10.95,6.11,0,,,EoN(2014-01-14) Electricity Aq 1yr
549,Nightsaver,137,11,4,27,10.95,6.11,0,,,EoN(2014-01-14) Electricity Aq 1yr
543,Nightsaver,134,11,3,27,10.95,6.11,0,,,EoN(2014-01-14) Electricity Aq 1yr
543,Nightsaver,134,11,4,27,10.95,6.11,0,,,EoN(2014-01-14) Electricity Aq 1yr
543,Nightsaver,116,11,3,27,10.95,6.11,0,,,EoN(2014-01-14) Electricity Aq 1yr
543,Nightsaver,116,11,4,27,10.95,6.11,0,,,EoN(2014-01-14) Electricity Aq 1yr
649,Nightsaver,3,11,3,27,10.95,6.11,0,,,EoN(2014-01-14) Electricity Aq 1yr
649,Nightsaver,3,11,4,27,10.95,6.11,0,,,EoN(2014-01-14) Electricity Aq 1yr
649,Nightsaver,8,11,3,27,10.95,6.11,0,,,EoN(2014-01-14) Electricity Aq 1yr
649,Nightsaver,8,11,4,27,10.95,6.11,0,,,EoN(2014-01-14) Electricity Aq 1yr
147,Nightsaver,3,11,3,27,10.95,6.11,0,,,EoN(2014-01-14) Electricity Aq 1yr
147,Nightsaver,3,11,4,27,10.95,6.11,0,,,EoN(2014-01-14) Electricity Aq 1yr
147,Nightsaver,8,11,3,27,10.95,6.11,0,,,EoN(2014-01-14) Electricity Aq 1yr
147,Nightsaver,8,11,4,27,10.95,6.11,0,,,EoN(2014-01-14) Electricity Aq 1yr
543,Nightsaver,113,11,3,27,10.95,6.11,0,,,EoN(2014-01-14) Electricity Aq 1yr
543,Nightsaver,113,11,4,27,10.95,6.11,0,,,EoN(2014-01-14) Electricity Aq 1yr
614,Nightsaver,3,11,3,27,10.95,6.11,0,,,EoN(2014-01-14) Electricity Aq 1yr
614,Nightsaver,3,11,4,27,10.95,6.11,0,,,EoN(2014-01-14) Electricity Aq 1yr
549,Nightsaver,13,11,3,27,10.95,6.11,0,,,EoN(2014-01-14) Electricity Aq 1yr
549,Nightsaver,13,11,4,27,10.95,6.11,0,,,EoN(2014-01-14) Electricity Aq 1yr
654,Nightsaver,3,11,3,27,10.95,6.11,0,,,EoN(2014-01-14) Electricity Aq 1yr
654,Nightsaver,3,11,4,27,10.95,6.11,0,,,EoN(2014-01-14) Electricity Aq 1yr
549,Nightsaver,24,11,3,27,10.95,6.11,0,,,EoN(2014-01-14) Electricity Aq 1yr
549,Nightsaver,24,11,4,27,10.95,6.11,0,,,EoN(2014-01-14) Electricity Aq 1yr
549,Nightsaver,116,11,3,27,10.95,6.11,0,,,EoN(2014-01-14) Electricity Aq 1yr
549,Nightsaver,116,11,4,27,10.95,6.11,0,,,EoN(2014-01-14) Electricity Aq 1yr
549,Nightsaver,18,11,3,27,10.95,6.11,0,,,EoN(2014-01-14) Electricity Aq 1yr
549,Nightsaver,18,11,4,27,10.95,6.11,0,,,EoN(2014-01-14) Electricity Aq 1yr
549,Nightsaver,16,11,3,27,10.95,6.11,0,,,EoN(2014-01-14) Electricity Aq 1yr
549,Nightsaver,16,11,4,27,10.95,6.11,0,,,EoN(2014-01-14) Electricity Aq 1yr
654,Nightsaver,8,11,3,27,10.95,6.11,0,,,EoN(2014-01-14) Electricity Aq 1yr
654,Nightsaver,8,11,4,27,10.95,6.11,0,,,EoN(2014-01-14) Electricity Aq 1yr
549,Nightsaver,14,11,3,27,10.95,6.11,0,,,EoN(2014-01-14) Electricity Aq 1yr
549,Nightsaver,14,11,4,27,10.95,6.11,0,,,EoN(2014-01-14) Electricity Aq 1yr
549,Nightsaver,26,11,3,27,10.95,6.11,0,,,EoN(2014-01-14) Electricity Aq 1yr
549,Nightsaver,26,11,4,27,10.95,6.11,0,,,EoN(2014-01-14) Electricity Aq 1yr
107,Nightsaver,2,11,3,27,10.95,6.11,0,,,EoN(2014-01-14) Electricity Aq 1yr
107,Nightsaver,2,11,4,27,10.95,6.11,0,,,EoN(2014-01-14) Electricity Aq 1yr
549,Nightsaver,34,11,3,27,10.95,6.11,0,,,EoN(2014-01-14) Electricity Aq 1yr
549,Nightsaver,34,11,4,27,10.95,6.11,0,,,EoN(2014-01-14) Electricity Aq 1yr
549,Nightsaver,37,11,3,27,10.95,6.11,0,,,EoN(2014-01-14) Electricity Aq 1yr
549,Nightsaver,37,11,4,27,10.95,6.11,0,,,EoN(2014-01-14) Electricity Aq 1yr
549,Nightsaver,101,11,3,27,10.95,6.11,0,,,EoN(2014-01-14) Electricity Aq 1yr
549,Nightsaver,101,11,4,27,10.95,6.11,0,,,EoN(2014-01-14) Electricity Aq 1yr
549,Nightsaver,104,11,3,27,10.95,6.11,0,,,EoN(2014-01-14) Electricity Aq 1yr
549,Nightsaver,104,11,4,27,10.95,6.11,0,,,EoN(2014-01-14) Electricity Aq 1yr
549,Nightsaver,113,11,3,27,10.95,6.11,0,,,EoN(2014-01-14) Electricity Aq 1yr
549,Nightsaver,113,11,4,27,10.95,6.11,0,,,EoN(2014-01-14) Electricity Aq 1yr
549,Nightsaver,15,11,3,27,10.95,6.11,0,,,EoN(2014-01-14) Electricity Aq 1yr
549,Nightsaver,15,11,4,27,10.95,6.11,0,,,EoN(2014-01-14) Electricity Aq 1yr
814,Nightsaver,18,11,3,27,10.95,6.11,0,,,EoN(2014-01-14) Electricity Aq 1yr
814,Nightsaver,18,11,4,27,10.95,6.11,0,,,EoN(2014-01-14) Electricity Aq 1yr
814,Nightsaver,3,11,3,27,10.95,6.11,0,,,EoN(2014-01-14) Electricity Aq 1yr
814,Nightsaver,3,11,4,27,10.95,6.11,0,,,EoN(2014-01-14) Electricity Aq 1yr
814,Nightsaver,4,11,3,27,10.95,6.11,0,,,EoN(2014-01-14) Electricity Aq 1yr
814,Nightsaver,4,11,4,27,10.95,6.11,0,,,EoN(2014-01-14) Electricity Aq 1yr
814,Nightsaver,12,11,3,27,10.95,6.11,0,,,EoN(2014-01-14) Electricity Aq 1yr
814,Nightsaver,12,11,4,27,10.95,6.11,0,,,EoN(2014-01-14) Electricity Aq 1yr
814,Nightsaver,13,11,3,27,10.95,6.11,0,,,EoN(2014-01-14) Electricity Aq 1yr
814,Nightsaver,13,11,4,27,10.95,6.11,0,,,EoN(2014-01-14) Electricity Aq 1yr
815,Nightsaver,26,11,3,27,10.95,6.11,0,,,EoN(2014-01-14) Electricity Aq 1yr
815,Nightsaver,26,11,4,27,10.95,6.11,0,,,EoN(2014-01-14) Electricity Aq 1yr
814,Nightsaver,14,11,3,27,10.95,6.11,0,,,EoN(2014-01-14) Electricity Aq 1yr
814,Nightsaver,14,11,4,27,10.95,6.11,0,,,EoN(2014-01-14) Electricity Aq 1yr
814,Nightsaver,15,11,3,27,10.95,6.11,0,,,EoN(2014-01-14) Electricity Aq 1yr
814,Nightsaver,15,11,4,27,10.95,6.11,0,,,EoN(2014-01-14) Electricity Aq 1yr
814,Nightsaver,1,11,3,27,10.95,6.11,0,,,EoN(2014-01-14) Electricity Aq 1yr
814,Nightsaver,1,11,4,27,10.95,6.11,0,,,EoN(2014-01-14) Electricity Aq 1yr
814,Nightsaver,17,11,3,27,10.95,6.11,0,,,EoN(2014-01-14) Electricity Aq 1yr
814,Nightsaver,17,11,4,27,10.95,6.11,0,,,EoN(2014-01-14) Electricity Aq 1yr
814,Nightsaver,20,11,3,27,10.95,6.11,0,,,EoN(2014-01-14) Electricity Aq 1yr
814,Nightsaver,20,11,4,27,10.95,6.11,0,,,EoN(2014-01-14) Electricity Aq 1yr
814,Nightsaver,24,11,3,27,10.95,6.11,0,,,EoN(2014-01-14) Electricity Aq 1yr
814,Nightsaver,24,11,4,27,10.95,6.11,0,,,EoN(2014-01-14) Electricity Aq 1yr
814,Nightsaver,26,11,3,27,10.95,6.11,0,,,EoN(2014-01-14) Electricity Aq 1yr
814,Nightsaver,26,11,4,27,10.95,6.11,0,,,EoN(2014-01-14) Electricity Aq 1yr
814,Nightsaver,34,11,3,27,10.95,6.11,0,,,EoN(2014-01-14) Electricity Aq 1yr
814,Nightsaver,34,11,4,27,10.95,6.11,0,,,EoN(2014-01-14) Electricity Aq 1yr
814,Nightsaver,37,11,3,27,10.95,6.11,0,,,EoN(2014-01-14) Electricity Aq 1yr
814,Nightsaver,37,11,4,27,10.95,6.11,0,,,EoN(2014-01-14) Electricity Aq 1yr
814,Nightsaver,101,11,3,27,10.95,6.11,0,,,EoN(2014-01-14) Electricity Aq 1yr
814,Nightsaver,101,11,4,27,10.95,6.11,0,,,EoN(2014-01-14) Electricity Aq 1yr
814,Nightsaver,104,11,3,27,10.95,6.11,0,,,EoN(2014-01-14) Electricity Aq 1yr
814,Nightsaver,104,11,4,27,10.95,6.11,0,,,EoN(2014-01-14) Electricity Aq 1yr
814,Nightsaver,113,11,3,27,10.95,6.11,0,,,EoN(2014-01-14) Electricity Aq 1yr
814,Nightsaver,113,11,4,27,10.95,6.11,0,,,EoN(2014-01-14) Electricity Aq 1yr
814,Nightsaver,116,11,3,27,10.95,6.11,0,,,EoN(2014-01-14) Electricity Aq 1yr
814,Nightsaver,116,11,4,27,10.95,6.11,0,,,EoN(2014-01-14) Electricity Aq 1yr
814,Nightsaver,134,11,3,27,10.95,6.11,0,,,EoN(2014-01-14) Electricity Aq 1yr
814,Nightsaver,134,11,4,27,10.95,6.11,0,,,EoN(2014-01-14) Electricity Aq 1yr
814,Nightsaver,137,11,3,27,10.95,6.11,0,,,EoN(2014-01-14) Electricity Aq 1yr
814,Nightsaver,137,11,4,27,10.95,6.11,0,,,EoN(2014-01-14) Electricity Aq 1yr
814,Nightsaver,16,11,3,27,10.95,6.11,0,,,EoN(2014-01-14) Electricity Aq 1yr
814,Nightsaver,16,11,4,27,10.95,6.11,0,,,EoN(2014-01-14) Electricity Aq 1yr
815,Nightsaver,4,11,3,27,10.95,6.11,0,,,EoN(2014-01-14) Electricity Aq 1yr
815,Nightsaver,4,11,4,27,10.95,6.11,0,,,EoN(2014-01-14) Electricity Aq 1yr
815,Nightsaver,104,11,3,27,10.95,6.11,0,,,EoN(2014-01-14) Electricity Aq 1yr
815,Nightsaver,104,11,4,27,10.95,6.11,0,,,EoN(2014-01-14) Electricity Aq 1yr
815,Nightsaver,101,11,3,27,10.95,6.11,0,,,EoN(2014-01-14) Electricity Aq 1yr
815,Nightsaver,101,11,4,27,10.95,6.11,0,,,EoN(2014-01-14) Electricity Aq 1yr
815,Nightsaver,18,11,3,27,10.95,6.11,0,,,EoN(2014-01-14) Electricity Aq 1yr
815,Nightsaver,18,11,4,27,10.95,6.11,0,,,EoN(2014-01-14) Electricity Aq 1yr
815,Nightsaver,16,11,3,27,10.95,6.11,0,,,EoN(2014-01-14) Electricity Aq 1yr
815,Nightsaver,16,11,4,27,10.95,6.11,0,,,EoN(2014-01-14) Electricity Aq 1yr
815,Nightsaver,14,11,3,27,10.95,6.11,0,,,EoN(2014-01-14) Electricity Aq 1yr
815,Nightsaver,14,11,4,27,10.95,6.11,0,,,EoN(2014-01-14) Electricity Aq 1yr
815,Nightsaver,113,11,3,27,10.95,6.11,0,,,EoN(2014-01-14) Electricity Aq 1yr
815,Nightsaver,113,11,4,27,10.95,6.11,0,,,EoN(2014-01-14) Electricity Aq 1yr
815,Nightsaver,12,11,3,27,10.95,6.11,0,,,EoN(2014-01-14) Electricity Aq 1yr
815,Nightsaver,12,11,4,27,10.95,6.11,0,,,EoN(2014-01-14) Electricity Aq 1yr
815,Nightsaver,17,11,3,27,10.95,6.11,0,,,EoN(2014-01-14) Electricity Aq 1yr
815,Nightsaver,17,11,4,27,10.95,6.11,0,,,EoN(2014-01-14) Electricity Aq 1yr
815,Nightsaver,3,11,3,27,10.95,6.11,0,,,EoN(2014-01-14) Electricity Aq 1yr
815,Nightsaver,3,11,4,27,10.95,6.11,0,,,EoN(2014-01-14) Electricity Aq 1yr
815,Nightsaver,1,11,3,27,10.95,6.11,0,,,EoN(2014-01-14) Electricity Aq 1yr
815,Nightsaver,1,11,4,27,10.95,6.11,0,,,EoN(2014-01-14) Electricity Aq 1yr
815,Nightsaver,34,11,3,27,10.95,6.11,0,,,EoN(2014-01-14) Electricity Aq 1yr
815,Nightsaver,34,11,4,27,10.95,6.11,0,,,EoN(2014-01-14) Electricity Aq 1yr
815,Nightsaver,37,11,3,27,10.95,6.11,0,,,EoN(2014-01-14) Electricity Aq 1yr
815,Nightsaver,37,11,4,27,10.95,6.11,0,,,EoN(2014-01-14) Electricity Aq 1yr
815,Nightsaver,13,11,3,27,10.95,6.11,0,,,EoN(2014-01-14) Electricity Aq 1yr
815,Nightsaver,13,11,4,27,10.95,6.11,0,,,EoN(2014-01-14) Electricity Aq 1yr
815,Nightsaver,116,11,3,27,10.95,6.11,0,,,EoN(2014-01-14) Electricity Aq 1yr
815,Nightsaver,116,11,4,27,10.95,6.11,0,,,EoN(2014-01-14) Electricity Aq 1yr
815,Nightsaver,137,11,3,27,10.95,6.11,0,,,EoN(2014-01-14) Electricity Aq 1yr
815,Nightsaver,137,11,4,27,10.95,6.11,0,,,EoN(2014-01-14) Electricity Aq 1yr
815,Nightsaver,24,11,3,27,10.95,6.11,0,,,EoN(2014-01-14) Electricity Aq 1yr
815,Nightsaver,24,11,4,27,10.95,6.11,0,,,EoN(2014-01-14) Electricity Aq 1yr
815,Nightsaver,15,11,3,27,10.95,6.11,0,,,EoN(2014-01-14) Electricity Aq 1yr
815,Nightsaver,15,11,4,27,10.95,6.11,0,,,EoN(2014-01-14) Electricity Aq 1yr
815,Nightsaver,20,11,3,27,10.95,6.11,0,,,EoN(2014-01-14) Electricity Aq 1yr
815,Nightsaver,20,11,4,27,10.95,6.11,0,,,EoN(2014-01-14) Electricity Aq 1yr
815,Nightsaver,134,11,3,27,10.95,6.11,0,,,EoN(2014-01-14) Electricity Aq 1yr
815,Nightsaver,134,11,4,27,10.95,6.11,0,,,EoN(2014-01-14) Electricity Aq 1yr
548,Nightsaver,15,11,3,27,10.95,6.11,0,,,EoN(2014-01-14) Electricity Aq 1yr
548,Nightsaver,15,11,4,27,10.95,6.11,0,,,EoN(2014-01-14) Electricity Aq 1yr
608,Nightsaver,2,11,3,27,10.95,6.11,0,,,EoN(2014-01-14) Electricity Aq 1yr
608,Nightsaver,2,11,4,27,10.95,6.11,0,,,EoN(2014-01-14) Electricity Aq 1yr
548,Nightsaver,14,11,3,27,10.95,6.11,0,,,EoN(2014-01-14) Electricity Aq 1yr
548,Nightsaver,14,11,4,27,10.95,6.11,0,,,EoN(2014-01-14) Electricity Aq 1yr
648,Nightsaver,7,11,3,27,10.95,6.11,0,,,EoN(2014-01-14) Electricity Aq 1yr
648,Nightsaver,7,11,4,27,10.95,6.11,0,,,EoN(2014-01-14) Electricity Aq 1yr
548,Nightsaver,1,11,3,27,10.95,6.11,0,,,EoN(2014-01-14) Electricity Aq 1yr
548,Nightsaver,1,11,4,27,10.95,6.11,0,,,EoN(2014-01-14) Electricity Aq 1yr
608,Nightsaver,7,11,3,27,10.95,6.11,0,,,EoN(2014-01-14) Electricity Aq 1yr
608,Nightsaver,7,11,4,27,10.95,6.11,0,,,EoN(2014-01-14) Electricity Aq 1yr
653,Nightsaver,3,11,3,27,10.95,6.11,0,,,EoN(2014-01-14) Electricity Aq 1yr
653,Nightsaver,3,11,4,27,10.95,6.11,0,,,EoN(2014-01-14) Electricity Aq 1yr
653,Nightsaver,2,11,3,27,10.95,6.11,0,,,EoN(2014-01-14) Electricity Aq 1yr
653,Nightsaver,2,11,4,27,10.95,6.11,0,,,EoN(2014-01-14) Electricity Aq 1yr
548,Nightsaver,3,11,3,27,10.95,6.11,0,,,EoN(2014-01-14) Electricity Aq 1yr
548,Nightsaver,3,11,4,27,10.95,6.11,0,,,EoN(2014-01-14) Electricity Aq 1yr
548,Nightsaver,12,11,3,27,10.95,6.11,0,,,EoN(2014-01-14) Electricity Aq 1yr
548,Nightsaver,12,11,4,27,10.95,6.11,0,,,EoN(2014-01-14) Electricity Aq 1yr
548,Nightsaver,13,11,3,27,10.95,6.11,0,,,EoN(2014-01-14) Electricity Aq 1yr
548,Nightsaver,13,11,4,27,10.95,6.11,0,,,EoN(2014-01-14) Electricity Aq 1yr
608,Nightsaver,3,11,3,27,10.95,6.11,0,,,EoN(2014-01-14) Electricity Aq 1yr
608,Nightsaver,3,11,4,27,10.95,6.11,0,,,EoN(2014-01-14) Electricity Aq 1yr
542,Nightsaver,134,11,3,27,10.95,6.11,0,,,EoN(2014-01-14) Electricity Aq 1yr
542,Nightsaver,134,11,4,27,10.95,6.11,0,,,EoN(2014-01-14) Electricity Aq 1yr
110,Nightsaver,7,11,3,27,10.95,6.11,0,,,EoN(2014-01-14) Electricity Aq 1yr
110,Nightsaver,7,11,4,27,10.95,6.11,0,,,EoN(2014-01-14) Electricity Aq 1yr
653,Nightsaver,7,11,3,27,10.95,6.11,0,,,EoN(2014-01-14) Electricity Aq 1yr
653,Nightsaver,7,11,4,27,10.95,6.11,0,,,EoN(2014-01-14) Electricity Aq 1yr
542,Nightsaver,34,11,3,27,10.95,6.11,0,,,EoN(2014-01-14) Electricity Aq 1yr
542,Nightsaver,34,11,4,27,10.95,6.11,0,,,EoN(2014-01-14) Electricity Aq 1yr
542,Nightsaver,37,11,3,27,10.95,6.11,0,,,EoN(2014-01-14) Electricity Aq 1yr
542,Nightsaver,37,11,4,27,10.95,6.11,0,,,EoN(2014-01-14) Electricity Aq 1yr
542,Nightsaver,40,11,3,27,10.95,6.11,0,,,EoN(2014-01-14) Electricity Aq 1yr
542,Nightsaver,40,11,4,27,10.95,6.11,0,,,EoN(2014-01-14) Electricity Aq 1yr
542,Nightsaver,101,11,3,27,10.95,6.11,0,,,EoN(2014-01-14) Electricity Aq 1yr
542,Nightsaver,101,11,4,27,10.95,6.11,0,,,EoN(2014-01-14) Electricity Aq 1yr
542,Nightsaver,103,11,3,27,10.95,6.11,0,,,EoN(2014-01-14) Electricity Aq 1yr
542,Nightsaver,103,11,4,27,10.95,6.11,0,,,EoN(2014-01-14) Electricity Aq 1yr
110,Nightsaver,3,11,3,27,10.95,6.11,0,,,EoN(2014-01-14) Electricity Aq 1yr
110,Nightsaver,3,11,4,27,10.95,6.11,0,,,EoN(2014-01-14) Electricity Aq 1yr
542,Nightsaver,119,11,3,27,10.95,6.11,0,,,EoN(2014-01-14) Electricity Aq 1yr
542,Nightsaver,119,11,4,27,10.95,6.11,0,,,EoN(2014-01-14) Electricity Aq 1yr
110,Nightsaver,1,11,3,27,10.95,6.11,0,,,EoN(2014-01-14) Electricity Aq 1yr
110,Nightsaver,1,11,4,27,10.95,6.11,0,,,EoN(2014-01-14) Electricity Aq 1yr
542,Nightsaver,140,11,3,27,10.95,6.11,0,,,EoN(2014-01-14) Electricity Aq 1yr
542,Nightsaver,140,11,4,27,10.95,6.11,0,,,EoN(2014-01-14) Electricity Aq 1yr
146,Nightsaver,1,11,3,27,10.95,6.11,0,,,EoN(2014-01-14) Electricity Aq 1yr
146,Nightsaver,1,11,4,27,10.95,6.11,0,,,EoN(2014-01-14) Electricity Aq 1yr
106,Nightsaver,2,11,3,27,10.95,6.11,0,,,EoN(2014-01-14) Electricity Aq 1yr
106,Nightsaver,2,11,4,27,10.95,6.11,0,,,EoN(2014-01-14) Electricity Aq 1yr
106,Nightsaver,3,11,3,27,10.95,6.11,0,,,EoN(2014-01-14) Electricity Aq 1yr
106,Nightsaver,3,11,4,27,10.95,6.11,0,,,EoN(2014-01-14) Electricity Aq 1yr
106,Nightsaver,7,11,3,27,10.95,6.11,0,,,EoN(2014-01-14) Electricity Aq 1yr
106,Nightsaver,7,11,4,27,10.95,6.11,0,,,EoN(2014-01-14) Electricity Aq 1yr
146,Nightsaver,2,11,3,27,10.95,6.11,0,,,EoN(2014-01-14) Electricity Aq 1yr
146,Nightsaver,2,11,4,27,10.95,6.11,0,,,EoN(2014-01-14) Electricity Aq 1yr
146,Nightsaver,3,11,3,27,10.95,6.11,0,,,EoN(2014-01-14) Electricity Aq 1yr
146,Nightsaver,3,11,4,27,10.95,6.11,0,,,EoN(2014-01-14) Electricity Aq 1yr
146,Nightsaver,7,11,3,27,10.95,6.11,0,,,EoN(2014-01-14) Electricity Aq 1yr
146,Nightsaver,7,11,4,27,10.95,6.11,0,,,EoN(2014-01-14) Electricity Aq 1yr
542,Nightsaver,113,11,3,27,10.95,6.11,0,,,EoN(2014-01-14) Electricity Aq 1yr
542,Nightsaver,113,11,4,27,10.95,6.11,0,,,EoN(2014-01-14) Electricity Aq 1yr
548,Nightsaver,103,11,3,27,10.95,6.11,0,,,EoN(2014-01-14) Electricity Aq 1yr
548,Nightsaver,103,11,4,27,10.95,6.11,0,,,EoN(2014-01-14) Electricity Aq 1yr
548,Nightsaver,19,11,3,27,10.95,6.11,0,,,EoN(2014-01-14) Electricity Aq 1yr
548,Nightsaver,19,11,4,27,10.95,6.11,0,,,EoN(2014-01-14) Electricity Aq 1yr
548,Nightsaver,21,11,3,27,10.95,6.11,0,,,EoN(2014-01-14) Electricity Aq 1yr
548,Nightsaver,21,11,4,27,10.95,6.11,0,,,EoN(2014-01-14) Electricity Aq 1yr
548,Nightsaver,23,11,3,27,10.95,6.11,0,,,EoN(2014-01-14) Electricity Aq 1yr
548,Nightsaver,23,11,4,27,10.95,6.11,0,,,EoN(2014-01-14) Electricity Aq 1yr
548,Nightsaver,27,11,3,27,10.95,6.11,0,,,EoN(2014-01-14) Electricity Aq 1yr
548,Nightsaver,27,11,4,27,10.95,6.11,0,,,EoN(2014-01-14) Electricity Aq 1yr
548,Nightsaver,29,11,3,27,10.95,6.11,0,,,EoN(2014-01-14) Electricity Aq 1yr
548,Nightsaver,29,11,4,27,10.95,6.11,0,,,EoN(2014-01-14) Electricity Aq 1yr
548,Nightsaver,34,11,3,27,10.95,6.11,0,,,EoN(2014-01-14) Electricity Aq 1yr
548,Nightsaver,34,11,4,27,10.95,6.11,0,,,EoN(2014-01-14) Electricity Aq 1yr
542,Nightsaver,21,11,3,27,10.95,6.11,0,,,EoN(2014-01-14) Electricity Aq 1yr
542,Nightsaver,21,11,4,27,10.95,6.11,0,,,EoN(2014-01-14) Electricity Aq 1yr
548,Nightsaver,37,11,3,27,10.95,6.11,0,,,EoN(2014-01-14) Electricity Aq 1yr
548,Nightsaver,37,11,4,27,10.95,6.11,0,,,EoN(2014-01-14) Electricity Aq 1yr
150,Nightsaver,2,11,3,27,10.95,6.11,0,,,EoN(2014-01-14) Electricity Aq 1yr
150,Nightsaver,2,11,4,27,10.95,6.11,0,,,EoN(2014-01-14) Electricity Aq 1yr
548,Nightsaver,101,11,3,27,10.95,6.11,0,,,EoN(2014-01-14) Electricity Aq 1yr
548,Nightsaver,101,11,4,27,10.95,6.11,0,,,EoN(2014-01-14) Electricity Aq 1yr
110,Nightsaver,2,11,3,27,10.95,6.11,0,,,EoN(2014-01-14) Electricity Aq 1yr
110,Nightsaver,2,11,4,27,10.95,6.11,0,,,EoN(2014-01-14) Electricity Aq 1yr
548,Nightsaver,113,11,3,27,10.95,6.11,0,,,EoN(2014-01-14) Electricity Aq 1yr
548,Nightsaver,113,11,4,27,10.95,6.11,0,,,EoN(2014-01-14) Electricity Aq 1yr
548,Nightsaver,119,11,3,27,10.95,6.11,0,,,EoN(2014-01-14) Electricity Aq 1yr
548,Nightsaver,119,11,4,27,10.95,6.11,0,,,EoN(2014-01-14) Electricity Aq 1yr
548,Nightsaver,134,11,3,27,10.95,6.11,0,,,EoN(2014-01-14) Electricity Aq 1yr
548,Nightsaver,134,11,4,27,10.95,6.11,0,,,EoN(2014-01-14) Electricity Aq 1yr
548,Nightsaver,140,11,3,27,10.95,6.11,0,,,EoN(2014-01-14) Electricity Aq 1yr
548,Nightsaver,140,11,4,27,10.95,6.11,0,,,EoN(2014-01-14) Electricity Aq 1yr
542,Nightsaver,23,11,3,27,10.95,6.11,0,,,EoN(2014-01-14) Electricity Aq 1yr
542,Nightsaver,23,11,4,27,10.95,6.11,0,,,EoN(2014-01-14) Electricity Aq 1yr
542,Nightsaver,27,11,3,27,10.95,6.11,0,,,EoN(2014-01-14) Electricity Aq 1yr
542,Nightsaver,27,11,4,27,10.95,6.11,0,,,EoN(2014-01-14) Electricity Aq 1yr
542,Nightsaver,29,11,3,27,10.95,6.11,0,,,EoN(2014-01-14) Electricity Aq 1yr
542,Nightsaver,29,11,4,27,10.95,6.11,0,,,EoN(2014-01-14) Electricity Aq 1yr
548,Nightsaver,17,11,3,27,10.95,6.11,0,,,EoN(2014-01-14) Electricity Aq 1yr
548,Nightsaver,17,11,4,27,10.95,6.11,0,,,EoN(2014-01-14) Electricity Aq 1yr
548,Nightsaver,40,11,3,27,10.95,6.11,0,,,EoN(2014-01-14) Electricity Aq 1yr
548,Nightsaver,40,11,4,27,10.95,6.11,0,,,EoN(2014-01-14) Electricity Aq 1yr
613,Nightsaver,7,11,3,27,10.95,6.11,0,,,EoN(2014-01-14) Electricity Aq 1yr
613,Nightsaver,7,11,4,27,10.95,6.11,0,,,EoN(2014-01-14) Electricity Aq 1yr
542,Nightsaver,19,11,3,27,10.95,6.11,0,,,EoN(2014-01-14) Electricity Aq 1yr
542,Nightsaver,19,11,4,27,10.95,6.11,0,,,EoN(2014-01-14) Electricity Aq 1yr
542,Nightsaver,17,11,3,27,10.95,6.11,0,,,EoN(2014-01-14) Electricity Aq 1yr
542,Nightsaver,17,11,4,27,10.95,6.11,0,,,EoN(2014-01-14) Electricity Aq 1yr
542,Nightsaver,15,11,3,27,10.95,6.11,0,,,EoN(2014-01-14) Electricity Aq 1yr
542,Nightsaver,15,11,4,27,10.95,6.11,0,,,EoN(2014-01-14) Electricity Aq 1yr
542,Nightsaver,14,11,3,27,10.95,6.11,0,,,EoN(2014-01-14) Electricity Aq 1yr
542,Nightsaver,14,11,4,27,10.95,6.11,0,,,EoN(2014-01-14) Electricity Aq 1yr
150,Nightsaver,3,11,3,27,10.95,6.11,0,,,EoN(2014-01-14) Electricity Aq 1yr
150,Nightsaver,3,11,4,27,10.95,6.11,0,,,EoN(2014-01-14) Electricity Aq 1yr
542,Nightsaver,13,11,3,27,10.95,6.11,0,,,EoN(2014-01-14) Electricity Aq 1yr
542,Nightsaver,13,11,4,27,10.95,6.11,0,,,EoN(2014-01-14) Electricity Aq 1yr
542,Nightsaver,12,11,3,27,10.95,6.11,0,,,EoN(2014-01-14) Electricity Aq 1yr
542,Nightsaver,12,11,4,27,10.95,6.11,0,,,EoN(2014-01-14) Electricity Aq 1yr
542,Nightsaver,3,11,3,27,10.95,6.11,0,,,EoN(2014-01-14) Electricity Aq 1yr
542,Nightsaver,3,11,4,27,10.95,6.11,0,,,EoN(2014-01-14) Electricity Aq 1yr
542,Nightsaver,1,11,3,27,10.95,6.11,0,,,EoN(2014-01-14) Electricity Aq 1yr
542,Nightsaver,1,11,4,27,10.95,6.11,0,,,EoN(2014-01-14) Electricity Aq 1yr
648,Nightsaver,2,11,3,27,10.95,6.11,0,,,EoN(2014-01-14) Electricity Aq 1yr
648,Nightsaver,2,11,4,27,10.95,6.11,0,,,EoN(2014-01-14) Electricity Aq 1yr
613,Nightsaver,3,11,3,27,10.95,6.11,0,,,EoN(2014-01-14) Electricity Aq 1yr
613,Nightsaver,3,11,4,27,10.95,6.11,0,,,EoN(2014-01-14) Electricity Aq 1yr
648,Nightsaver,3,11,3,27,10.95,6.11,0,,,EoN(2014-01-14) Electricity Aq 1yr
648,Nightsaver,3,11,4,27,10.95,6.11,0,,,EoN(2014-01-14) Electricity Aq 1yr
150,Nightsaver,7,11,3,27,10.95,6.11,0,,,EoN(2014-01-14) Electricity Aq 1yr
150,Nightsaver,7,11,4,27,10.95,6.11,0,,,EoN(2014-01-14) Electricity Aq 1yr
613,Nightsaver,2,11,3,27,10.95,6.11,0,,,EoN(2014-01-14) Electricity Aq 1yr
613,Nightsaver,2,11,4,27,10.95,6.11,0,,,EoN(2014-01-14) Electricity Aq 1yr
831,Nightsaver,52,11,3,27,10.95,6.11,0,,,EoN(2014-01-14) Electricity Aq 1yr
831,Nightsaver,52,11,4,27,10.95,6.11,0,,,EoN(2014-01-14) Electricity Aq 1yr
831,Nightsaver,140,11,3,27,10.95,6.11,0,,,EoN(2014-01-14) Electricity Aq 1yr
831,Nightsaver,140,11,4,27,10.95,6.11,0,,,EoN(2014-01-14) Electricity Aq 1yr
831,Nightsaver,137,11,3,27,10.95,6.11,0,,,EoN(2014-01-14) Electricity Aq 1yr
831,Nightsaver,137,11,4,27,10.95,6.11,0,,,EoN(2014-01-14) Electricity Aq 1yr
831,Nightsaver,119,11,3,27,10.95,6.11,0,,,EoN(2014-01-14) Electricity Aq 1yr
831,Nightsaver,119,11,4,27,10.95,6.11,0,,,EoN(2014-01-14) Electricity Aq 1yr
831,Nightsaver,116,11,3,27,10.95,6.11,0,,,EoN(2014-01-14) Electricity Aq 1yr
831,Nightsaver,116,11,4,27,10.95,6.11,0,,,EoN(2014-01-14) Electricity Aq 1yr
831,Nightsaver,113,11,3,27,10.95,6.11,0,,,EoN(2014-01-14) Electricity Aq 1yr
831,Nightsaver,113,11,4,27,10.95,6.11,0,,,EoN(2014-01-14) Electricity Aq 1yr
830,Nightsaver,113,11,3,27,10.95,6.11,0,,,EoN(2014-01-14) Electricity Aq 1yr
830,Nightsaver,113,11,4,27,10.95,6.11,0,,,EoN(2014-01-14) Electricity Aq 1yr
831,Nightsaver,101,11,3,27,10.95,6.11,0,,,EoN(2014-01-14) Electricity Aq 1yr
831,Nightsaver,101,11,4,27,10.95,6.11,0,,,EoN(2014-01-14) Electricity Aq 1yr
830,Nightsaver,116,11,3,27,10.95,6.11,0,,,EoN(2014-01-14) Electricity Aq 1yr
830,Nightsaver,116,11,4,27,10.95,6.11,0,,,EoN(2014-01-14) Electricity Aq 1yr
831,Nightsaver,40,11,3,27,10.95,6.11,0,,,EoN(2014-01-14) Electricity Aq 1yr
831,Nightsaver,40,11,4,27,10.95,6.11,0,,,EoN(2014-01-14) Electricity Aq 1yr
831,Nightsaver,37,11,3,27,10.95,6.11,0,,,EoN(2014-01-14) Electricity Aq 1yr
831,Nightsaver,37,11,4,27,10.95,6.11,0,,,EoN(2014-01-14) Electricity Aq 1yr
831,Nightsaver,37,11,3,27,10.95,6.11,0,,,EoN(2014-01-14) Electricity Aq 1yr
831,Nightsaver,37,11,4,27,10.95,6.11,0,,,EoN(2014-01-14) Electricity Aq 1yr
831,Nightsaver,19,11,3,27,10.95,6.11,0,,,EoN(2014-01-14) Electricity Aq 1yr
831,Nightsaver,19,11,4,27,10.95,6.11,0,,,EoN(2014-01-14) Electricity Aq 1yr
831,Nightsaver,16,11,3,27,10.95,6.11,0,,,EoN(2014-01-14) Electricity Aq 1yr
831,Nightsaver,16,11,4,27,10.95,6.11,0,,,EoN(2014-01-14) Electricity Aq 1yr
831,Nightsaver,13,11,3,27,10.95,6.11,0,,,EoN(2014-01-14) Electricity Aq 1yr
831,Nightsaver,13,11,4,27,10.95,6.11,0,,,EoN(2014-01-14) Electricity Aq 1yr
831,Nightsaver,3,11,3,27,10.95,6.11,0,,,EoN(2014-01-14) Electricity Aq 1yr
831,Nightsaver,3,11,4,27,10.95,6.11,0,,,EoN(2014-01-14) Electricity Aq 1yr
831,Nightsaver,103,11,3,27,10.95,6.11,0,,,EoN(2014-01-14) Electricity Aq 1yr
831,Nightsaver,103,11,4,27,10.95,6.11,0,,,EoN(2014-01-14) Electricity Aq 1yr
830,Nightsaver,19,11,3,27,10.95,6.11,0,,,EoN(2014-01-14) Electricity Aq 1yr
830,Nightsaver,19,11,4,27,10.95,6.11,0,,,EoN(2014-01-14) Electricity Aq 1yr
830,Nightsaver,152,11,3,27,10.95,6.11,0,,,EoN(2014-01-14) Electricity Aq 1yr
830,Nightsaver,152,11,4,27,10.95,6.11,0,,,EoN(2014-01-14) Electricity Aq 1yr
830,Nightsaver,101,11,3,27,10.95,6.11,0,,,EoN(2014-01-14) Electricity Aq 1yr
830,Nightsaver,101,11,4,27,10.95,6.11,0,,,EoN(2014-01-14) Electricity Aq 1yr
830,Nightsaver,52,11,3,27,10.95,6.11,0,,,EoN(2014-01-14) Electricity Aq 1yr
830,Nightsaver,52,11,4,27,10.95,6.11,0,,,EoN(2014-01-14) Electricity Aq 1yr
830,Nightsaver,40,11,3,27,10.95,6.11,0,,,EoN(2014-01-14) Electricity Aq 1yr
830,Nightsaver,40,11,4,27,10.95,6.11,0,,,EoN(2014-01-14) Electricity Aq 1yr
830,Nightsaver,37,11,3,27,10.95,6.11,0,,,EoN(2014-01-14) Electricity Aq 1yr
830,Nightsaver,37,11,4,27,10.95,6.11,0,,,EoN(2014-01-14) Electricity Aq 1yr
831,Nightsaver,152,11,3,27,10.95,6.11,0,,,EoN(2014-01-14) Electricity Aq 1yr
831,Nightsaver,152,11,4,27,10.95,6.11,0,,,EoN(2014-01-14) Electricity Aq 1yr
831,Nightsaver,1,11,3,27,10.95,6.11,0,,,EoN(2014-01-14) Electricity Aq 1yr
831,Nightsaver,1,11,4,27,10.95,6.11,0,,,EoN(2014-01-14) Electricity Aq 1yr
830,Nightsaver,140,11,3,27,10.95,6.11,0,,,EoN(2014-01-14) Electricity Aq 1yr
830,Nightsaver,140,11,4,27,10.95,6.11,0,,,EoN(2014-01-14) Electricity Aq 1yr
830,Nightsaver,16,11,3,27,10.95,6.11,0,,,EoN(2014-01-14) Electricity Aq 1yr
830,Nightsaver,16,11,4,27,10.95,6.11,0,,,EoN(2014-01-14) Electricity Aq 1yr
830,Nightsaver,13,11,3,27,10.95,6.11,0,,,EoN(2014-01-14) Electricity Aq 1yr
830,Nightsaver,13,11,4,27,10.95,6.11,0,,,EoN(2014-01-14) Electricity Aq 1yr
830,Nightsaver,3,11,3,27,10.95,6.11,0,,,EoN(2014-01-14) Electricity Aq 1yr
830,Nightsaver,3,11,4,27,10.95,6.11,0,,,EoN(2014-01-14) Electricity Aq 1yr
830,Nightsaver,1,11,3,27,10.95,6.11,0,,,EoN(2014-01-14) Electricity Aq 1yr
830,Nightsaver,1,11,4,27,10.95,6.11,0,,,EoN(2014-01-14) Electricity Aq 1yr
830,Nightsaver,103,11,3,27,10.95,6.11,0,,,EoN(2014-01-14) Electricity Aq 1yr
830,Nightsaver,103,11,4,27,10.95,6.11,0,,,EoN(2014-01-14) Electricity Aq 1yr
830,Nightsaver,137,11,3,27,10.95,6.11,0,,,EoN(2014-01-14) Electricity Aq 1yr
830,Nightsaver,137,11,4,27,10.95,6.11,0,,,EoN(2014-01-14) Electricity Aq 1yr
830,Nightsaver,119,11,3,27,10.95,6.11,0,,,EoN(2014-01-14) Electricity Aq 1yr
830,Nightsaver,119,11,4,27,10.95,6.11,0,,,EoN(2014-01-14) Electricity Aq 1yr
830,Nightsaver,37,11,3,27,10.95,6.11,0,,,EoN(2014-01-14) Electricity Aq 1yr
830,Nightsaver,37,11,4,27,10.95,6.11,0,,,EoN(2014-01-14) Electricity Aq 1yr
548,Nightsaver,23,11,3,27,10.95,6.11,0,,,EoN(2014-01-14) Electricity Aq 1yr
548,Nightsaver,23,11,4,27,10.95,6.11,0,,,EoN(2014-01-14) Electricity Aq 1yr
548,Nightsaver,140,11,3,27,10.95,6.11,0,,,EoN(2014-01-14) Electricity Aq 1yr
548,Nightsaver,140,11,4,27,10.95,6.11,0,,,EoN(2014-01-14) Electricity Aq 1yr
548,Nightsaver,134,11,3,27,10.95,6.11,0,,,EoN(2014-01-14) Electricity Aq 1yr
548,Nightsaver,134,11,4,27,10.95,6.11,0,,,EoN(2014-01-14) Electricity Aq 1yr
542,Nightsaver,113,11,3,27,10.95,6.11,0,,,EoN(2014-01-14) Electricity Aq 1yr
542,Nightsaver,113,11,4,27,10.95,6.11,0,,,EoN(2014-01-14) Electricity Aq 1yr
548,Nightsaver,113,11,3,27,10.95,6.11,0,,,EoN(2014-01-14) Electricity Aq 1yr
548,Nightsaver,113,11,4,27,10.95,6.11,0,,,EoN(2014-01-14) Electricity Aq 1yr
548,Nightsaver,103,11,3,27,10.95,6.11,0,,,EoN(2014-01-14) Electricity Aq 1yr
548,Nightsaver,103,11,4,27,10.95,6.11,0,,,EoN(2014-01-14) Electricity Aq 1yr
106,Nightsaver,3,11,3,27,10.95,6.11,0,,,EoN(2014-01-14) Electricity Aq 1yr
106,Nightsaver,3,11,4,27,10.95,6.11,0,,,EoN(2014-01-14) Electricity Aq 1yr
106,Nightsaver,7,11,3,27,10.95,6.11,0,,,EoN(2014-01-14) Electricity Aq 1yr
106,Nightsaver,7,11,4,27,10.95,6.11,0,,,EoN(2014-01-14) Electricity Aq 1yr
548,Nightsaver,101,11,3,27,10.95,6.11,0,,,EoN(2014-01-14) Electricity Aq 1yr
548,Nightsaver,101,11,4,27,10.95,6.11,0,,,EoN(2014-01-14) Electricity Aq 1yr
548,Nightsaver,40,11,3,27,10.95,6.11,0,,,EoN(2014-01-14) Electricity Aq 1yr
548,Nightsaver,40,11,4,27,10.95,6.11,0,,,EoN(2014-01-14) Electricity Aq 1yr
548,Nightsaver,37,11,3,27,10.95,6.11,0,,,EoN(2014-01-14) Electricity Aq 1yr
548,Nightsaver,37,11,4,27,10.95,6.11,0,,,EoN(2014-01-14) Electricity Aq 1yr
548,Nightsaver,34,11,3,27,10.95,6.11,0,,,EoN(2014-01-14) Electricity Aq 1yr
548,Nightsaver,34,11,4,27,10.95,6.11,0,,,EoN(2014-01-14) Electricity Aq 1yr
542,Nightsaver,101,11,3,27,10.95,6.11,0,,,EoN(2014-01-14) Electricity Aq 1yr
542,Nightsaver,101,11,4,27,10.95,6.11,0,,,EoN(2014-01-14) Electricity Aq 1yr
548,Nightsaver,27,11,3,27,10.95,6.11,0,,,EoN(2014-01-14) Electricity Aq 1yr
548,Nightsaver,27,11,4,27,10.95,6.11,0,,,EoN(2014-01-14) Electricity Aq 1yr
542,Nightsaver,40,11,3,27,10.95,6.11,0,,,EoN(2014-01-14) Electricity Aq 1yr
542,Nightsaver,40,11,4,27,10.95,6.11,0,,,EoN(2014-01-14) Electricity Aq 1yr
548,Nightsaver,21,11,3,27,10.95,6.11,0,,,EoN(2014-01-14) Electricity Aq 1yr
548,Nightsaver,21,11,4,27,10.95,6.11,0,,,EoN(2014-01-14) Electricity Aq 1yr
548,Nightsaver,19,11,3,27,10.95,6.11,0,,,EoN(2014-01-14) Electricity Aq 1yr
548,Nightsaver,19,11,4,27,10.95,6.11,0,,,EoN(2014-01-14) Electricity Aq 1yr
548,Nightsaver,17,11,3,27,10.95,6.11,0,,,EoN(2014-01-14) Electricity Aq 1yr
548,Nightsaver,17,11,4,27,10.95,6.11,0,,,EoN(2014-01-14) Electricity Aq 1yr
548,Nightsaver,15,11,3,27,10.95,6.11,0,,,EoN(2014-01-14) Electricity Aq 1yr
548,Nightsaver,15,11,4,27,10.95,6.11,0,,,EoN(2014-01-14) Electricity Aq 1yr
548,Nightsaver,14,11,3,27,10.95,6.11,0,,,EoN(2014-01-14) Electricity Aq 1yr
548,Nightsaver,14,11,4,27,10.95,6.11,0,,,EoN(2014-01-14) Electricity Aq 1yr
548,Nightsaver,13,11,3,27,10.95,6.11,0,,,EoN(2014-01-14) Electricity Aq 1yr
548,Nightsaver,13,11,4,27,10.95,6.11,0,,,EoN(2014-01-14) Electricity Aq 1yr
548,Nightsaver,12,11,3,27,10.95,6.11,0,,,EoN(2014-01-14) Electricity Aq 1yr
548,Nightsaver,12,11,4,27,10.95,6.11,0,,,EoN(2014-01-14) Electricity Aq 1yr
548,Nightsaver,3,11,3,27,10.95,6.11,0,,,EoN(2014-01-14) Electricity Aq 1yr
548,Nightsaver,3,11,4,27,10.95,6.11,0,,,EoN(2014-01-14) Electricity Aq 1yr
548,Nightsaver,1,11,3,27,10.95,6.11,0,,,EoN(2014-01-14) Electricity Aq 1yr
548,Nightsaver,1,11,4,27,10.95,6.11,0,,,EoN(2014-01-14) Electricity Aq 1yr
542,Nightsaver,119,11,3,27,10.95,6.11,0,,,EoN(2014-01-14) Electricity Aq 1yr
542,Nightsaver,119,11,4,27,10.95,6.11,0,,,EoN(2014-01-14) Electricity Aq 1yr
542,Nightsaver,134,11,3,27,10.95,6.11,0,,,EoN(2014-01-14) Electricity Aq 1yr
542,Nightsaver,134,11,4,27,10.95,6.11,0,,,EoN(2014-01-14) Electricity Aq 1yr
542,Nightsaver,140,11,3,27,10.95,6.11,0,,,EoN(2014-01-14) Electricity Aq 1yr
542,Nightsaver,140,11,4,27,10.95,6.11,0,,,EoN(2014-01-14) Electricity Aq 1yr
548,Nightsaver,29,11,3,27,10.95,6.11,0,,,EoN(2014-01-14) Electricity Aq 1yr
548,Nightsaver,29,11,4,27,10.95,6.11,0,,,EoN(2014-01-14) Electricity Aq 1yr
542,Nightsaver,3,11,3,27,10.95,6.11,0,,,EoN(2014-01-14) Electricity Aq 1yr
542,Nightsaver,3,11,4,27,10.95,6.11,0,,,EoN(2014-01-14) Electricity Aq 1yr
608,Nightsaver,2,11,3,27,10.95,6.11,0,,,EoN(2014-01-14) Electricity Aq 1yr
608,Nightsaver,2,11,4,27,10.95,6.11,0,,,EoN(2014-01-14) Electricity Aq 1yr
146,Nightsaver,3,11,3,27,10.95,6.11,0,,,EoN(2014-01-14) Electricity Aq 1yr
146,Nightsaver,3,11,4,27,10.95,6.11,0,,,EoN(2014-01-14) Electricity Aq 1yr
542,Nightsaver,29,11,3,27,10.95,6.11,0,,,EoN(2014-01-14) Electricity Aq 1yr
542,Nightsaver,29,11,4,27,10.95,6.11,0,,,EoN(2014-01-14) Electricity Aq 1yr
542,Nightsaver,27,11,3,27,10.95,6.11,0,,,EoN(2014-01-14) Electricity Aq 1yr
542,Nightsaver,27,11,4,27,10.95,6.11,0,,,EoN(2014-01-14) Electricity Aq 1yr
542,Nightsaver,23,11,3,27,10.95,6.11,0,,,EoN(2014-01-14) Electricity Aq 1yr
542,Nightsaver,23,11,4,27,10.95,6.11,0,,,EoN(2014-01-14) Electricity Aq 1yr
542,Nightsaver,21,11,3,27,10.95,6.11,0,,,EoN(2014-01-14) Electricity Aq 1yr
542,Nightsaver,21,11,4,27,10.95,6.11,0,,,EoN(2014-01-14) Electricity Aq 1yr
106,Nightsaver,2,11,3,27,10.95,6.11,0,,,EoN(2014-01-14) Electricity Aq 1yr
106,Nightsaver,2,11,4,27,10.95,6.11,0,,,EoN(2014-01-14) Electricity Aq 1yr
106,Nightsaver,1,11,3,27,10.95,6.11,0,,,EoN(2014-01-14) Electricity Aq 1yr
106,Nightsaver,1,11,4,27,10.95,6.11,0,,,EoN(2014-01-14) Electricity Aq 1yr
542,Nightsaver,19,11,3,27,10.95,6.11,0,,,EoN(2014-01-14) Electricity Aq 1yr
542,Nightsaver,19,11,4,27,10.95,6.11,0,,,EoN(2014-01-14) Electricity Aq 1yr
542,Nightsaver,17,11,3,27,10.95,6.11,0,,,EoN(2014-01-14) Electricity Aq 1yr
542,Nightsaver,17,11,4,27,10.95,6.11,0,,,EoN(2014-01-14) Electricity Aq 1yr
542,Nightsaver,15,11,3,27,10.95,6.11,0,,,EoN(2014-01-14) Electricity Aq 1yr
542,Nightsaver,15,11,4,27,10.95,6.11,0,,,EoN(2014-01-14) Electricity Aq 1yr
542,Nightsaver,14,11,3,27,10.95,6.11,0,,,EoN(2014-01-14) Electricity Aq 1yr
542,Nightsaver,14,11,4,27,10.95,6.11,0,,,EoN(2014-01-14) Electricity Aq 1yr
542,Nightsaver,103,11,3,27,10.95,6.11,0,,,EoN(2014-01-14) Electricity Aq 1yr
542,Nightsaver,103,11,4,27,10.95,6.11,0,,,EoN(2014-01-14) Electricity Aq 1yr
542,Nightsaver,12,11,3,27,10.95,6.11,0,,,EoN(2014-01-14) Electricity Aq 1yr
542,Nightsaver,12,11,4,27,10.95,6.11,0,,,EoN(2014-01-14) Electricity Aq 1yr
146,Nightsaver,2,11,3,27,10.95,6.11,0,,,EoN(2014-01-14) Electricity Aq 1yr
146,Nightsaver,2,11,4,27,10.95,6.11,0,,,EoN(2014-01-14) Electricity Aq 1yr
542,Nightsaver,1,11,3,27,10.95,6.11,0,,,EoN(2014-01-14) Electricity Aq 1yr
542,Nightsaver,1,11,4,27,10.95,6.11,0,,,EoN(2014-01-14) Electricity Aq 1yr
608,Nightsaver,3,11,3,27,10.95,6.11,0,,,EoN(2014-01-14) Electricity Aq 1yr
608,Nightsaver,3,11,4,27,10.95,6.11,0,,,EoN(2014-01-14) Electricity Aq 1yr
613,Nightsaver,7,11,3,27,10.95,6.11,0,,,EoN(2014-01-14) Electricity Aq 1yr
613,Nightsaver,7,11,4,27,10.95,6.11,0,,,EoN(2014-01-14) Electricity Aq 1yr
613,Nightsaver,3,11,3,27,10.95,6.11,0,,,EoN(2014-01-14) Electricity Aq 1yr
613,Nightsaver,3,11,4,27,10.95,6.11,0,,,EoN(2014-01-14) Electricity Aq 1yr
608,Nightsaver,7,11,3,27,10.95,6.11,0,,,EoN(2014-01-14) Electricity Aq 1yr
608,Nightsaver,7,11,4,27,10.95,6.11,0,,,EoN(2014-01-14) Electricity Aq 1yr
613,Nightsaver,2,11,3,27,10.95,6.11,0,,,EoN(2014-01-14) Electricity Aq 1yr
613,Nightsaver,2,11,4,27,10.95,6.11,0,,,EoN(2014-01-14) Electricity Aq 1yr
548,Nightsaver,119,11,3,27,10.95,6.11,0,,,EoN(2014-01-14) Electricity Aq 1yr
548,Nightsaver,119,11,4,27,10.95,6.11,0,,,EoN(2014-01-14) Electricity Aq 1yr
146,Nightsaver,7,11,3,27,10.95,6.11,0,,,EoN(2014-01-14) Electricity Aq 1yr
146,Nightsaver,7,11,4,27,10.95,6.11,0,,,EoN(2014-01-14) Electricity Aq 1yr
542,Nightsaver,34,11,3,27,10.95,6.11,0,,,EoN(2014-01-14) Electricity Aq 1yr
542,Nightsaver,34,11,4,27,10.95,6.11,0,,,EoN(2014-01-14) Electricity Aq 1yr
110,Nightsaver,7,11,3,27,10.95,6.11,0,,,EoN(2014-01-14) Electricity Aq 1yr
110,Nightsaver,7,11,4,27,10.95,6.11,0,,,EoN(2014-01-14) Electricity Aq 1yr
110,Nightsaver,3,11,3,27,10.95,6.11,0,,,EoN(2014-01-14) Electricity Aq 1yr
110,Nightsaver,3,11,4,27,10.95,6.11,0,,,EoN(2014-01-14) Electricity Aq 1yr
110,Nightsaver,2,11,3,27,10.95,6.11,0,,,EoN(2014-01-14) Electricity Aq 1yr
110,Nightsaver,2,11,4,27,10.95,6.11,0,,,EoN(2014-01-14) Electricity Aq 1yr
542,Nightsaver,37,11,3,27,10.95,6.11,0,,,EoN(2014-01-14) Electricity Aq 1yr
542,Nightsaver,37,11,4,27,10.95,6.11,0,,,EoN(2014-01-14) Electricity Aq 1yr
542,Nightsaver,13,11,3,27,10.95,6.11,0,,,EoN(2014-01-14) Electricity Aq 1yr
542,Nightsaver,13,11,4,27,10.95,6.11,0,,,EoN(2014-01-14) Electricity Aq 1yr
648,Nightsaver,7,11,3,27,10.95,6.11,0,,,EoN(2014-01-14) Electricity Aq 1yr
648,Nightsaver,7,11,4,27,10.95,6.11,0,,,EoN(2014-01-14) Electricity Aq 1yr
653,Nightsaver,7,11,3,27,10.95,6.11,0,,,EoN(2014-01-14) Electricity Aq 1yr
653,Nightsaver,7,11,4,27,10.95,6.11,0,,,EoN(2014-01-14) Electricity Aq 1yr
653,Nightsaver,3,11,3,27,10.95,6.11,0,,,EoN(2014-01-14) Electricity Aq 1yr
653,Nightsaver,3,11,4,27,10.95,6.11,0,,,EoN(2014-01-14) Electricity Aq 1yr
648,Nightsaver,3,11,3,27,10.95,6.11,0,,,EoN(2014-01-14) Electricity Aq 1yr
648,Nightsaver,3,11,4,27,10.95,6.11,0,,,EoN(2014-01-14) Electricity Aq 1yr
648,Nightsaver,2,11,3,27,10.95,6.11,0,,,EoN(2014-01-14) Electricity Aq 1yr
648,Nightsaver,2,11,4,27,10.95,6.11,0,,,EoN(2014-01-14) Electricity Aq 1yr
653,Nightsaver,2,11,3,27,10.95,6.11,0,,,EoN(2014-01-14) Electricity Aq 1yr
653,Nightsaver,2,11,4,27,10.95,6.11,0,,,EoN(2014-01-14) Electricity Aq 1yr
150,Nightsaver,3,11,3,27,10.95,6.11,0,,,EoN(2014-01-14) Electricity Aq 1yr
150,Nightsaver,3,11,4,27,10.95,6.11,0,,,EoN(2014-01-14) Electricity Aq 1yr
150,Nightsaver,7,11,3,27,10.95,6.11,0,,,EoN(2014-01-14) Electricity Aq 1yr
150,Nightsaver,7,11,4,27,10.95,6.11,0,,,EoN(2014-01-14) Electricity Aq 1yr
150,Nightsaver,2,11,3,27,10.95,6.11,0,,,EoN(2014-01-14) Electricity Aq 1yr
150,Nightsaver,2,11,4,27,10.95,6.11,0,,,EoN(2014-01-14) Electricity Aq 1yr
831,Nightsaver,16,11,3,27,10.95,6.11,0,,,EoN(2014-01-14) Electricity Aq 1yr
831,Nightsaver,16,11,4,27,10.95,6.11,0,,,EoN(2014-01-14) Electricity Aq 1yr
831,Nightsaver,40,11,3,27,10.95,6.11,0,,,EoN(2014-01-14) Electricity Aq 1yr
831,Nightsaver,40,11,4,27,10.95,6.11,0,,,EoN(2014-01-14) Electricity Aq 1yr
830,Nightsaver,1,11,3,27,10.95,6.11,0,,,EoN(2014-01-14) Electricity Aq 1yr
830,Nightsaver,1,11,4,27,10.95,6.11,0,,,EoN(2014-01-14) Electricity Aq 1yr
831,Nightsaver,152,11,3,27,10.95,6.11,0,,,EoN(2014-01-14) Electricity Aq 1yr
831,Nightsaver,152,11,4,27,10.95,6.11,0,,,EoN(2014-01-14) Electricity Aq 1yr
831,Nightsaver,119,11,3,27,10.95,6.11,0,,,EoN(2014-01-14) Electricity Aq 1yr
831,Nightsaver,119,11,4,27,10.95,6.11,0,,,EoN(2014-01-14) Electricity Aq 1yr
831,Nightsaver,116,11,3,27,10.95,6.11,0,,,EoN(2014-01-14) Electricity Aq 1yr
831,Nightsaver,116,11,4,27,10.95,6.11,0,,,EoN(2014-01-14) Electricity Aq 1yr
831,Nightsaver,113,11,3,27,10.95,6.11,0,,,EoN(2014-01-14) Electricity Aq 1yr
831,Nightsaver,113,11,4,27,10.95,6.11,0,,,EoN(2014-01-14) Electricity Aq 1yr
831,Nightsaver,103,11,3,27,10.95,6.11,0,,,EoN(2014-01-14) Electricity Aq 1yr
831,Nightsaver,103,11,4,27,10.95,6.11,0,,,EoN(2014-01-14) Electricity Aq 1yr
831,Nightsaver,3,11,3,27,10.95,6.11,0,,,EoN(2014-01-14) Electricity Aq 1yr
831,Nightsaver,3,11,4,27,10.95,6.11,0,,,EoN(2014-01-14) Electricity Aq 1yr
831,Nightsaver,52,11,3,27,10.95,6.11,0,,,EoN(2014-01-14) Electricity Aq 1yr
831,Nightsaver,52,11,4,27,10.95,6.11,0,,,EoN(2014-01-14) Electricity Aq 1yr
831,Nightsaver,1,11,3,27,10.95,6.11,0,,,EoN(2014-01-14) Electricity Aq 1yr
831,Nightsaver,1,11,4,27,10.95,6.11,0,,,EoN(2014-01-14) Electricity Aq 1yr
831,Nightsaver,37,11,3,27,10.95,6.11,0,,,EoN(2014-01-14) Electricity Aq 1yr
831,Nightsaver,37,11,4,27,10.95,6.11,0,,,EoN(2014-01-14) Electricity Aq 1yr
831,Nightsaver,37,11,3,27,10.95,6.11,0,,,EoN(2014-01-14) Electricity Aq 1yr
831,Nightsaver,37,11,4,27,10.95,6.11,0,,,EoN(2014-01-14) Electricity Aq 1yr
831,Nightsaver,19,11,3,27,10.95,6.11,0,,,EoN(2014-01-14) Electricity Aq 1yr
831,Nightsaver,19,11,4,27,10.95,6.11,0,,,EoN(2014-01-14) Electricity Aq 1yr
831,Nightsaver,140,11,3,27,10.95,6.11,0,,,EoN(2014-01-14) Electricity Aq 1yr
831,Nightsaver,140,11,4,27,10.95,6.11,0,,,EoN(2014-01-14) Electricity Aq 1yr
831,Nightsaver,13,11,3,27,10.95,6.11,0,,,EoN(2014-01-14) Electricity Aq 1yr
831,Nightsaver,13,11,4,27,10.95,6.11,0,,,EoN(2014-01-14) Electricity Aq 1yr
831,Nightsaver,137,11,3,27,10.95,6.11,0,,,EoN(2014-01-14) Electricity Aq 1yr
831,Nightsaver,137,11,4,27,10.95,6.11,0,,,EoN(2014-01-14) Electricity Aq 1yr
831,Nightsaver,101,11,3,27,10.95,6.11,0,,,EoN(2014-01-14) Electricity Aq 1yr
831,Nightsaver,101,11,4,27,10.95,6.11,0,,,EoN(2014-01-14) Electricity Aq 1yr
830,Nightsaver,52,11,3,27,10.95,6.11,0,,,EoN(2014-01-14) Electricity Aq 1yr
830,Nightsaver,52,11,4,27,10.95,6.11,0,,,EoN(2014-01-14) Electricity Aq 1yr
830,Nightsaver,3,11,3,27,10.95,6.11,0,,,EoN(2014-01-14) Electricity Aq 1yr
830,Nightsaver,3,11,4,27,10.95,6.11,0,,,EoN(2014-01-14) Electricity Aq 1yr
830,Nightsaver,16,11,3,27,10.95,6.11,0,,,EoN(2014-01-14) Electricity Aq 1yr
830,Nightsaver,16,11,4,27,10.95,6.11,0,,,EoN(2014-01-14) Electricity Aq 1yr
830,Nightsaver,19,11,3,27,10.95,6.11,0,,,EoN(2014-01-14) Electricity Aq 1yr
830,Nightsaver,19,11,4,27,10.95,6.11,0,,,EoN(2014-01-14) Electricity Aq 1yr
830,Nightsaver,37,11,3,27,10.95,6.11,0,,,EoN(2014-01-14) Electricity Aq 1yr
830,Nightsaver,37,11,4,27,10.95,6.11,0,,,EoN(2014-01-14) Electricity Aq 1yr
830,Nightsaver,13,11,3,27,10.95,6.11,0,,,EoN(2014-01-14) Electricity Aq 1yr
830,Nightsaver,13,11,4,27,10.95,6.11,0,,,EoN(2014-01-14) Electricity Aq 1yr
830,Nightsaver,40,11,3,27,10.95,6.11,0,,,EoN(2014-01-14) Electricity Aq 1yr
830,Nightsaver,40,11,4,27,10.95,6.11,0,,,EoN(2014-01-14) Electricity Aq 1yr
830,Nightsaver,101,11,3,27,10.95,6.11,0,,,EoN(2014-01-14) Electricity Aq 1yr
830,Nightsaver,101,11,4,27,10.95,6.11,0,,,EoN(2014-01-14) Electricity Aq 1yr
830,Nightsaver,103,11,3,27,10.95,6.11,0,,,EoN(2014-01-14) Electricity Aq 1yr
830,Nightsaver,103,11,4,27,10.95,6.11,0,,,EoN(2014-01-14) Electricity Aq 1yr
830,Nightsaver,113,11,3,27,10.95,6.11,0,,,EoN(2014-01-14) Electricity Aq 1yr
830,Nightsaver,113,11,4,27,10.95,6.11,0,,,EoN(2014-01-14) Electricity Aq 1yr
830,Nightsaver,116,11,3,27,10.95,6.11,0,,,EoN(2014-01-14) Electricity Aq 1yr
830,Nightsaver,116,11,4,27,10.95,6.11,0,,,EoN(2014-01-14) Electricity Aq 1yr
830,Nightsaver,119,11,3,27,10.95,6.11,0,,,EoN(2014-01-14) Electricity Aq 1yr
830,Nightsaver,119,11,4,27,10.95,6.11,0,,,EoN(2014-01-14) Electricity Aq 1yr
830,Nightsaver,137,11,3,27,10.95,6.11,0,,,EoN(2014-01-14) Electricity Aq 1yr
830,Nightsaver,137,11,4,27,10.95,6.11,0,,,EoN(2014-01-14) Electricity Aq 1yr
830,Nightsaver,140,11,3,27,10.95,6.11,0,,,EoN(2014-01-14) Electricity Aq 1yr
830,Nightsaver,140,11,4,27,10.95,6.11,0,,,EoN(2014-01-14) Electricity Aq 1yr
830,Nightsaver,152,11,3,27,10.95,6.11,0,,,EoN(2014-01-14) Electricity Aq 1yr
830,Nightsaver,152,11,4,27,10.95,6.11,0,,,EoN(2014-01-14) Electricity Aq 1yr
830,Nightsaver,37,11,3,27,10.95,6.11,0,,,EoN(2014-01-14) Electricity Aq 1yr
830,Nightsaver,37,11,4,27,10.95,6.11,0,,,EoN(2014-01-14) Electricity Aq 1yr
548,Nightsaver,14,11,3,27,10.95,6.11,0,,,EoN(2014-01-14) Electricity Aq 1yr
548,Nightsaver,14,11,4,27,10.95,6.11,0,,,EoN(2014-01-14) Electricity Aq 1yr
548,Nightsaver,13,11,3,27,10.95,6.11,0,,,EoN(2014-01-14) Electricity Aq 1yr
548,Nightsaver,13,11,4,27,10.95,6.11,0,,,EoN(2014-01-14) Electricity Aq 1yr
548,Nightsaver,12,11,3,27,10.95,6.11,0,,,EoN(2014-01-14) Electricity Aq 1yr
548,Nightsaver,12,11,4,27,10.95,6.11,0,,,EoN(2014-01-14) Electricity Aq 1yr
548,Nightsaver,3,11,3,27,10.95,6.11,0,,,EoN(2014-01-14) Electricity Aq 1yr
548,Nightsaver,3,11,4,27,10.95,6.11,0,,,EoN(2014-01-14) Electricity Aq 1yr
548,Nightsaver,1,11,3,27,10.95,6.11,0,,,EoN(2014-01-14) Electricity Aq 1yr
548,Nightsaver,1,11,4,27,10.95,6.11,0,,,EoN(2014-01-14) Electricity Aq 1yr
542,Nightsaver,13,11,3,27,10.95,6.11,0,,,EoN(2014-01-14) Electricity Aq 1yr
542,Nightsaver,13,11,4,27,10.95,6.11,0,,,EoN(2014-01-14) Electricity Aq 1yr
542,Nightsaver,14,11,3,27,10.95,6.11,0,,,EoN(2014-01-14) Electricity Aq 1yr
542,Nightsaver,14,11,4,27,10.95,6.11,0,,,EoN(2014-01-14) Electricity Aq 1yr
542,Nightsaver,103,11,3,27,10.95,6.11,0,,,EoN(2014-01-14) Electricity Aq 1yr
542,Nightsaver,103,11,4,27,10.95,6.11,0,,,EoN(2014-01-14) Electricity Aq 1yr
548,Nightsaver,15,11,3,27,10.95,6.11,0,,,EoN(2014-01-14) Electricity Aq 1yr
548,Nightsaver,15,11,4,27,10.95,6.11,0,,,EoN(2014-01-14) Electricity Aq 1yr
542,Nightsaver,40,11,3,27,10.95,6.11,0,,,EoN(2014-01-14) Electricity Aq 1yr
542,Nightsaver,40,11,4,27,10.95,6.11,0,,,EoN(2014-01-14) Electricity Aq 1yr
608,Nightsaver,7,11,3,27,10.95,6.11,0,,,EoN(2014-01-14) Electricity Aq 1yr
608,Nightsaver,7,11,4,27,10.95,6.11,0,,,EoN(2014-01-14) Electricity Aq 1yr
542,Nightsaver,37,11,3,27,10.95,6.11,0,,,EoN(2014-01-14) Electricity Aq 1yr
542,Nightsaver,37,11,4,27,10.95,6.11,0,,,EoN(2014-01-14) Electricity Aq 1yr
542,Nightsaver,34,11,3,27,10.95,6.11,0,,,EoN(2014-01-14) Electricity Aq 1yr
542,Nightsaver,34,11,4,27,10.95,6.11,0,,,EoN(2014-01-14) Electricity Aq 1yr
542,Nightsaver,29,11,3,27,10.95,6.11,0,,,EoN(2014-01-14) Electricity Aq 1yr
542,Nightsaver,29,11,4,27,10.95,6.11,0,,,EoN(2014-01-14) Electricity Aq 1yr
110,Nightsaver,3,11,3,27,10.95,6.11,0,,,EoN(2014-01-14) Electricity Aq 1yr
110,Nightsaver,3,11,4,27,10.95,6.11,0,,,EoN(2014-01-14) Electricity Aq 1yr
542,Nightsaver,27,11,3,27,10.95,6.11,0,,,EoN(2014-01-14) Electricity Aq 1yr
542,Nightsaver,27,11,4,27,10.95,6.11,0,,,EoN(2014-01-14) Electricity Aq 1yr
542,Nightsaver,23,11,3,27,10.95,6.11,0,,,EoN(2014-01-14) Electricity Aq 1yr
542,Nightsaver,23,11,4,27,10.95,6.11,0,,,EoN(2014-01-14) Electricity Aq 1yr
542,Nightsaver,21,11,3,27,10.95,6.11,0,,,EoN(2014-01-14) Electricity Aq 1yr
542,Nightsaver,21,11,4,27,10.95,6.11,0,,,EoN(2014-01-14) Electricity Aq 1yr
106,Nightsaver,1,11,3,27,10.95,6.11,0,,,EoN(2014-01-14) Electricity Aq 1yr
106,Nightsaver,1,11,4,27,10.95,6.11,0,,,EoN(2014-01-14) Electricity Aq 1yr
106,Nightsaver,2,11,3,27,10.95,6.11,0,,,EoN(2014-01-14) Electricity Aq 1yr
106,Nightsaver,2,11,4,27,10.95,6.11,0,,,EoN(2014-01-14) Electricity Aq 1yr
106,Nightsaver,7,11,3,27,10.95,6.11,0,,,EoN(2014-01-14) Electricity Aq 1yr
106,Nightsaver,7,11,4,27,10.95,6.11,0,,,EoN(2014-01-14) Electricity Aq 1yr
542,Nightsaver,19,11,3,27,10.95,6.11,0,,,EoN(2014-01-14) Electricity Aq 1yr
542,Nightsaver,19,11,4,27,10.95,6.11,0,,,EoN(2014-01-14) Electricity Aq 1yr
542,Nightsaver,101,11,3,27,10.95,6.11,0,,,EoN(2014-01-14) Electricity Aq 1yr
542,Nightsaver,101,11,4,27,10.95,6.11,0,,,EoN(2014-01-14) Electricity Aq 1yr
548,Nightsaver,40,11,3,27,10.95,6.11,0,,,EoN(2014-01-14) Electricity Aq 1yr
548,Nightsaver,40,11,4,27,10.95,6.11,0,,,EoN(2014-01-14) Electricity Aq 1yr
548,Nightsaver,134,11,3,27,10.95,6.11,0,,,EoN(2014-01-14) Electricity Aq 1yr
548,Nightsaver,134,11,4,27,10.95,6.11,0,,,EoN(2014-01-14) Electricity Aq 1yr
548,Nightsaver,119,11,3,27,10.95,6.11,0,,,EoN(2014-01-14) Electricity Aq 1yr
548,Nightsaver,119,11,4,27,10.95,6.11,0,,,EoN(2014-01-14) Electricity Aq 1yr
548,Nightsaver,113,11,3,27,10.95,6.11,0,,,EoN(2014-01-14) Electricity Aq 1yr
548,Nightsaver,113,11,4,27,10.95,6.11,0,,,EoN(2014-01-14) Electricity Aq 1yr
548,Nightsaver,103,11,3,27,10.95,6.11,0,,,EoN(2014-01-14) Electricity Aq 1yr
548,Nightsaver,103,11,4,27,10.95,6.11,0,,,EoN(2014-01-14) Electricity Aq 1yr
542,Nightsaver,140,11,3,27,10.95,6.11,0,,,EoN(2014-01-14) Electricity Aq 1yr
542,Nightsaver,140,11,4,27,10.95,6.11,0,,,EoN(2014-01-14) Electricity Aq 1yr
542,Nightsaver,134,11,3,27,10.95,6.11,0,,,EoN(2014-01-14) Electricity Aq 1yr
542,Nightsaver,134,11,4,27,10.95,6.11,0,,,EoN(2014-01-14) Electricity Aq 1yr
110,Nightsaver,2,11,3,27,10.95,6.11,0,,,EoN(2014-01-14) Electricity Aq 1yr
110,Nightsaver,2,11,4,27,10.95,6.11,0,,,EoN(2014-01-14) Electricity Aq 1yr
542,Nightsaver,119,11,3,27,10.95,6.11,0,,,EoN(2014-01-14) Electricity Aq 1yr
542,Nightsaver,119,11,4,27,10.95,6.11,0,,,EoN(2014-01-14) Electricity Aq 1yr
542,Nightsaver,113,11,3,27,10.95,6.11,0,,,EoN(2014-01-14) Electricity Aq 1yr
542,Nightsaver,113,11,4,27,10.95,6.11,0,,,EoN(2014-01-14) Electricity Aq 1yr
548,Nightsaver,17,11,3,27,10.95,6.11,0,,,EoN(2014-01-14) Electricity Aq 1yr
548,Nightsaver,17,11,4,27,10.95,6.11,0,,,EoN(2014-01-14) Electricity Aq 1yr
548,Nightsaver,101,11,3,27,10.95,6.11,0,,,EoN(2014-01-14) Electricity Aq 1yr
548,Nightsaver,101,11,4,27,10.95,6.11,0,,,EoN(2014-01-14) Electricity Aq 1yr
548,Nightsaver,21,11,3,27,10.95,6.11,0,,,EoN(2014-01-14) Electricity Aq 1yr
548,Nightsaver,21,11,4,27,10.95,6.11,0,,,EoN(2014-01-14) Electricity Aq 1yr
548,Nightsaver,37,11,3,27,10.95,6.11,0,,,EoN(2014-01-14) Electricity Aq 1yr
548,Nightsaver,37,11,4,27,10.95,6.11,0,,,EoN(2014-01-14) Electricity Aq 1yr
548,Nightsaver,34,11,3,27,10.95,6.11,0,,,EoN(2014-01-14) Electricity Aq 1yr
548,Nightsaver,34,11,4,27,10.95,6.11,0,,,EoN(2014-01-14) Electricity Aq 1yr
548,Nightsaver,29,11,3,27,10.95,6.11,0,,,EoN(2014-01-14) Electricity Aq 1yr
548,Nightsaver,29,11,4,27,10.95,6.11,0,,,EoN(2014-01-14) Electricity Aq 1yr
548,Nightsaver,27,11,3,27,10.95,6.11,0,,,EoN(2014-01-14) Electricity Aq 1yr
548,Nightsaver,27,11,4,27,10.95,6.11,0,,,EoN(2014-01-14) Electricity Aq 1yr
548,Nightsaver,23,11,3,27,10.95,6.11,0,,,EoN(2014-01-14) Electricity Aq 1yr
548,Nightsaver,23,11,4,27,10.95,6.11,0,,,EoN(2014-01-14) Electricity Aq 1yr
548,Nightsaver,140,11,3,27,10.95,6.11,0,,,EoN(2014-01-14) Electricity Aq 1yr
548,Nightsaver,140,11,4,27,10.95,6.11,0,,,EoN(2014-01-14) Electricity Aq 1yr
110,Nightsaver,7,11,3,27,10.95,6.11,0,,,EoN(2014-01-14) Electricity Aq 1yr
110,Nightsaver,7,11,4,27,10.95,6.11,0,,,EoN(2014-01-14) Electricity Aq 1yr
608,Nightsaver,3,11,3,27,10.95,6.11,0,,,EoN(2014-01-14) Electricity Aq 1yr
608,Nightsaver,3,11,4,27,10.95,6.11,0,,,EoN(2014-01-14) Electricity Aq 1yr
542,Nightsaver,17,11,3,27,10.95,6.11,0,,,EoN(2014-01-14) Electricity Aq 1yr
542,Nightsaver,17,11,4,27,10.95,6.11,0,,,EoN(2014-01-14) Electricity Aq 1yr
548,Nightsaver,19,11,3,27,10.95,6.11,0,,,EoN(2014-01-14) Electricity Aq 1yr
548,Nightsaver,19,11,4,27,10.95,6.11,0,,,EoN(2014-01-14) Electricity Aq 1yr
542,Nightsaver,12,11,3,27,10.95,6.11,0,,,EoN(2014-01-14) Electricity Aq 1yr
542,Nightsaver,12,11,4,27,10.95,6.11,0,,,EoN(2014-01-14) Electricity Aq 1yr
150,Nightsaver,3,11,3,27,10.95,6.11,0,,,EoN(2014-01-14) Electricity Aq 1yr
150,Nightsaver,3,11,4,27,10.95,6.11,0,,,EoN(2014-01-14) Electricity Aq 1yr
648,Nightsaver,2,11,3,27,10.95,6.11,0,,,EoN(2014-01-14) Electricity Aq 1yr
648,Nightsaver,2,11,4,27,10.95,6.11,0,,,EoN(2014-01-14) Electricity Aq 1yr
106,Nightsaver,3,11,3,27,10.95,6.11,0,,,EoN(2014-01-14) Electricity Aq 1yr
106,Nightsaver,3,11,4,27,10.95,6.11,0,,,EoN(2014-01-14) Electricity Aq 1yr
150,Nightsaver,7,11,3,27,10.95,6.11,0,,,EoN(2014-01-14) Electricity Aq 1yr
150,Nightsaver,7,11,4,27,10.95,6.11,0,,,EoN(2014-01-14) Electricity Aq 1yr
653,Nightsaver,3,11,3,27,10.95,6.11,0,,,EoN(2014-01-14) Electricity Aq 1yr
653,Nightsaver,3,11,4,27,10.95,6.11,0,,,EoN(2014-01-14) Electricity Aq 1yr
653,Nightsaver,7,11,3,27,10.95,6.11,0,,,EoN(2014-01-14) Electricity Aq 1yr
653,Nightsaver,7,11,4,27,10.95,6.11,0,,,EoN(2014-01-14) Electricity Aq 1yr
146,Nightsaver,2,11,3,27,10.95,6.11,0,,,EoN(2014-01-14) Electricity Aq 1yr
146,Nightsaver,2,11,4,27,10.95,6.11,0,,,EoN(2014-01-14) Electricity Aq 1yr
146,Nightsaver,3,11,3,27,10.95,6.11,0,,,EoN(2014-01-14) Electricity Aq 1yr
146,Nightsaver,3,11,4,27,10.95,6.11,0,,,EoN(2014-01-14) Electricity Aq 1yr
146,Nightsaver,7,11,3,27,10.95,6.11,0,,,EoN(2014-01-14) Electricity Aq 1yr
146,Nightsaver,7,11,4,27,10.95,6.11,0,,,EoN(2014-01-14) Electricity Aq 1yr
648,Nightsaver,3,11,3,27,10.95,6.11,0,,,EoN(2014-01-14) Electricity Aq 1yr
648,Nightsaver,3,11,4,27,10.95,6.11,0,,,EoN(2014-01-14) Electricity Aq 1yr
653,Nightsaver,2,11,3,27,10.95,6.11,0,,,EoN(2014-01-14) Electricity Aq 1yr
653,Nightsaver,2,11,4,27,10.95,6.11,0,,,EoN(2014-01-14) Electricity Aq 1yr
150,Nightsaver,2,11,3,27,10.95,6.11,0,,,EoN(2014-01-14) Electricity Aq 1yr
150,Nightsaver,2,11,4,27,10.95,6.11,0,,,EoN(2014-01-14) Electricity Aq 1yr
542,Nightsaver,1,11,3,27,10.95,6.11,0,,,EoN(2014-01-14) Electricity Aq 1yr
542,Nightsaver,1,11,4,27,10.95,6.11,0,,,EoN(2014-01-14) Electricity Aq 1yr
613,Nightsaver,3,11,3,27,10.95,6.11,0,,,EoN(2014-01-14) Electricity Aq 1yr
613,Nightsaver,3,11,4,27,10.95,6.11,0,,,EoN(2014-01-14) Electricity Aq 1yr
613,Nightsaver,2,11,3,27,10.95,6.11,0,,,EoN(2014-01-14) Electricity Aq 1yr
613,Nightsaver,2,11,4,27,10.95,6.11,0,,,EoN(2014-01-14) Electricity Aq 1yr
648,Nightsaver,7,11,3,27,10.95,6.11,0,,,EoN(2014-01-14) Electricity Aq 1yr
648,Nightsaver,7,11,4,27,10.95,6.11,0,,,EoN(2014-01-14) Electricity Aq 1yr
608,Nightsaver,2,11,3,27,10.95,6.11,0,,,EoN(2014-01-14) Electricity Aq 1yr
608,Nightsaver,2,11,4,27,10.95,6.11,0,,,EoN(2014-01-14) Electricity Aq 1yr
613,Nightsaver,7,11,3,27,10.95,6.11,0,,,EoN(2014-01-14) Electricity Aq 1yr
613,Nightsaver,7,11,4,27,10.95,6.11,0,,,EoN(2014-01-14) Electricity Aq 1yr
542,Nightsaver,15,11,3,27,10.95,6.11,0,,,EoN(2014-01-14) Electricity Aq 1yr
542,Nightsaver,15,11,4,27,10.95,6.11,0,,,EoN(2014-01-14) Electricity Aq 1yr
542,Nightsaver,3,11,3,27,10.95,6.11,0,,,EoN(2014-01-14) Electricity Aq 1yr
542,Nightsaver,3,11,4,27,10.95,6.11,0,,,EoN(2014-01-14) Electricity Aq 1yr
831,Nightsaver,37,11,3,27,10.95,6.11,0,,,EoN(2014-01-14) Electricity Aq 1yr
831,Nightsaver,37,11,4,27,10.95,6.11,0,,,EoN(2014-01-14) Electricity Aq 1yr
830,Nightsaver,37,11,3,27,10.95,6.11,0,,,EoN(2014-01-14) Electricity Aq 1yr
830,Nightsaver,37,11,4,27,10.95,6.11,0,,,EoN(2014-01-14) Electricity Aq 1yr
830,Nightsaver,37,11,3,27,10.95,6.11,0,,,EoN(2014-01-14) Electricity Aq 1yr
830,Nightsaver,37,11,4,27,10.95,6.11,0,,,EoN(2014-01-14) Electricity Aq 1yr
830,Nightsaver,19,11,3,27,10.95,6.11,0,,,EoN(2014-01-14) Electricity Aq 1yr
830,Nightsaver,19,11,4,27,10.95,6.11,0,,,EoN(2014-01-14) Electricity Aq 1yr
830,Nightsaver,16,11,3,27,10.95,6.11,0,,,EoN(2014-01-14) Electricity Aq 1yr
830,Nightsaver,16,11,4,27,10.95,6.11,0,,,EoN(2014-01-14) Electricity Aq 1yr
830,Nightsaver,13,11,3,27,10.95,6.11,0,,,EoN(2014-01-14) Electricity Aq 1yr
830,Nightsaver,13,11,4,27,10.95,6.11,0,,,EoN(2014-01-14) Electricity Aq 1yr
830,Nightsaver,3,11,3,27,10.95,6.11,0,,,EoN(2014-01-14) Electricity Aq 1yr
830,Nightsaver,3,11,4,27,10.95,6.11,0,,,EoN(2014-01-14) Electricity Aq 1yr
830,Nightsaver,1,11,3,27,10.95,6.11,0,,,EoN(2014-01-14) Electricity Aq 1yr
830,Nightsaver,1,11,4,27,10.95,6.11,0,,,EoN(2014-01-14) Electricity Aq 1yr
831,Nightsaver,3,11,3,27,10.95,6.11,0,,,EoN(2014-01-14) Electricity Aq 1yr
831,Nightsaver,3,11,4,27,10.95,6.11,0,,,EoN(2014-01-14) Electricity Aq 1yr
831,Nightsaver,13,11,3,27,10.95,6.11,0,,,EoN(2014-01-14) Electricity Aq 1yr
831,Nightsaver,13,11,4,27,10.95,6.11,0,,,EoN(2014-01-14) Electricity Aq 1yr
830,Nightsaver,40,11,3,27,10.95,6.11,0,,,EoN(2014-01-14) Electricity Aq 1yr
830,Nightsaver,40,11,4,27,10.95,6.11,0,,,EoN(2014-01-14) Electricity Aq 1yr
831,Nightsaver,19,11,3,27,10.95,6.11,0,,,EoN(2014-01-14) Electricity Aq 1yr
831,Nightsaver,19,11,4,27,10.95,6.11,0,,,EoN(2014-01-14) Electricity Aq 1yr
831,Nightsaver,1,11,3,27,10.95,6.11,0,,,EoN(2014-01-14) Electricity Aq 1yr
831,Nightsaver,1,11,4,27,10.95,6.11,0,,,EoN(2014-01-14) Electricity Aq 1yr
831,Nightsaver,37,11,3,27,10.95,6.11,0,,,EoN(2014-01-14) Electricity Aq 1yr
831,Nightsaver,37,11,4,27,10.95,6.11,0,,,EoN(2014-01-14) Electricity Aq 1yr
831,Nightsaver,40,11,3,27,10.95,6.11,0,,,EoN(2014-01-14) Electricity Aq 1yr
831,Nightsaver,40,11,4,27,10.95,6.11,0,,,EoN(2014-01-14) Electricity Aq 1yr
831,Nightsaver,52,11,3,27,10.95,6.11,0,,,EoN(2014-01-14) Electricity Aq 1yr
831,Nightsaver,52,11,4,27,10.95,6.11,0,,,EoN(2014-01-14) Electricity Aq 1yr
831,Nightsaver,101,11,3,27,10.95,6.11,0,,,EoN(2014-01-14) Electricity Aq 1yr
831,Nightsaver,101,11,4,27,10.95,6.11,0,,,EoN(2014-01-14) Electricity Aq 1yr
831,Nightsaver,103,11,3,27,10.95,6.11,0,,,EoN(2014-01-14) Electricity Aq 1yr
831,Nightsaver,103,11,4,27,10.95,6.11,0,,,EoN(2014-01-14) Electricity Aq 1yr
831,Nightsaver,113,11,3,27,10.95,6.11,0,,,EoN(2014-01-14) Electricity Aq 1yr
831,Nightsaver,113,11,4,27,10.95,6.11,0,,,EoN(2014-01-14) Electricity Aq 1yr
831,Nightsaver,116,11,3,27,10.95,6.11,0,,,EoN(2014-01-14) Electricity Aq 1yr
831,Nightsaver,116,11,4,27,10.95,6.11,0,,,EoN(2014-01-14) Electricity Aq 1yr
831,Nightsaver,119,11,3,27,10.95,6.11,0,,,EoN(2014-01-14) Electricity Aq 1yr
831,Nightsaver,119,11,4,27,10.95,6.11,0,,,EoN(2014-01-14) Electricity Aq 1yr
831,Nightsaver,137,11,3,27,10.95,6.11,0,,,EoN(2014-01-14) Electricity Aq 1yr
831,Nightsaver,137,11,4,27,10.95,6.11,0,,,EoN(2014-01-14) Electricity Aq 1yr
831,Nightsaver,140,11,3,27,10.95,6.11,0,,,EoN(2014-01-14) Electricity Aq 1yr
831,Nightsaver,140,11,4,27,10.95,6.11,0,,,EoN(2014-01-14) Electricity Aq 1yr
831,Nightsaver,152,11,3,27,10.95,6.11,0,,,EoN(2014-01-14) Electricity Aq 1yr
831,Nightsaver,152,11,4,27,10.95,6.11,0,,,EoN(2014-01-14) Electricity Aq 1yr
831,Nightsaver,16,11,3,27,10.95,6.11,0,,,EoN(2014-01-14) Electricity Aq 1yr
831,Nightsaver,16,11,4,27,10.95,6.11,0,,,EoN(2014-01-14) Electricity Aq 1yr
830,Nightsaver,52,11,3,27,10.95,6.11,0,,,EoN(2014-01-14) Electricity Aq 1yr
830,Nightsaver,52,11,4,27,10.95,6.11,0,,,EoN(2014-01-14) Electricity Aq 1yr
830,Nightsaver,101,11,3,27,10.95,6.11,0,,,EoN(2014-01-14) Electricity Aq 1yr
830,Nightsaver,101,11,4,27,10.95,6.11,0,,,EoN(2014-01-14) Electricity Aq 1yr
830,Nightsaver,103,11,3,27,10.95,6.11,0,,,EoN(2014-01-14) Electricity Aq 1yr
830,Nightsaver,103,11,4,27,10.95,6.11,0,,,EoN(2014-01-14) Electricity Aq 1yr
830,Nightsaver,113,11,3,27,10.95,6.11,0,,,EoN(2014-01-14) Electricity Aq 1yr
830,Nightsaver,113,11,4,27,10.95,6.11,0,,,EoN(2014-01-14) Electricity Aq 1yr
830,Nightsaver,116,11,3,27,10.95,6.11,0,,,EoN(2014-01-14) Electricity Aq 1yr
830,Nightsaver,116,11,4,27,10.95,6.11,0,,,EoN(2014-01-14) Electricity Aq 1yr
830,Nightsaver,119,11,3,27,10.95,6.11,0,,,EoN(2014-01-14) Electricity Aq 1yr
830,Nightsaver,119,11,4,27,10.95,6.11,0,,,EoN(2014-01-14) Electricity Aq 1yr
830,Nightsaver,137,11,3,27,10.95,6.11,0,,,EoN(2014-01-14) Electricity Aq 1yr
830,Nightsaver,137,11,4,27,10.95,6.11,0,,,EoN(2014-01-14) Electricity Aq 1yr
830,Nightsaver,140,11,3,27,10.95,6.11,0,,,EoN(2014-01-14) Electricity Aq 1yr
830,Nightsaver,140,11,4,27,10.95,6.11,0,,,EoN(2014-01-14) Electricity Aq 1yr
830,Nightsaver,152,11,3,27,10.95,6.11,0,,,EoN(2014-01-14) Electricity Aq 1yr
830,Nightsaver,152,11,4,27,10.95,6.11,0,,,EoN(2014-01-14) Electricity Aq 1yr
548,Nightsaver,21,11,3,27,10.95,6.11,0,,,EoN(2014-01-14) Electricity Aq 1yr
548,Nightsaver,21,11,4,27,10.95,6.11,0,,,EoN(2014-01-14) Electricity Aq 1yr
542,Nightsaver,34,11,3,27,10.95,6.11,0,,,EoN(2014-01-14) Electricity Aq 1yr
542,Nightsaver,34,11,4,27,10.95,6.11,0,,,EoN(2014-01-14) Electricity Aq 1yr
542,Nightsaver,37,11,3,27,10.95,6.11,0,,,EoN(2014-01-14) Electricity Aq 1yr
542,Nightsaver,37,11,4,27,10.95,6.11,0,,,EoN(2014-01-14) Electricity Aq 1yr
548,Nightsaver,19,11,3,27,10.95,6.11,0,,,EoN(2014-01-14) Electricity Aq 1yr
548,Nightsaver,19,11,4,27,10.95,6.11,0,,,EoN(2014-01-14) Electricity Aq 1yr
608,Nightsaver,2,11,3,27,10.95,6.11,0,,,EoN(2014-01-14) Electricity Aq 1yr
608,Nightsaver,2,11,4,27,10.95,6.11,0,,,EoN(2014-01-14) Electricity Aq 1yr
146,Nightsaver,2,11,3,27,10.95,6.11,0,,,EoN(2014-01-14) Electricity Aq 1yr
146,Nightsaver,2,11,4,27,10.95,6.11,0,,,EoN(2014-01-14) Electricity Aq 1yr
542,Nightsaver,40,11,3,27,10.95,6.11,0,,,EoN(2014-01-14) Electricity Aq 1yr
542,Nightsaver,40,11,4,27,10.95,6.11,0,,,EoN(2014-01-14) Electricity Aq 1yr
548,Nightsaver,37,11,3,27,10.95,6.11,0,,,EoN(2014-01-14) Electricity Aq 1yr
548,Nightsaver,37,11,4,27,10.95,6.11,0,,,EoN(2014-01-14) Electricity Aq 1yr
548,Nightsaver,34,11,3,27,10.95,6.11,0,,,EoN(2014-01-14) Electricity Aq 1yr
548,Nightsaver,34,11,4,27,10.95,6.11,0,,,EoN(2014-01-14) Electricity Aq 1yr
542,Nightsaver,119,11,3,27,10.95,6.11,0,,,EoN(2014-01-14) Electricity Aq 1yr
542,Nightsaver,119,11,4,27,10.95,6.11,0,,,EoN(2014-01-14) Electricity Aq 1yr
542,Nightsaver,101,11,3,27,10.95,6.11,0,,,EoN(2014-01-14) Electricity Aq 1yr
542,Nightsaver,101,11,4,27,10.95,6.11,0,,,EoN(2014-01-14) Electricity Aq 1yr
548,Nightsaver,23,11,3,27,10.95,6.11,0,,,EoN(2014-01-14) Electricity Aq 1yr
548,Nightsaver,23,11,4,27,10.95,6.11,0,,,EoN(2014-01-14) Electricity Aq 1yr
542,Nightsaver,103,11,3,27,10.95,6.11,0,,,EoN(2014-01-14) Electricity Aq 1yr
542,Nightsaver,103,11,4,27,10.95,6.11,0,,,EoN(2014-01-14) Electricity Aq 1yr
542,Nightsaver,29,11,3,27,10.95,6.11,0,,,EoN(2014-01-14) Electricity Aq 1yr
542,Nightsaver,29,11,4,27,10.95,6.11,0,,,EoN(2014-01-14) Electricity Aq 1yr
548,Nightsaver,27,11,3,27,10.95,6.11,0,,,EoN(2014-01-14) Electricity Aq 1yr
548,Nightsaver,27,11,4,27,10.95,6.11,0,,,EoN(2014-01-14) Electricity Aq 1yr
542,Nightsaver,113,11,3,27,10.95,6.11,0,,,EoN(2014-01-14) Electricity Aq 1yr
542,Nightsaver,113,11,4,27,10.95,6.11,0,,,EoN(2014-01-14) Electricity Aq 1yr
548,Nightsaver,29,11,3,27,10.95,6.11,0,,,EoN(2014-01-14) Electricity Aq 1yr
548,Nightsaver,29,11,4,27,10.95,6.11,0,,,EoN(2014-01-14) Electricity Aq 1yr
146,Nightsaver,7,11,3,27,10.95,6.11,0,,,EoN(2014-01-14) Electricity Aq 1yr
146,Nightsaver,7,11,4,27,10.95,6.11,0,,,EoN(2014-01-14) Electricity Aq 1yr
542,Nightsaver,15,11,3,27,10.95,6.11,0,,,EoN(2014-01-14) Electricity Aq 1yr
542,Nightsaver,15,11,4,27,10.95,6.11,0,,,EoN(2014-01-14) Electricity Aq 1yr
110,Nightsaver,2,11,3,27,10.95,6.11,0,,,EoN(2014-01-14) Electricity Aq 1yr
110,Nightsaver,2,11,4,27,10.95,6.11,0,,,EoN(2014-01-14) Electricity Aq 1yr
110,Nightsaver,3,11,3,27,10.95,6.11,0,,,EoN(2014-01-14) Electricity Aq 1yr
110,Nightsaver,3,11,4,27,10.95,6.11,0,,,EoN(2014-01-14) Electricity Aq 1yr
548,Nightsaver,12,11,3,27,10.95,6.11,0,,,EoN(2014-01-14) Electricity Aq 1yr
548,Nightsaver,12,11,4,27,10.95,6.11,0,,,EoN(2014-01-14) Electricity Aq 1yr
542,Nightsaver,12,11,3,27,10.95,6.11,0,,,EoN(2014-01-14) Electricity Aq 1yr
542,Nightsaver,12,11,4,27,10.95,6.11,0,,,EoN(2014-01-14) Electricity Aq 1yr
110,Nightsaver,7,11,3,27,10.95,6.11,0,,,EoN(2014-01-14) Electricity Aq 1yr
110,Nightsaver,7,11,4,27,10.95,6.11,0,,,EoN(2014-01-14) Electricity Aq 1yr
648,Nightsaver,2,11,3,27,10.95,6.11,0,,,EoN(2014-01-14) Electricity Aq 1yr
648,Nightsaver,2,11,4,27,10.95,6.11,0,,,EoN(2014-01-14) Electricity Aq 1yr
542,Nightsaver,13,11,3,27,10.95,6.11,0,,,EoN(2014-01-14) Electricity Aq 1yr
542,Nightsaver,13,11,4,27,10.95,6.11,0,,,EoN(2014-01-14) Electricity Aq 1yr
542,Nightsaver,14,11,3,27,10.95,6.11,0,,,EoN(2014-01-14) Electricity Aq 1yr
542,Nightsaver,14,11,4,27,10.95,6.11,0,,,EoN(2014-01-14) Electricity Aq 1yr
613,Nightsaver,2,11,3,27,10.95,6.11,0,,,EoN(2014-01-14) Electricity Aq 1yr
613,Nightsaver,2,11,4,27,10.95,6.11,0,,,EoN(2014-01-14) Electricity Aq 1yr
548,Nightsaver,140,11,3,27,10.95,6.11,0,,,EoN(2014-01-14) Electricity Aq 1yr
548,Nightsaver,140,11,4,27,10.95,6.11,0,,,EoN(2014-01-14) Electricity Aq 1yr
548,Nightsaver,134,11,3,27,10.95,6.11,0,,,EoN(2014-01-14) Electricity Aq 1yr
548,Nightsaver,134,11,4,27,10.95,6.11,0,,,EoN(2014-01-14) Electricity Aq 1yr
542,Nightsaver,27,11,3,27,10.95,6.11,0,,,EoN(2014-01-14) Electricity Aq 1yr
542,Nightsaver,27,11,4,27,10.95,6.11,0,,,EoN(2014-01-14) Electricity Aq 1yr
548,Nightsaver,113,11,3,27,10.95,6.11,0,,,EoN(2014-01-14) Electricity Aq 1yr
548,Nightsaver,113,11,4,27,10.95,6.11,0,,,EoN(2014-01-14) Electricity Aq 1yr
542,Nightsaver,134,11,3,27,10.95,6.11,0,,,EoN(2014-01-14) Electricity Aq 1yr
542,Nightsaver,134,11,4,27,10.95,6.11,0,,,EoN(2014-01-14) Electricity Aq 1yr
548,Nightsaver,103,11,3,27,10.95,6.11,0,,,EoN(2014-01-14) Electricity Aq 1yr
548,Nightsaver,103,11,4,27,10.95,6.11,0,,,EoN(2014-01-14) Electricity Aq 1yr
613,Nightsaver,3,11,3,27,10.95,6.11,0,,,EoN(2014-01-14) Electricity Aq 1yr
613,Nightsaver,3,11,4,27,10.95,6.11,0,,,EoN(2014-01-14) Electricity Aq 1yr
548,Nightsaver,101,11,3,27,10.95,6.11,0,,,EoN(2014-01-14) Electricity Aq 1yr
548,Nightsaver,101,11,4,27,10.95,6.11,0,,,EoN(2014-01-14) Electricity Aq 1yr
542,Nightsaver,17,11,3,27,10.95,6.11,0,,,EoN(2014-01-14) Electricity Aq 1yr
542,Nightsaver,17,11,4,27,10.95,6.11,0,,,EoN(2014-01-14) Electricity Aq 1yr
548,Nightsaver,40,11,3,27,10.95,6.11,0,,,EoN(2014-01-14) Electricity Aq 1yr
548,Nightsaver,40,11,4,27,10.95,6.11,0,,,EoN(2014-01-14) Electricity Aq 1yr
542,Nightsaver,19,11,3,27,10.95,6.11,0,,,EoN(2014-01-14) Electricity Aq 1yr
542,Nightsaver,19,11,4,27,10.95,6.11,0,,,EoN(2014-01-14) Electricity Aq 1yr
542,Nightsaver,21,11,3,27,10.95,6.11,0,,,EoN(2014-01-14) Electricity Aq 1yr
542,Nightsaver,21,11,4,27,10.95,6.11,0,,,EoN(2014-01-14) Electricity Aq 1yr
110,Nightsaver,1,11,3,27,10.95,6.11,0,,,EoN(2014-01-14) Electricity Aq 1yr
110,Nightsaver,1,11,4,27,10.95,6.11,0,,,EoN(2014-01-14) Electricity Aq 1yr
542,Nightsaver,23,11,3,27,10.95,6.11,0,,,EoN(2014-01-14) Electricity Aq 1yr
542,Nightsaver,23,11,4,27,10.95,6.11,0,,,EoN(2014-01-14) Electricity Aq 1yr
613,Nightsaver,7,11,3,27,10.95,6.11,0,,,EoN(2014-01-14) Electricity Aq 1yr
613,Nightsaver,7,11,4,27,10.95,6.11,0,,,EoN(2014-01-14) Electricity Aq 1yr
542,Nightsaver,140,11,3,27,10.95,6.11,0,,,EoN(2014-01-14) Electricity Aq 1yr
542,Nightsaver,140,11,4,27,10.95,6.11,0,,,EoN(2014-01-14) Electricity Aq 1yr
548,Nightsaver,119,11,3,27,10.95,6.11,0,,,EoN(2014-01-14) Electricity Aq 1yr
548,Nightsaver,119,11,4,27,10.95,6.11,0,,,EoN(2014-01-14) Electricity Aq 1yr
150,Nightsaver,2,11,3,27,10.95,6.11,0,,,EoN(2014-01-14) Electricity Aq 1yr
150,Nightsaver,2,11,4,27,10.95,6.11,0,,,EoN(2014-01-14) Electricity Aq 1yr
653,Nightsaver,7,11,3,27,10.95,6.11,0,,,EoN(2014-01-14) Electricity Aq 1yr
653,Nightsaver,7,11,4,27,10.95,6.11,0,,,EoN(2014-01-14) Electricity Aq 1yr
150,Nightsaver,3,11,3,27,10.95,6.11,0,,,EoN(2014-01-14) Electricity Aq 1yr
150,Nightsaver,3,11,4,27,10.95,6.11,0,,,EoN(2014-01-14) Electricity Aq 1yr
106,Nightsaver,2,11,3,27,10.95,6.11,0,,,EoN(2014-01-14) Electricity Aq 1yr
106,Nightsaver,2,11,4,27,10.95,6.11,0,,,EoN(2014-01-14) Electricity Aq 1yr
106,Nightsaver,1,11,3,27,10.95,6.11,0,,,EoN(2014-01-14) Electricity Aq 1yr
106,Nightsaver,1,11,4,27,10.95,6.11,0,,,EoN(2014-01-14) Electricity Aq 1yr
648,Nightsaver,7,11,3,27,10.95,6.11,0,,,EoN(2014-01-14) Electricity Aq 1yr
648,Nightsaver,7,11,4,27,10.95,6.11,0,,,EoN(2014-01-14) Electricity Aq 1yr
106,Nightsaver,3,11,3,27,10.95,6.11,0,,,EoN(2014-01-14) Electricity Aq 1yr
106,Nightsaver,3,11,4,27,10.95,6.11,0,,,EoN(2014-01-14) Electricity Aq 1yr
542,Nightsaver,3,11,3,27,10.95,6.11,0,,,EoN(2014-01-14) Electricity Aq 1yr
542,Nightsaver,3,11,4,27,10.95,6.11,0,,,EoN(2014-01-14) Electricity Aq 1yr
608,Nightsaver,7,11,3,27,10.95,6.11,0,,,EoN(2014-01-14) Electricity Aq 1yr
608,Nightsaver,7,11,4,27,10.95,6.11,0,,,EoN(2014-01-14) Electricity Aq 1yr
150,Nightsaver,7,11,3,27,10.95,6.11,0,,,EoN(2014-01-14) Electricity Aq 1yr
150,Nightsaver,7,11,4,27,10.95,6.11,0,,,EoN(2014-01-14) Electricity Aq 1yr
653,Nightsaver,2,11,3,27,10.95,6.11,0,,,EoN(2014-01-14) Electricity Aq 1yr
653,Nightsaver,2,11,4,27,10.95,6.11,0,,,EoN(2014-01-14) Electricity Aq 1yr
106,Nightsaver,7,11,3,27,10.95,6.11,0,,,EoN(2014-01-14) Electricity Aq 1yr
106,Nightsaver,7,11,4,27,10.95,6.11,0,,,EoN(2014-01-14) Electricity Aq 1yr
653,Nightsaver,3,11,3,27,10.95,6.11,0,,,EoN(2014-01-14) Electricity Aq 1yr
653,Nightsaver,3,11,4,27,10.95,6.11,0,,,EoN(2014-01-14) Electricity Aq 1yr
648,Nightsaver,3,11,3,27,10.95,6.11,0,,,EoN(2014-01-14) Electricity Aq 1yr
648,Nightsaver,3,11,4,27,10.95,6.11,0,,,EoN(2014-01-14) Electricity Aq 1yr
146,Nightsaver,3,11,3,27,10.95,6.11,0,,,EoN(2014-01-14) Electricity Aq 1yr
146,Nightsaver,3,11,4,27,10.95,6.11,0,,,EoN(2014-01-14) Electricity Aq 1yr
548,Nightsaver,1,11,3,27,10.95,6.11,0,,,EoN(2014-01-14) Electricity Aq 1yr
548,Nightsaver,1,11,4,27,10.95,6.11,0,,,EoN(2014-01-14) Electricity Aq 1yr
548,Nightsaver,3,11,3,27,10.95,6.11,0,,,EoN(2014-01-14) Electricity Aq 1yr
548,Nightsaver,3,11,4,27,10.95,6.11,0,,,EoN(2014-01-14) Electricity Aq 1yr
548,Nightsaver,13,11,3,27,10.95,6.11,0,,,EoN(2014-01-14) Electricity Aq 1yr
548,Nightsaver,13,11,4,27,10.95,6.11,0,,,EoN(2014-01-14) Electricity Aq 1yr
548,Nightsaver,14,11,3,27,10.95,6.11,0,,,EoN(2014-01-14) Electricity Aq 1yr
548,Nightsaver,14,11,4,27,10.95,6.11,0,,,EoN(2014-01-14) Electricity Aq 1yr
608,Nightsaver,3,11,3,27,10.95,6.11,0,,,EoN(2014-01-14) Electricity Aq 1yr
608,Nightsaver,3,11,4,27,10.95,6.11,0,,,EoN(2014-01-14) Electricity Aq 1yr
548,Nightsaver,15,11,3,27,10.95,6.11,0,,,EoN(2014-01-14) Electricity Aq 1yr
548,Nightsaver,15,11,4,27,10.95,6.11,0,,,EoN(2014-01-14) Electricity Aq 1yr
548,Nightsaver,17,11,3,27,10.95,6.11,0,,,EoN(2014-01-14) Electricity Aq 1yr
548,Nightsaver,17,11,4,27,10.95,6.11,0,,,EoN(2014-01-14) Electricity Aq 1yr
542,Nightsaver,1,11,3,27,10.95,6.11,0,,,EoN(2014-01-14) Electricity Aq 1yr
542,Nightsaver,1,11,4,27,10.95,6.11,0,,,EoN(2014-01-14) Electricity Aq 1yr
831,Nightsaver,16,11,3,27,10.95,6.11,0,,,EoN(2014-01-14) Electricity Aq 1yr
831,Nightsaver,16,11,4,27,10.95,6.11,0,,,EoN(2014-01-14) Electricity Aq 1yr
831,Nightsaver,13,11,3,27,10.95,6.11,0,,,EoN(2014-01-14) Electricity Aq 1yr
831,Nightsaver,13,11,4,27,10.95,6.11,0,,,EoN(2014-01-14) Electricity Aq 1yr
831,Nightsaver,3,11,3,27,10.95,6.11,0,,,EoN(2014-01-14) Electricity Aq 1yr
831,Nightsaver,3,11,4,27,10.95,6.11,0,,,EoN(2014-01-14) Electricity Aq 1yr
831,Nightsaver,1,11,3,27,10.95,6.11,0,,,EoN(2014-01-14) Electricity Aq 1yr
831,Nightsaver,1,11,4,27,10.95,6.11,0,,,EoN(2014-01-14) Electricity Aq 1yr
830,Nightsaver,140,11,3,27,10.95,6.11,0,,,EoN(2014-01-14) Electricity Aq 1yr
830,Nightsaver,140,11,4,27,10.95,6.11,0,,,EoN(2014-01-14) Electricity Aq 1yr
830,Nightsaver,137,11,3,27,10.95,6.11,0,,,EoN(2014-01-14) Electricity Aq 1yr
830,Nightsaver,137,11,4,27,10.95,6.11,0,,,EoN(2014-01-14) Electricity Aq 1yr
831,Nightsaver,19,11,3,27,10.95,6.11,0,,,EoN(2014-01-14) Electricity Aq 1yr
831,Nightsaver,19,11,4,27,10.95,6.11,0,,,EoN(2014-01-14) Electricity Aq 1yr
830,Nightsaver,103,11,3,27,10.95,6.11,0,,,EoN(2014-01-14) Electricity Aq 1yr
830,Nightsaver,103,11,4,27,10.95,6.11,0,,,EoN(2014-01-14) Electricity Aq 1yr
831,Nightsaver,101,11,3,27,10.95,6.11,0,,,EoN(2014-01-14) Electricity Aq 1yr
831,Nightsaver,101,11,4,27,10.95,6.11,0,,,EoN(2014-01-14) Electricity Aq 1yr
830,Nightsaver,101,11,3,27,10.95,6.11,0,,,EoN(2014-01-14) Electricity Aq 1yr
830,Nightsaver,101,11,4,27,10.95,6.11,0,,,EoN(2014-01-14) Electricity Aq 1yr
830,Nightsaver,116,11,3,27,10.95,6.11,0,,,EoN(2014-01-14) Electricity Aq 1yr
830,Nightsaver,116,11,4,27,10.95,6.11,0,,,EoN(2014-01-14) Electricity Aq 1yr
831,Nightsaver,37,11,3,27,10.95,6.11,0,,,EoN(2014-01-14) Electricity Aq 1yr
831,Nightsaver,37,11,4,27,10.95,6.11,0,,,EoN(2014-01-14) Electricity Aq 1yr
831,Nightsaver,37,11,3,27,10.95,6.11,0,,,EoN(2014-01-14) Electricity Aq 1yr
831,Nightsaver,37,11,4,27,10.95,6.11,0,,,EoN(2014-01-14) Electricity Aq 1yr
830,Nightsaver,52,11,3,27,10.95,6.11,0,,,EoN(2014-01-14) Electricity Aq 1yr
830,Nightsaver,52,11,4,27,10.95,6.11,0,,,EoN(2014-01-14) Electricity Aq 1yr
831,Nightsaver,52,11,3,27,10.95,6.11,0,,,EoN(2014-01-14) Electricity Aq 1yr
831,Nightsaver,52,11,4,27,10.95,6.11,0,,,EoN(2014-01-14) Electricity Aq 1yr
830,Nightsaver,113,11,3,27,10.95,6.11,0,,,EoN(2014-01-14) Electricity Aq 1yr
830,Nightsaver,113,11,4,27,10.95,6.11,0,,,EoN(2014-01-14) Electricity Aq 1yr
831,Nightsaver,103,11,3,27,10.95,6.11,0,,,EoN(2014-01-14) Electricity Aq 1yr
831,Nightsaver,103,11,4,27,10.95,6.11,0,,,EoN(2014-01-14) Electricity Aq 1yr
831,Nightsaver,113,11,3,27,10.95,6.11,0,,,EoN(2014-01-14) Electricity Aq 1yr
831,Nightsaver,113,11,4,27,10.95,6.11,0,,,EoN(2014-01-14) Electricity Aq 1yr
831,Nightsaver,116,11,3,27,10.95,6.11,0,,,EoN(2014-01-14) Electricity Aq 1yr
831,Nightsaver,116,11,4,27,10.95,6.11,0,,,EoN(2014-01-14) Electricity Aq 1yr
831,Nightsaver,119,11,3,27,10.95,6.11,0,,,EoN(2014-01-14) Electricity Aq 1yr
831,Nightsaver,119,11,4,27,10.95,6.11,0,,,EoN(2014-01-14) Electricity Aq 1yr
831,Nightsaver,137,11,3,27,10.95,6.11,0,,,EoN(2014-01-14) Electricity Aq 1yr
831,Nightsaver,137,11,4,27,10.95,6.11,0,,,EoN(2014-01-14) Electricity Aq 1yr
831,Nightsaver,140,11,3,27,10.95,6.11,0,,,EoN(2014-01-14) Electricity Aq 1yr
831,Nightsaver,140,11,4,27,10.95,6.11,0,,,EoN(2014-01-14) Electricity Aq 1yr
831,Nightsaver,152,11,3,27,10.95,6.11,0,,,EoN(2014-01-14) Electricity Aq 1yr
831,Nightsaver,152,11,4,27,10.95,6.11,0,,,EoN(2014-01-14) Electricity Aq 1yr
831,Nightsaver,40,11,3,27,10.95,6.11,0,,,EoN(2014-01-14) Electricity Aq 1yr
831,Nightsaver,40,11,4,27,10.95,6.11,0,,,EoN(2014-01-14) Electricity Aq 1yr
830,Nightsaver,3,11,3,27,10.95,6.11,0,,,EoN(2014-01-14) Electricity Aq 1yr
830,Nightsaver,3,11,4,27,10.95,6.11,0,,,EoN(2014-01-14) Electricity Aq 1yr
830,Nightsaver,40,11,3,27,10.95,6.11,0,,,EoN(2014-01-14) Electricity Aq 1yr
830,Nightsaver,40,11,4,27,10.95,6.11,0,,,EoN(2014-01-14) Electricity Aq 1yr
830,Nightsaver,119,11,3,27,10.95,6.11,0,,,EoN(2014-01-14) Electricity Aq 1yr
830,Nightsaver,119,11,4,27,10.95,6.11,0,,,EoN(2014-01-14) Electricity Aq 1yr
830,Nightsaver,1,11,3,27,10.95,6.11,0,,,EoN(2014-01-14) Electricity Aq 1yr
830,Nightsaver,1,11,4,27,10.95,6.11,0,,,EoN(2014-01-14) Electricity Aq 1yr
830,Nightsaver,13,11,3,27,10.95,6.11,0,,,EoN(2014-01-14) Electricity Aq 1yr
830,Nightsaver,13,11,4,27,10.95,6.11,0,,,EoN(2014-01-14) Electricity Aq 1yr
830,Nightsaver,16,11,3,27,10.95,6.11,0,,,EoN(2014-01-14) Electricity Aq 1yr
830,Nightsaver,16,11,4,27,10.95,6.11,0,,,EoN(2014-01-14) Electricity Aq 1yr
830,Nightsaver,19,11,3,27,10.95,6.11,0,,,EoN(2014-01-14) Electricity Aq 1yr
830,Nightsaver,19,11,4,27,10.95,6.11,0,,,EoN(2014-01-14) Electricity Aq 1yr
830,Nightsaver,37,11,3,27,10.95,6.11,0,,,EoN(2014-01-14) Electricity Aq 1yr
830,Nightsaver,37,11,4,27,10.95,6.11,0,,,EoN(2014-01-14) Electricity Aq 1yr
830,Nightsaver,37,11,3,27,10.95,6.11,0,,,EoN(2014-01-14) Electricity Aq 1yr
830,Nightsaver,37,11,4,27,10.95,6.11,0,,,EoN(2014-01-14) Electricity Aq 1yr
830,Nightsaver,152,11,3,27,10.95,6.11,0,,,EoN(2014-01-14) Electricity Aq 1yr
830,Nightsaver,152,11,4,27,10.95,6.11,0,,,EoN(2014-01-14) Electricity Aq 1yr
542,Nightsaver,140,11,3,27,10.95,6.11,0,,,EoN(2014-01-14) Electricity Aq 1yr
542,Nightsaver,140,11,4,27,10.95,6.11,0,,,EoN(2014-01-14) Electricity Aq 1yr
548,Nightsaver,140,11,3,27,10.95,6.11,0,,,EoN(2014-01-14) Electricity Aq 1yr
548,Nightsaver,140,11,4,27,10.95,6.11,0,,,EoN(2014-01-14) Electricity Aq 1yr
542,Nightsaver,134,11,3,27,10.95,6.11,0,,,EoN(2014-01-14) Electricity Aq 1yr
542,Nightsaver,134,11,4,27,10.95,6.11,0,,,EoN(2014-01-14) Electricity Aq 1yr
648,Nightsaver,3,11,3,27,10.95,6.11,0,,,EoN(2014-01-14) Electricity Aq 1yr
648,Nightsaver,3,11,4,27,10.95,6.11,0,,,EoN(2014-01-14) Electricity Aq 1yr
548,Nightsaver,134,11,3,27,10.95,6.11,0,,,EoN(2014-01-14) Electricity Aq 1yr
548,Nightsaver,134,11,4,27,10.95,6.11,0,,,EoN(2014-01-14) Electricity Aq 1yr
548,Nightsaver,119,11,3,27,10.95,6.11,0,,,EoN(2014-01-14) Electricity Aq 1yr
548,Nightsaver,119,11,4,27,10.95,6.11,0,,,EoN(2014-01-14) Electricity Aq 1yr
542,Nightsaver,119,11,3,27,10.95,6.11,0,,,EoN(2014-01-14) Electricity Aq 1yr
542,Nightsaver,119,11,4,27,10.95,6.11,0,,,EoN(2014-01-14) Electricity Aq 1yr
548,Nightsaver,103,11,3,27,10.95,6.11,0,,,EoN(2014-01-14) Electricity Aq 1yr
548,Nightsaver,103,11,4,27,10.95,6.11,0,,,EoN(2014-01-14) Electricity Aq 1yr
608,Nightsaver,7,11,3,27,10.95,6.11,0,,,EoN(2014-01-14) Electricity Aq 1yr
608,Nightsaver,7,11,4,27,10.95,6.11,0,,,EoN(2014-01-14) Electricity Aq 1yr
548,Nightsaver,40,11,3,27,10.95,6.11,0,,,EoN(2014-01-14) Electricity Aq 1yr
548,Nightsaver,40,11,4,27,10.95,6.11,0,,,EoN(2014-01-14) Electricity Aq 1yr
548,Nightsaver,37,11,3,27,10.95,6.11,0,,,EoN(2014-01-14) Electricity Aq 1yr
548,Nightsaver,37,11,4,27,10.95,6.11,0,,,EoN(2014-01-14) Electricity Aq 1yr
548,Nightsaver,113,11,3,27,10.95,6.11,0,,,EoN(2014-01-14) Electricity Aq 1yr
548,Nightsaver,113,11,4,27,10.95,6.11,0,,,EoN(2014-01-14) Electricity Aq 1yr
542,Nightsaver,23,11,3,27,10.95,6.11,0,,,EoN(2014-01-14) Electricity Aq 1yr
542,Nightsaver,23,11,4,27,10.95,6.11,0,,,EoN(2014-01-14) Electricity Aq 1yr
648,Nightsaver,7,11,3,27,10.95,6.11,0,,,EoN(2014-01-14) Electricity Aq 1yr
648,Nightsaver,7,11,4,27,10.95,6.11,0,,,EoN(2014-01-14) Electricity Aq 1yr
542,Nightsaver,40,11,3,27,10.95,6.11,0,,,EoN(2014-01-14) Electricity Aq 1yr
542,Nightsaver,40,11,4,27,10.95,6.11,0,,,EoN(2014-01-14) Electricity Aq 1yr
146,Nightsaver,1,11,3,27,10.95,6.11,0,,,EoN(2014-01-14) Electricity Aq 1yr
146,Nightsaver,1,11,4,27,10.95,6.11,0,,,EoN(2014-01-14) Electricity Aq 1yr
542,Nightsaver,101,11,3,27,10.95,6.11,0,,,EoN(2014-01-14) Electricity Aq 1yr
542,Nightsaver,101,11,4,27,10.95,6.11,0,,,EoN(2014-01-14) Electricity Aq 1yr
542,Nightsaver,34,11,3,27,10.95,6.11,0,,,EoN(2014-01-14) Electricity Aq 1yr
542,Nightsaver,34,11,4,27,10.95,6.11,0,,,EoN(2014-01-14) Electricity Aq 1yr
542,Nightsaver,29,11,3,27,10.95,6.11,0,,,EoN(2014-01-14) Electricity Aq 1yr
542,Nightsaver,29,11,4,27,10.95,6.11,0,,,EoN(2014-01-14) Electricity Aq 1yr
613,Nightsaver,7,11,3,27,10.95,6.11,0,,,EoN(2014-01-14) Electricity Aq 1yr
613,Nightsaver,7,11,4,27,10.95,6.11,0,,,EoN(2014-01-14) Electricity Aq 1yr
542,Nightsaver,103,11,3,27,10.95,6.11,0,,,EoN(2014-01-14) Electricity Aq 1yr
542,Nightsaver,103,11,4,27,10.95,6.11,0,,,EoN(2014-01-14) Electricity Aq 1yr
146,Nightsaver,2,11,3,27,10.95,6.11,0,,,EoN(2014-01-14) Electricity Aq 1yr
146,Nightsaver,2,11,4,27,10.95,6.11,0,,,EoN(2014-01-14) Electricity Aq 1yr
150,Nightsaver,3,11,3,27,10.95,6.11,0,,,EoN(2014-01-14) Electricity Aq 1yr
150,Nightsaver,3,11,4,27,10.95,6.11,0,,,EoN(2014-01-14) Electricity Aq 1yr
542,Nightsaver,21,11,3,27,10.95,6.11,0,,,EoN(2014-01-14) Electricity Aq 1yr
542,Nightsaver,21,11,4,27,10.95,6.11,0,,,EoN(2014-01-14) Electricity Aq 1yr
542,Nightsaver,1,11,3,27,10.95,6.11,0,,,EoN(2014-01-14) Electricity Aq 1yr
542,Nightsaver,1,11,4,27,10.95,6.11,0,,,EoN(2014-01-14) Electricity Aq 1yr
542,Nightsaver,19,11,3,27,10.95,6.11,0,,,EoN(2014-01-14) Electricity Aq 1yr
542,Nightsaver,19,11,4,27,10.95,6.11,0,,,EoN(2014-01-14) Electricity Aq 1yr
542,Nightsaver,113,11,3,27,10.95,6.11,0,,,EoN(2014-01-14) Electricity Aq 1yr
542,Nightsaver,113,11,4,27,10.95,6.11,0,,,EoN(2014-01-14) Electricity Aq 1yr
150,Nightsaver,2,11,3,27,10.95,6.11,0,,,EoN(2014-01-14) Electricity Aq 1yr
150,Nightsaver,2,11,4,27,10.95,6.11,0,,,EoN(2014-01-14) Electricity Aq 1yr
613,Nightsaver,3,11,3,27,10.95,6.11,0,,,EoN(2014-01-14) Electricity Aq 1yr
613,Nightsaver,3,11,4,27,10.95,6.11,0,,,EoN(2014-01-14) Electricity Aq 1yr
613,Nightsaver,2,11,3,27,10.95,6.11,0,,,EoN(2014-01-14) Electricity Aq 1yr
613,Nightsaver,2,11,4,27,10.95,6.11,0,,,EoN(2014-01-14) Electricity Aq 1yr
542,Nightsaver,27,11,3,27,10.95,6.11,0,,,EoN(2014-01-14) Electricity Aq 1yr
542,Nightsaver,27,11,4,27,10.95,6.11,0,,,EoN(2014-01-14) Electricity Aq 1yr
150,Nightsaver,7,11,3,27,10.95,6.11,0,,,EoN(2014-01-14) Electricity Aq 1yr
150,Nightsaver,7,11,4,27,10.95,6.11,0,,,EoN(2014-01-14) Electricity Aq 1yr
106,Nightsaver,1,11,3,27,10.95,6.11,0,,,EoN(2014-01-14) Electricity Aq 1yr
106,Nightsaver,1,11,4,27,10.95,6.11,0,,,EoN(2014-01-14) Electricity Aq 1yr
548,Nightsaver,12,11,3,27,10.95,6.11,0,,,EoN(2014-01-14) Electricity Aq 1yr
548,Nightsaver,12,11,4,27,10.95,6.11,0,,,EoN(2014-01-14) Electricity Aq 1yr
548,Nightsaver,3,11,3,27,10.95,6.11,0,,,EoN(2014-01-14) Electricity Aq 1yr
548,Nightsaver,3,11,4,27,10.95,6.11,0,,,EoN(2014-01-14) Electricity Aq 1yr
548,Nightsaver,1,11,3,27,10.95,6.11,0,,,EoN(2014-01-14) Electricity Aq 1yr
548,Nightsaver,1,11,4,27,10.95,6.11,0,,,EoN(2014-01-14) Electricity Aq 1yr
653,Nightsaver,2,11,3,27,10.95,6.11,0,,,EoN(2014-01-14) Electricity Aq 1yr
653,Nightsaver,2,11,4,27,10.95,6.11,0,,,EoN(2014-01-14) Electricity Aq 1yr
648,Nightsaver,2,11,3,27,10.95,6.11,0,,,EoN(2014-01-14) Electricity Aq 1yr
648,Nightsaver,2,11,4,27,10.95,6.11,0,,,EoN(2014-01-14) Electricity Aq 1yr
548,Nightsaver,14,11,3,27,10.95,6.11,0,,,EoN(2014-01-14) Electricity Aq 1yr
548,Nightsaver,14,11,4,27,10.95,6.11,0,,,EoN(2014-01-14) Electricity Aq 1yr
146,Nightsaver,3,11,3,27,10.95,6.11,0,,,EoN(2014-01-14) Electricity Aq 1yr
146,Nightsaver,3,11,4,27,10.95,6.11,0,,,EoN(2014-01-14) Electricity Aq 1yr
548,Nightsaver,15,11,3,27,10.95,6.11,0,,,EoN(2014-01-14) Electricity Aq 1yr
548,Nightsaver,15,11,4,27,10.95,6.11,0,,,EoN(2014-01-14) Electricity Aq 1yr
653,Nightsaver,3,11,3,27,10.95,6.11,0,,,EoN(2014-01-14) Electricity Aq 1yr
653,Nightsaver,3,11,4,27,10.95,6.11,0,,,EoN(2014-01-14) Electricity Aq 1yr
653,Nightsaver,7,11,3,27,10.95,6.11,0,,,EoN(2014-01-14) Electricity Aq 1yr
653,Nightsaver,7,11,4,27,10.95,6.11,0,,,EoN(2014-01-14) Electricity Aq 1yr
542,Nightsaver,14,11,3,27,10.95,6.11,0,,,EoN(2014-01-14) Electricity Aq 1yr
542,Nightsaver,14,11,4,27,10.95,6.11,0,,,EoN(2014-01-14) Electricity Aq 1yr
542,Nightsaver,13,11,3,27,10.95,6.11,0,,,EoN(2014-01-14) Electricity Aq 1yr
542,Nightsaver,13,11,4,27,10.95,6.11,0,,,EoN(2014-01-14) Electricity Aq 1yr
608,Nightsaver,2,11,3,27,10.95,6.11,0,,,EoN(2014-01-14) Electricity Aq 1yr
608,Nightsaver,2,11,4,27,10.95,6.11,0,,,EoN(2014-01-14) Electricity Aq 1yr
548,Nightsaver,101,11,3,27,10.95,6.11,0,,,EoN(2014-01-14) Electricity Aq 1yr
548,Nightsaver,101,11,4,27,10.95,6.11,0,,,EoN(2014-01-14) Electricity Aq 1yr
542,Nightsaver,12,11,3,27,10.95,6.11,0,,,EoN(2014-01-14) Electricity Aq 1yr
542,Nightsaver,12,11,4,27,10.95,6.11,0,,,EoN(2014-01-14) Electricity Aq 1yr
146,Nightsaver,7,11,3,27,10.95,6.11,0,,,EoN(2014-01-14) Electricity Aq 1yr
146,Nightsaver,7,11,4,27,10.95,6.11,0,,,EoN(2014-01-14) Electricity Aq 1yr
542,Nightsaver,15,11,3,27,10.95,6.11,0,,,EoN(2014-01-14) Electricity Aq 1yr
542,Nightsaver,15,11,4,27,10.95,6.11,0,,,EoN(2014-01-14) Electricity Aq 1yr
110,Nightsaver,7,11,3,27,10.95,6.11,0,,,EoN(2014-01-14) Electricity Aq 1yr
110,Nightsaver,7,11,4,27,10.95,6.11,0,,,EoN(2014-01-14) Electricity Aq 1yr
110,Nightsaver,3,11,3,27,10.95,6.11,0,,,EoN(2014-01-14) Electricity Aq 1yr
110,Nightsaver,3,11,4,27,10.95,6.11,0,,,EoN(2014-01-14) Electricity Aq 1yr
106,Nightsaver,7,11,3,27,10.95,6.11,0,,,EoN(2014-01-14) Electricity Aq 1yr
106,Nightsaver,7,11,4,27,10.95,6.11,0,,,EoN(2014-01-14) Electricity Aq 1yr
106,Nightsaver,3,11,3,27,10.95,6.11,0,,,EoN(2014-01-14) Electricity Aq 1yr
106,Nightsaver,3,11,4,27,10.95,6.11,0,,,EoN(2014-01-14) Electricity Aq 1yr
106,Nightsaver,2,11,3,27,10.95,6.11,0,,,EoN(2014-01-14) Electricity Aq 1yr
106,Nightsaver,2,11,4,27,10.95,6.11,0,,,EoN(2014-01-14) Electricity Aq 1yr
542,Nightsaver,37,11,3,27,10.95,6.11,0,,,EoN(2014-01-14) Electricity Aq 1yr
542,Nightsaver,37,11,4,27,10.95,6.11,0,,,EoN(2014-01-14) Electricity Aq 1yr
548,Nightsaver,34,11,3,27,10.95,6.11,0,,,EoN(2014-01-14) Electricity Aq 1yr
548,Nightsaver,34,11,4,27,10.95,6.11,0,,,EoN(2014-01-14) Electricity Aq 1yr
548,Nightsaver,13,11,3,27,10.95,6.11,0,,,EoN(2014-01-14) Electricity Aq 1yr
548,Nightsaver,13,11,4,27,10.95,6.11,0,,,EoN(2014-01-14) Electricity Aq 1yr
548,Nightsaver,29,11,3,27,10.95,6.11,0,,,EoN(2014-01-14) Electricity Aq 1yr
548,Nightsaver,29,11,4,27,10.95,6.11,0,,,EoN(2014-01-14) Electricity Aq 1yr
542,Nightsaver,17,11,3,27,10.95,6.11,0,,,EoN(2014-01-14) Electricity Aq 1yr
542,Nightsaver,17,11,4,27,10.95,6.11,0,,,EoN(2014-01-14) Electricity Aq 1yr
542,Nightsaver,3,11,3,27,10.95,6.11,0,,,EoN(2014-01-14) Electricity Aq 1yr
542,Nightsaver,3,11,4,27,10.95,6.11,0,,,EoN(2014-01-14) Electricity Aq 1yr
110,Nightsaver,2,11,3,27,10.95,6.11,0,,,EoN(2014-01-14) Electricity Aq 1yr
110,Nightsaver,2,11,4,27,10.95,6.11,0,,,EoN(2014-01-14) Electricity Aq 1yr
548,Nightsaver,27,11,3,27,10.95,6.11,0,,,EoN(2014-01-14) Electricity Aq 1yr
548,Nightsaver,27,11,4,27,10.95,6.11,0,,,EoN(2014-01-14) Electricity Aq 1yr
548,Nightsaver,23,11,3,27,10.95,6.11,0,,,EoN(2014-01-14) Electricity Aq 1yr
548,Nightsaver,23,11,4,27,10.95,6.11,0,,,EoN(2014-01-14) Electricity Aq 1yr
548,Nightsaver,21,11,3,27,10.95,6.11,0,,,EoN(2014-01-14) Electricity Aq 1yr
548,Nightsaver,21,11,4,27,10.95,6.11,0,,,EoN(2014-01-14) Electricity Aq 1yr
548,Nightsaver,19,11,3,27,10.95,6.11,0,,,EoN(2014-01-14) Electricity Aq 1yr
548,Nightsaver,19,11,4,27,10.95,6.11,0,,,EoN(2014-01-14) Electricity Aq 1yr
548,Nightsaver,17,11,3,27,10.95,6.11,0,,,EoN(2014-01-14) Electricity Aq 1yr
548,Nightsaver,17,11,4,27,10.95,6.11,0,,,EoN(2014-01-14) Electricity Aq 1yr
608,Nightsaver,3,11,3,27,10.95,6.11,0,,,EoN(2014-01-14) Electricity Aq 1yr
608,Nightsaver,3,11,4,27,10.95,6.11,0,,,EoN(2014-01-14) Electricity Aq 1yr
831,Nightsaver,13,11,3,27,10.95,6.11,0,,,EoN(2014-01-14) Electricity Aq 1yr
831,Nightsaver,13,11,4,27,10.95,6.11,0,,,EoN(2014-01-14) Electricity Aq 1yr
831,Nightsaver,116,11,3,27,10.95,6.11,0,,,EoN(2014-01-14) Electricity Aq 1yr
831,Nightsaver,116,11,4,27,10.95,6.11,0,,,EoN(2014-01-14) Electricity Aq 1yr
831,Nightsaver,40,11,3,27,10.95,6.11,0,,,EoN(2014-01-14) Electricity Aq 1yr
831,Nightsaver,40,11,4,27,10.95,6.11,0,,,EoN(2014-01-14) Electricity Aq 1yr
831,Nightsaver,16,11,3,27,10.95,6.11,0,,,EoN(2014-01-14) Electricity Aq 1yr
831,Nightsaver,16,11,4,27,10.95,6.11,0,,,EoN(2014-01-14) Electricity Aq 1yr
831,Nightsaver,19,11,3,27,10.95,6.11,0,,,EoN(2014-01-14) Electricity Aq 1yr
831,Nightsaver,19,11,4,27,10.95,6.11,0,,,EoN(2014-01-14) Electricity Aq 1yr
831,Nightsaver,37,11,3,27,10.95,6.11,0,,,EoN(2014-01-14) Electricity Aq 1yr
831,Nightsaver,37,11,4,27,10.95,6.11,0,,,EoN(2014-01-14) Electricity Aq 1yr
831,Nightsaver,37,11,3,27,10.95,6.11,0,,,EoN(2014-01-14) Electricity Aq 1yr
831,Nightsaver,37,11,4,27,10.95,6.11,0,,,EoN(2014-01-14) Electricity Aq 1yr
831,Nightsaver,52,11,3,27,10.95,6.11,0,,,EoN(2014-01-14) Electricity Aq 1yr
831,Nightsaver,52,11,4,27,10.95,6.11,0,,,EoN(2014-01-14) Electricity Aq 1yr
831,Nightsaver,101,11,3,27,10.95,6.11,0,,,EoN(2014-01-14) Electricity Aq 1yr
831,Nightsaver,101,11,4,27,10.95,6.11,0,,,EoN(2014-01-14) Electricity Aq 1yr
831,Nightsaver,3,11,3,27,10.95,6.11,0,,,EoN(2014-01-14) Electricity Aq 1yr
831,Nightsaver,3,11,4,27,10.95,6.11,0,,,EoN(2014-01-14) Electricity Aq 1yr
831,Nightsaver,113,11,3,27,10.95,6.11,0,,,EoN(2014-01-14) Electricity Aq 1yr
831,Nightsaver,113,11,4,27,10.95,6.11,0,,,EoN(2014-01-14) Electricity Aq 1yr
830,Nightsaver,113,11,3,27,10.95,6.11,0,,,EoN(2014-01-14) Electricity Aq 1yr
830,Nightsaver,113,11,4,27,10.95,6.11,0,,,EoN(2014-01-14) Electricity Aq 1yr
831,Nightsaver,119,11,3,27,10.95,6.11,0,,,EoN(2014-01-14) Electricity Aq 1yr
831,Nightsaver,119,11,4,27,10.95,6.11,0,,,EoN(2014-01-14) Electricity Aq 1yr
831,Nightsaver,137,11,3,27,10.95,6.11,0,,,EoN(2014-01-14) Electricity Aq 1yr
831,Nightsaver,137,11,4,27,10.95,6.11,0,,,EoN(2014-01-14) Electricity Aq 1yr
831,Nightsaver,140,11,3,27,10.95,6.11,0,,,EoN(2014-01-14) Electricity Aq 1yr
831,Nightsaver,140,11,4,27,10.95,6.11,0,,,EoN(2014-01-14) Electricity Aq 1yr
831,Nightsaver,103,11,3,27,10.95,6.11,0,,,EoN(2014-01-14) Electricity Aq 1yr
831,Nightsaver,103,11,4,27,10.95,6.11,0,,,EoN(2014-01-14) Electricity Aq 1yr
830,Nightsaver,1,11,3,27,10.95,6.11,0,,,EoN(2014-01-14) Electricity Aq 1yr
830,Nightsaver,1,11,4,27,10.95,6.11,0,,,EoN(2014-01-14) Electricity Aq 1yr
831,Nightsaver,152,11,3,27,10.95,6.11,0,,,EoN(2014-01-14) Electricity Aq 1yr
831,Nightsaver,152,11,4,27,10.95,6.11,0,,,EoN(2014-01-14) Electricity Aq 1yr
830,Nightsaver,37,11,3,27,10.95,6.11,0,,,EoN(2014-01-14) Electricity Aq 1yr
830,Nightsaver,37,11,4,27,10.95,6.11,0,,,EoN(2014-01-14) Electricity Aq 1yr
830,Nightsaver,3,11,3,27,10.95,6.11,0,,,EoN(2014-01-14) Electricity Aq 1yr
830,Nightsaver,3,11,4,27,10.95,6.11,0,,,EoN(2014-01-14) Electricity Aq 1yr
830,Nightsaver,13,11,3,27,10.95,6.11,0,,,EoN(2014-01-14) Electricity Aq 1yr
830,Nightsaver,13,11,4,27,10.95,6.11,0,,,EoN(2014-01-14) Electricity Aq 1yr
830,Nightsaver,19,11,3,27,10.95,6.11,0,,,EoN(2014-01-14) Electricity Aq 1yr
830,Nightsaver,19,11,4,27,10.95,6.11,0,,,EoN(2014-01-14) Electricity Aq 1yr
830,Nightsaver,37,11,3,27,10.95,6.11,0,,,EoN(2014-01-14) Electricity Aq 1yr
830,Nightsaver,37,11,4,27,10.95,6.11,0,,,EoN(2014-01-14) Electricity Aq 1yr
830,Nightsaver,119,11,3,27,10.95,6.11,0,,,EoN(2014-01-14) Electricity Aq 1yr
830,Nightsaver,119,11,4,27,10.95,6.11,0,,,EoN(2014-01-14) Electricity Aq 1yr
830,Nightsaver,52,11,3,27,10.95,6.11,0,,,EoN(2014-01-14) Electricity Aq 1yr
830,Nightsaver,52,11,4,27,10.95,6.11,0,,,EoN(2014-01-14) Electricity Aq 1yr
831,Nightsaver,1,11,3,27,10.95,6.11,0,,,EoN(2014-01-14) Electricity Aq 1yr
831,Nightsaver,1,11,4,27,10.95,6.11,0,,,EoN(2014-01-14) Electricity Aq 1yr
830,Nightsaver,101,11,3,27,10.95,6.11,0,,,EoN(2014-01-14) Electricity Aq 1yr
830,Nightsaver,101,11,4,27,10.95,6.11,0,,,EoN(2014-01-14) Electricity Aq 1yr
830,Nightsaver,103,11,3,27,10.95,6.11,0,,,EoN(2014-01-14) Electricity Aq 1yr
830,Nightsaver,103,11,4,27,10.95,6.11,0,,,EoN(2014-01-14) Electricity Aq 1yr
830,Nightsaver,116,11,3,27,10.95,6.11,0,,,EoN(2014-01-14) Electricity Aq 1yr
830,Nightsaver,116,11,4,27,10.95,6.11,0,,,EoN(2014-01-14) Electricity Aq 1yr
830,Nightsaver,137,11,3,27,10.95,6.11,0,,,EoN(2014-01-14) Electricity Aq 1yr
830,Nightsaver,137,11,4,27,10.95,6.11,0,,,EoN(2014-01-14) Electricity Aq 1yr
830,Nightsaver,140,11,3,27,10.95,6.11,0,,,EoN(2014-01-14) Electricity Aq 1yr
830,Nightsaver,140,11,4,27,10.95,6.11,0,,,EoN(2014-01-14) Electricity Aq 1yr
830,Nightsaver,152,11,3,27,10.95,6.11,0,,,EoN(2014-01-14) Electricity Aq 1yr
830,Nightsaver,152,11,4,27,10.95,6.11,0,,,EoN(2014-01-14) Electricity Aq 1yr
830,Nightsaver,40,11,3,27,10.95,6.11,0,,,EoN(2014-01-14) Electricity Aq 1yr
830,Nightsaver,40,11,4,27,10.95,6.11,0,,,EoN(2014-01-14) Electricity Aq 1yr
830,Nightsaver,16,11,3,27,10.95,6.11,0,,,EoN(2014-01-14) Electricity Aq 1yr
830,Nightsaver,16,11,4,27,10.95,6.11,0,,,EoN(2014-01-14) Electricity Aq 1yr
548,Nightsaver,140,11,3,27,10.95,6.11,0,,,EoN(2014-01-14) Electricity Aq 1yr
548,Nightsaver,140,11,4,27,10.95,6.11,0,,,EoN(2014-01-14) Electricity Aq 1yr
548,Nightsaver,134,11,3,27,10.95,6.11,0,,,EoN(2014-01-14) Electricity Aq 1yr
548,Nightsaver,134,11,4,27,10.95,6.11,0,,,EoN(2014-01-14) Electricity Aq 1yr
146,Nightsaver,2,11,3,27,10.95,6.11,0,,,EoN(2014-01-14) Electricity Aq 1yr
146,Nightsaver,2,11,4,27,10.95,6.11,0,,,EoN(2014-01-14) Electricity Aq 1yr
653,Nightsaver,2,11,3,27,10.95,6.11,0,,,EoN(2014-01-14) Electricity Aq 1yr
653,Nightsaver,2,11,4,27,10.95,6.11,0,,,EoN(2014-01-14) Electricity Aq 1yr
653,Nightsaver,3,11,3,27,10.95,6.11,0,,,EoN(2014-01-14) Electricity Aq 1yr
653,Nightsaver,3,11,4,27,10.95,6.11,0,,,EoN(2014-01-14) Electricity Aq 1yr
150,Nightsaver,7,11,3,27,10.95,6.11,0,,,EoN(2014-01-14) Electricity Aq 1yr
150,Nightsaver,7,11,4,27,10.95,6.11,0,,,EoN(2014-01-14) Electricity Aq 1yr
150,Nightsaver,3,11,3,27,10.95,6.11,0,,,EoN(2014-01-14) Electricity Aq 1yr
150,Nightsaver,3,11,4,27,10.95,6.11,0,,,EoN(2014-01-14) Electricity Aq 1yr
150,Nightsaver,2,11,3,27,10.95,6.11,0,,,EoN(2014-01-14) Electricity Aq 1yr
150,Nightsaver,2,11,4,27,10.95,6.11,0,,,EoN(2014-01-14) Electricity Aq 1yr
146,Nightsaver,7,11,3,27,10.95,6.11,0,,,EoN(2014-01-14) Electricity Aq 1yr
146,Nightsaver,7,11,4,27,10.95,6.11,0,,,EoN(2014-01-14) Electricity Aq 1yr
653,Nightsaver,7,11,3,27,10.95,6.11,0,,,EoN(2014-01-14) Electricity Aq 1yr
653,Nightsaver,7,11,4,27,10.95,6.11,0,,,EoN(2014-01-14) Electricity Aq 1yr
648,Nightsaver,2,11,3,27,10.95,6.11,0,,,EoN(2014-01-14) Electricity Aq 1yr
648,Nightsaver,2,11,4,27,10.95,6.11,0,,,EoN(2014-01-14) Electricity Aq 1yr
146,Nightsaver,3,11,3,27,10.95,6.11,0,,,EoN(2014-01-14) Electricity Aq 1yr
146,Nightsaver,3,11,4,27,10.95,6.11,0,,,EoN(2014-01-14) Electricity Aq 1yr
648,Nightsaver,7,11,3,27,10.95,6.11,0,,,EoN(2014-01-14) Electricity Aq 1yr
648,Nightsaver,7,11,4,27,10.95,6.11,0,,,EoN(2014-01-14) Electricity Aq 1yr
648,Nightsaver,3,11,3,27,10.95,6.11,0,,,EoN(2014-01-14) Electricity Aq 1yr
648,Nightsaver,3,11,4,27,10.95,6.11,0,,,EoN(2014-01-14) Electricity Aq 1yr
613,Nightsaver,7,11,3,27,10.95,6.11,0,,,EoN(2014-01-14) Electricity Aq 1yr
613,Nightsaver,7,11,4,27,10.95,6.11,0,,,EoN(2014-01-14) Electricity Aq 1yr
613,Nightsaver,3,11,3,27,10.95,6.11,0,,,EoN(2014-01-14) Electricity Aq 1yr
613,Nightsaver,3,11,4,27,10.95,6.11,0,,,EoN(2014-01-14) Electricity Aq 1yr
613,Nightsaver,2,11,3,27,10.95,6.11,0,,,EoN(2014-01-14) Electricity Aq 1yr
613,Nightsaver,2,11,4,27,10.95,6.11,0,,,EoN(2014-01-14) Electricity Aq 1yr
146,Nightsaver,1,11,3,27,10.95,6.11,0,,,EoN(2014-01-14) Electricity Aq 1yr
146,Nightsaver,1,11,4,27,10.95,6.11,0,,,EoN(2014-01-14) Electricity Aq 1yr
548,Nightsaver,21,11,3,27,10.95,6.11,0,,,EoN(2014-01-14) Electricity Aq 1yr
548,Nightsaver,21,11,4,27,10.95,6.11,0,,,EoN(2014-01-14) Electricity Aq 1yr
548,Nightsaver,27,11,3,27,10.95,6.11,0,,,EoN(2014-01-14) Electricity Aq 1yr
548,Nightsaver,27,11,4,27,10.95,6.11,0,,,EoN(2014-01-14) Electricity Aq 1yr
548,Nightsaver,3,11,3,27,10.95,6.11,0,,,EoN(2014-01-14) Electricity Aq 1yr
548,Nightsaver,3,11,4,27,10.95,6.11,0,,,EoN(2014-01-14) Electricity Aq 1yr
548,Nightsaver,12,11,3,27,10.95,6.11,0,,,EoN(2014-01-14) Electricity Aq 1yr
548,Nightsaver,12,11,4,27,10.95,6.11,0,,,EoN(2014-01-14) Electricity Aq 1yr
548,Nightsaver,13,11,3,27,10.95,6.11,0,,,EoN(2014-01-14) Electricity Aq 1yr
548,Nightsaver,13,11,4,27,10.95,6.11,0,,,EoN(2014-01-14) Electricity Aq 1yr
548,Nightsaver,14,11,3,27,10.95,6.11,0,,,EoN(2014-01-14) Electricity Aq 1yr
548,Nightsaver,14,11,4,27,10.95,6.11,0,,,EoN(2014-01-14) Electricity Aq 1yr
548,Nightsaver,15,11,3,27,10.95,6.11,0,,,EoN(2014-01-14) Electricity Aq 1yr
548,Nightsaver,15,11,4,27,10.95,6.11,0,,,EoN(2014-01-14) Electricity Aq 1yr
542,Nightsaver,113,11,3,27,10.95,6.11,0,,,EoN(2014-01-14) Electricity Aq 1yr
542,Nightsaver,113,11,4,27,10.95,6.11,0,,,EoN(2014-01-14) Electricity Aq 1yr
548,Nightsaver,19,11,3,27,10.95,6.11,0,,,EoN(2014-01-14) Electricity Aq 1yr
548,Nightsaver,19,11,4,27,10.95,6.11,0,,,EoN(2014-01-14) Electricity Aq 1yr
110,Nightsaver,7,11,3,27,10.95,6.11,0,,,EoN(2014-01-14) Electricity Aq 1yr
110,Nightsaver,7,11,4,27,10.95,6.11,0,,,EoN(2014-01-14) Electricity Aq 1yr
548,Nightsaver,23,11,3,27,10.95,6.11,0,,,EoN(2014-01-14) Electricity Aq 1yr
548,Nightsaver,23,11,4,27,10.95,6.11,0,,,EoN(2014-01-14) Electricity Aq 1yr
608,Nightsaver,3,11,3,27,10.95,6.11,0,,,EoN(2014-01-14) Electricity Aq 1yr
608,Nightsaver,3,11,4,27,10.95,6.11,0,,,EoN(2014-01-14) Electricity Aq 1yr
542,Nightsaver,103,11,3,27,10.95,6.11,0,,,EoN(2014-01-14) Electricity Aq 1yr
542,Nightsaver,103,11,4,27,10.95,6.11,0,,,EoN(2014-01-14) Electricity Aq 1yr
542,Nightsaver,23,11,3,27,10.95,6.11,0,,,EoN(2014-01-14) Electricity Aq 1yr
542,Nightsaver,23,11,4,27,10.95,6.11,0,,,EoN(2014-01-14) Electricity Aq 1yr
542,Nightsaver,29,11,3,27,10.95,6.11,0,,,EoN(2014-01-14) Electricity Aq 1yr
542,Nightsaver,29,11,4,27,10.95,6.11,0,,,EoN(2014-01-14) Electricity Aq 1yr
542,Nightsaver,40,11,3,27,10.95,6.11,0,,,EoN(2014-01-14) Electricity Aq 1yr
542,Nightsaver,40,11,4,27,10.95,6.11,0,,,EoN(2014-01-14) Electricity Aq 1yr
542,Nightsaver,134,11,3,27,10.95,6.11,0,,,EoN(2014-01-14) Electricity Aq 1yr
542,Nightsaver,134,11,4,27,10.95,6.11,0,,,EoN(2014-01-14) Electricity Aq 1yr
548,Nightsaver,17,11,3,27,10.95,6.11,0,,,EoN(2014-01-14) Electricity Aq 1yr
548,Nightsaver,17,11,4,27,10.95,6.11,0,,,EoN(2014-01-14) Electricity Aq 1yr
608,Nightsaver,7,11,3,27,10.95,6.11,0,,,EoN(2014-01-14) Electricity Aq 1yr
608,Nightsaver,7,11,4,27,10.95,6.11,0,,,EoN(2014-01-14) Electricity Aq 1yr
106,Nightsaver,1,11,3,27,10.95,6.11,0,,,EoN(2014-01-14) Electricity Aq 1yr
106,Nightsaver,1,11,4,27,10.95,6.11,0,,,EoN(2014-01-14) Electricity Aq 1yr
106,Nightsaver,2,11,3,27,10.95,6.11,0,,,EoN(2014-01-14) Electricity Aq 1yr
106,Nightsaver,2,11,4,27,10.95,6.11,0,,,EoN(2014-01-14) Electricity Aq 1yr
542,Nightsaver,15,11,3,27,10.95,6.11,0,,,EoN(2014-01-14) Electricity Aq 1yr
542,Nightsaver,15,11,4,27,10.95,6.11,0,,,EoN(2014-01-14) Electricity Aq 1yr
106,Nightsaver,3,11,3,27,10.95,6.11,0,,,EoN(2014-01-14) Electricity Aq 1yr
106,Nightsaver,3,11,4,27,10.95,6.11,0,,,EoN(2014-01-14) Electricity Aq 1yr
106,Nightsaver,7,11,3,27,10.95,6.11,0,,,EoN(2014-01-14) Electricity Aq 1yr
106,Nightsaver,7,11,4,27,10.95,6.11,0,,,EoN(2014-01-14) Electricity Aq 1yr
542,Nightsaver,14,11,3,27,10.95,6.11,0,,,EoN(2014-01-14) Electricity Aq 1yr
542,Nightsaver,14,11,4,27,10.95,6.11,0,,,EoN(2014-01-14) Electricity Aq 1yr
548,Nightsaver,1,11,3,27,10.95,6.11,0,,,EoN(2014-01-14) Electricity Aq 1yr
548,Nightsaver,1,11,4,27,10.95,6.11,0,,,EoN(2014-01-14) Electricity Aq 1yr
542,Nightsaver,13,11,3,27,10.95,6.11,0,,,EoN(2014-01-14) Electricity Aq 1yr
542,Nightsaver,13,11,4,27,10.95,6.11,0,,,EoN(2014-01-14) Electricity Aq 1yr
542,Nightsaver,101,11,3,27,10.95,6.11,0,,,EoN(2014-01-14) Electricity Aq 1yr
542,Nightsaver,101,11,4,27,10.95,6.11,0,,,EoN(2014-01-14) Electricity Aq 1yr
548,Nightsaver,119,11,3,27,10.95,6.11,0,,,EoN(2014-01-14) Electricity Aq 1yr
548,Nightsaver,119,11,4,27,10.95,6.11,0,,,EoN(2014-01-14) Electricity Aq 1yr
542,Nightsaver,19,11,3,27,10.95,6.11,0,,,EoN(2014-01-14) Electricity Aq 1yr
542,Nightsaver,19,11,4,27,10.95,6.11,0,,,EoN(2014-01-14) Electricity Aq 1yr
542,Nightsaver,119,11,3,27,10.95,6.11,0,,,EoN(2014-01-14) Electricity Aq 1yr
542,Nightsaver,119,11,4,27,10.95,6.11,0,,,EoN(2014-01-14) Electricity Aq 1yr
542,Nightsaver,21,11,3,27,10.95,6.11,0,,,EoN(2014-01-14) Electricity Aq 1yr
542,Nightsaver,21,11,4,27,10.95,6.11,0,,,EoN(2014-01-14) Electricity Aq 1yr
110,Nightsaver,1,11,3,27,10.95,6.11,0,,,EoN(2014-01-14) Electricity Aq 1yr
110,Nightsaver,1,11,4,27,10.95,6.11,0,,,EoN(2014-01-14) Electricity Aq 1yr
110,Nightsaver,2,11,3,27,10.95,6.11,0,,,EoN(2014-01-14) Electricity Aq 1yr
110,Nightsaver,2,11,4,27,10.95,6.11,0,,,EoN(2014-01-14) Electricity Aq 1yr
110,Nightsaver,3,11,3,27,10.95,6.11,0,,,EoN(2014-01-14) Electricity Aq 1yr
110,Nightsaver,3,11,4,27,10.95,6.11,0,,,EoN(2014-01-14) Electricity Aq 1yr
542,Nightsaver,17,11,3,27,10.95,6.11,0,,,EoN(2014-01-14) Electricity Aq 1yr
542,Nightsaver,17,11,4,27,10.95,6.11,0,,,EoN(2014-01-14) Electricity Aq 1yr
548,Nightsaver,101,11,3,27,10.95,6.11,0,,,EoN(2014-01-14) Electricity Aq 1yr
548,Nightsaver,101,11,4,27,10.95,6.11,0,,,EoN(2014-01-14) Electricity Aq 1yr
548,Nightsaver,113,11,3,27,10.95,6.11,0,,,EoN(2014-01-14) Electricity Aq 1yr
548,Nightsaver,113,11,4,27,10.95,6.11,0,,,EoN(2014-01-14) Electricity Aq 1yr
608,Nightsaver,2,11,3,27,10.95,6.11,0,,,EoN(2014-01-14) Electricity Aq 1yr
608,Nightsaver,2,11,4,27,10.95,6.11,0,,,EoN(2014-01-14) Electricity Aq 1yr
542,Nightsaver,1,11,3,27,10.95,6.11,0,,,EoN(2014-01-14) Electricity Aq 1yr
542,Nightsaver,1,11,4,27,10.95,6.11,0,,,EoN(2014-01-14) Electricity Aq 1yr
542,Nightsaver,27,11,3,27,10.95,6.11,0,,,EoN(2014-01-14) Electricity Aq 1yr
542,Nightsaver,27,11,4,27,10.95,6.11,0,,,EoN(2014-01-14) Electricity Aq 1yr
548,Nightsaver,103,11,3,27,10.95,6.11,0,,,EoN(2014-01-14) Electricity Aq 1yr
548,Nightsaver,103,11,4,27,10.95,6.11,0,,,EoN(2014-01-14) Electricity Aq 1yr
548,Nightsaver,29,11,3,27,10.95,6.11,0,,,EoN(2014-01-14) Electricity Aq 1yr
548,Nightsaver,29,11,4,27,10.95,6.11,0,,,EoN(2014-01-14) Electricity Aq 1yr
548,Nightsaver,40,11,3,27,10.95,6.11,0,,,EoN(2014-01-14) Electricity Aq 1yr
548,Nightsaver,40,11,4,27,10.95,6.11,0,,,EoN(2014-01-14) Electricity Aq 1yr
542,Nightsaver,3,11,3,27,10.95,6.11,0,,,EoN(2014-01-14) Electricity Aq 1yr
542,Nightsaver,3,11,4,27,10.95,6.11,0,,,EoN(2014-01-14) Electricity Aq 1yr
542,Nightsaver,140,11,3,27,10.95,6.11,0,,,EoN(2014-01-14) Electricity Aq 1yr
542,Nightsaver,140,11,4,27,10.95,6.11,0,,,EoN(2014-01-14) Electricity Aq 1yr
542,Nightsaver,12,11,3,27,10.95,6.11,0,,,EoN(2014-01-14) Electricity Aq 1yr
542,Nightsaver,12,11,4,27,10.95,6.11,0,,,EoN(2014-01-14) Electricity Aq 1yr
548,Nightsaver,34,11,3,27,10.95,6.11,0,,,EoN(2014-01-14) Electricity Aq 1yr
548,Nightsaver,34,11,4,27,10.95,6.11,0,,,EoN(2014-01-14) Electricity Aq 1yr
548,Nightsaver,37,11,3,27,10.95,6.11,0,,,EoN(2014-01-14) Electricity Aq 1yr
548,Nightsaver,37,11,4,27,10.95,6.11,0,,,EoN(2014-01-14) Electricity Aq 1yr
542,Nightsaver,37,11,3,27,10.95,6.11,0,,,EoN(2014-01-14) Electricity Aq 1yr
542,Nightsaver,37,11,4,27,10.95,6.11,0,,,EoN(2014-01-14) Electricity Aq 1yr
542,Nightsaver,34,11,3,27,10.95,6.11,0,,,EoN(2014-01-14) Electricity Aq 1yr
542,Nightsaver,34,11,4,27,10.95,6.11,0,,,EoN(2014-01-14) Electricity Aq 1yr
831,Nightsaver,140,11,3,27,10.95,6.11,0,,,EoN(2014-01-14) Electricity Aq 1yr
831,Nightsaver,140,11,4,27,10.95,6.11,0,,,EoN(2014-01-14) Electricity Aq 1yr
831,Nightsaver,52,11,3,27,10.95,6.11,0,,,EoN(2014-01-14) Electricity Aq 1yr
831,Nightsaver,52,11,4,27,10.95,6.11,0,,,EoN(2014-01-14) Electricity Aq 1yr
831,Nightsaver,37,11,3,27,10.95,6.11,0,,,EoN(2014-01-14) Electricity Aq 1yr
831,Nightsaver,37,11,4,27,10.95,6.11,0,,,EoN(2014-01-14) Electricity Aq 1yr
831,Nightsaver,37,11,3,27,10.95,6.11,0,,,EoN(2014-01-14) Electricity Aq 1yr
831,Nightsaver,37,11,4,27,10.95,6.11,0,,,EoN(2014-01-14) Electricity Aq 1yr
831,Nightsaver,13,11,3,27,10.95,6.11,0,,,EoN(2014-01-14) Electricity Aq 1yr
831,Nightsaver,13,11,4,27,10.95,6.11,0,,,EoN(2014-01-14) Electricity Aq 1yr
831,Nightsaver,40,11,3,27,10.95,6.11,0,,,EoN(2014-01-14) Electricity Aq 1yr
831,Nightsaver,40,11,4,27,10.95,6.11,0,,,EoN(2014-01-14) Electricity Aq 1yr
831,Nightsaver,1,11,3,27,10.95,6.11,0,,,EoN(2014-01-14) Electricity Aq 1yr
831,Nightsaver,1,11,4,27,10.95,6.11,0,,,EoN(2014-01-14) Electricity Aq 1yr
831,Nightsaver,19,11,3,27,10.95,6.11,0,,,EoN(2014-01-14) Electricity Aq 1yr
831,Nightsaver,19,11,4,27,10.95,6.11,0,,,EoN(2014-01-14) Electricity Aq 1yr
831,Nightsaver,152,11,3,27,10.95,6.11,0,,,EoN(2014-01-14) Electricity Aq 1yr
831,Nightsaver,152,11,4,27,10.95,6.11,0,,,EoN(2014-01-14) Electricity Aq 1yr
831,Nightsaver,16,11,3,27,10.95,6.11,0,,,EoN(2014-01-14) Electricity Aq 1yr
831,Nightsaver,16,11,4,27,10.95,6.11,0,,,EoN(2014-01-14) Electricity Aq 1yr
831,Nightsaver,137,11,3,27,10.95,6.11,0,,,EoN(2014-01-14) Electricity Aq 1yr
831,Nightsaver,137,11,4,27,10.95,6.11,0,,,EoN(2014-01-14) Electricity Aq 1yr
831,Nightsaver,119,11,3,27,10.95,6.11,0,,,EoN(2014-01-14) Electricity Aq 1yr
831,Nightsaver,119,11,4,27,10.95,6.11,0,,,EoN(2014-01-14) Electricity Aq 1yr
831,Nightsaver,116,11,3,27,10.95,6.11,0,,,EoN(2014-01-14) Electricity Aq 1yr
831,Nightsaver,116,11,4,27,10.95,6.11,0,,,EoN(2014-01-14) Electricity Aq 1yr
831,Nightsaver,113,11,3,27,10.95,6.11,0,,,EoN(2014-01-14) Electricity Aq 1yr
831,Nightsaver,113,11,4,27,10.95,6.11,0,,,EoN(2014-01-14) Electricity Aq 1yr
831,Nightsaver,103,11,3,27,10.95,6.11,0,,,EoN(2014-01-14) Electricity Aq 1yr
831,Nightsaver,103,11,4,27,10.95,6.11,0,,,EoN(2014-01-14) Electricity Aq 1yr
831,Nightsaver,101,11,3,27,10.95,6.11,0,,,EoN(2014-01-14) Electricity Aq 1yr
831,Nightsaver,101,11,4,27,10.95,6.11,0,,,EoN(2014-01-14) Electricity Aq 1yr
831,Nightsaver,3,11,3,27,10.95,6.11,0,,,EoN(2014-01-14) Electricity Aq 1yr
831,Nightsaver,3,11,4,27,10.95,6.11,0,,,EoN(2014-01-14) Electricity Aq 1yr
830,Nightsaver,37,11,3,27,10.95,6.11,0,,,EoN(2014-01-14) Electricity Aq 1yr
830,Nightsaver,37,11,4,27,10.95,6.11,0,,,EoN(2014-01-14) Electricity Aq 1yr
830,Nightsaver,140,11,3,27,10.95,6.11,0,,,EoN(2014-01-14) Electricity Aq 1yr
830,Nightsaver,140,11,4,27,10.95,6.11,0,,,EoN(2014-01-14) Electricity Aq 1yr
830,Nightsaver,52,11,3,27,10.95,6.11,0,,,EoN(2014-01-14) Electricity Aq 1yr
830,Nightsaver,52,11,4,27,10.95,6.11,0,,,EoN(2014-01-14) Electricity Aq 1yr
830,Nightsaver,101,11,3,27,10.95,6.11,0,,,EoN(2014-01-14) Electricity Aq 1yr
830,Nightsaver,101,11,4,27,10.95,6.11,0,,,EoN(2014-01-14) Electricity Aq 1yr
830,Nightsaver,113,11,3,27,10.95,6.11,0,,,EoN(2014-01-14) Electricity Aq 1yr
830,Nightsaver,113,11,4,27,10.95,6.11,0,,,EoN(2014-01-14) Electricity Aq 1yr
830,Nightsaver,137,11,3,27,10.95,6.11,0,,,EoN(2014-01-14) Electricity Aq 1yr
830,Nightsaver,137,11,4,27,10.95,6.11,0,,,EoN(2014-01-14) Electricity Aq 1yr
830,Nightsaver,119,11,3,27,10.95,6.11,0,,,EoN(2014-01-14) Electricity Aq 1yr
830,Nightsaver,119,11,4,27,10.95,6.11,0,,,EoN(2014-01-14) Electricity Aq 1yr
830,Nightsaver,103,11,3,27,10.95,6.11,0,,,EoN(2014-01-14) Electricity Aq 1yr
830,Nightsaver,103,11,4,27,10.95,6.11,0,,,EoN(2014-01-14) Electricity Aq 1yr
830,Nightsaver,40,11,3,27,10.95,6.11,0,,,EoN(2014-01-14) Electricity Aq 1yr
830,Nightsaver,40,11,4,27,10.95,6.11,0,,,EoN(2014-01-14) Electricity Aq 1yr
830,Nightsaver,152,11,3,27,10.95,6.11,0,,,EoN(2014-01-14) Electricity Aq 1yr
830,Nightsaver,152,11,4,27,10.95,6.11,0,,,EoN(2014-01-14) Electricity Aq 1yr
830,Nightsaver,37,11,3,27,10.95,6.11,0,,,EoN(2014-01-14) Electricity Aq 1yr
830,Nightsaver,37,11,4,27,10.95,6.11,0,,,EoN(2014-01-14) Electricity Aq 1yr
830,Nightsaver,19,11,3,27,10.95,6.11,0,,,EoN(2014-01-14) Electricity Aq 1yr
830,Nightsaver,19,11,4,27,10.95,6.11,0,,,EoN(2014-01-14) Electricity Aq 1yr
830,Nightsaver,16,11,3,27,10.95,6.11,0,,,EoN(2014-01-14) Electricity Aq 1yr
830,Nightsaver,16,11,4,27,10.95,6.11,0,,,EoN(2014-01-14) Electricity Aq 1yr
830,Nightsaver,13,11,3,27,10.95,6.11,0,,,EoN(2014-01-14) Electricity Aq 1yr
830,Nightsaver,13,11,4,27,10.95,6.11,0,,,EoN(2014-01-14) Electricity Aq 1yr
830,Nightsaver,3,11,3,27,10.95,6.11,0,,,EoN(2014-01-14) Electricity Aq 1yr
830,Nightsaver,3,11,4,27,10.95,6.11,0,,,EoN(2014-01-14) Electricity Aq 1yr
830,Nightsaver,1,11,3,27,10.95,6.11,0,,,EoN(2014-01-14) Electricity Aq 1yr
830,Nightsaver,1,11,4,27,10.95,6.11,0,,,EoN(2014-01-14) Electricity Aq 1yr
830,Nightsaver,116,11,3,27,10.95,6.11,0,,,EoN(2014-01-14) Electricity Aq 1yr
830,Nightsaver,116,11,4,27,10.95,6.11,0,,,EoN(2014-01-14) Electricity Aq 1yr
106,Nightsaver,1,11,3,27,10.95,6.11,0,,,EoN(2014-01-14) Electricity Aq 1yr
106,Nightsaver,1,11,4,27,10.95,6.11,0,,,EoN(2014-01-14) Electricity Aq 1yr
542,Nightsaver,27,11,3,27,10.95,6.11,0,,,EoN(2014-01-14) Electricity Aq 1yr
542,Nightsaver,27,11,4,27,10.95,6.11,0,,,EoN(2014-01-14) Electricity Aq 1yr
106,Nightsaver,7,11,3,27,10.95,6.11,0,,,EoN(2014-01-14) Electricity Aq 1yr
106,Nightsaver,7,11,4,27,10.95,6.11,0,,,EoN(2014-01-14) Electricity Aq 1yr
542,Nightsaver,101,11,3,27,10.95,6.11,0,,,EoN(2014-01-14) Electricity Aq 1yr
542,Nightsaver,101,11,4,27,10.95,6.11,0,,,EoN(2014-01-14) Electricity Aq 1yr
542,Nightsaver,23,11,3,27,10.95,6.11,0,,,EoN(2014-01-14) Electricity Aq 1yr
542,Nightsaver,23,11,4,27,10.95,6.11,0,,,EoN(2014-01-14) Electricity Aq 1yr
106,Nightsaver,2,11,3,27,10.95,6.11,0,,,EoN(2014-01-14) Electricity Aq 1yr
106,Nightsaver,2,11,4,27,10.95,6.11,0,,,EoN(2014-01-14) Electricity Aq 1yr
542,Nightsaver,19,11,3,27,10.95,6.11,0,,,EoN(2014-01-14) Electricity Aq 1yr
542,Nightsaver,19,11,4,27,10.95,6.11,0,,,EoN(2014-01-14) Electricity Aq 1yr
542,Nightsaver,29,11,3,27,10.95,6.11,0,,,EoN(2014-01-14) Electricity Aq 1yr
542,Nightsaver,29,11,4,27,10.95,6.11,0,,,EoN(2014-01-14) Electricity Aq 1yr
542,Nightsaver,34,11,3,27,10.95,6.11,0,,,EoN(2014-01-14) Electricity Aq 1yr
542,Nightsaver,34,11,4,27,10.95,6.11,0,,,EoN(2014-01-14) Electricity Aq 1yr
146,Nightsaver,7,11,3,27,10.95,6.11,0,,,EoN(2014-01-14) Electricity Aq 1yr
146,Nightsaver,7,11,4,27,10.95,6.11,0,,,EoN(2014-01-14) Electricity Aq 1yr
146,Nightsaver,3,11,3,27,10.95,6.11,0,,,EoN(2014-01-14) Electricity Aq 1yr
146,Nightsaver,3,11,4,27,10.95,6.11,0,,,EoN(2014-01-14) Electricity Aq 1yr
542,Nightsaver,37,11,3,27,10.95,6.11,0,,,EoN(2014-01-14) Electricity Aq 1yr
542,Nightsaver,37,11,4,27,10.95,6.11,0,,,EoN(2014-01-14) Electricity Aq 1yr
146,Nightsaver,2,11,3,27,10.95,6.11,0,,,EoN(2014-01-14) Electricity Aq 1yr
146,Nightsaver,2,11,4,27,10.95,6.11,0,,,EoN(2014-01-14) Electricity Aq 1yr
542,Nightsaver,40,11,3,27,10.95,6.11,0,,,EoN(2014-01-14) Electricity Aq 1yr
542,Nightsaver,40,11,4,27,10.95,6.11,0,,,EoN(2014-01-14) Electricity Aq 1yr
106,Nightsaver,3,11,3,27,10.95,6.11,0,,,EoN(2014-01-14) Electricity Aq 1yr
106,Nightsaver,3,11,4,27,10.95,6.11,0,,,EoN(2014-01-14) Electricity Aq 1yr
653,Nightsaver,2,11,3,27,10.95,6.11,0,,,EoN(2014-01-14) Electricity Aq 1yr
653,Nightsaver,2,11,4,27,10.95,6.11,0,,,EoN(2014-01-14) Electricity Aq 1yr
542,Nightsaver,14,11,3,27,10.95,6.11,0,,,EoN(2014-01-14) Electricity Aq 1yr
542,Nightsaver,14,11,4,27,10.95,6.11,0,,,EoN(2014-01-14) Electricity Aq 1yr
613,Nightsaver,3,11,3,27,10.95,6.11,0,,,EoN(2014-01-14) Electricity Aq 1yr
613,Nightsaver,3,11,4,27,10.95,6.11,0,,,EoN(2014-01-14) Electricity Aq 1yr
613,Nightsaver,7,11,3,27,10.95,6.11,0,,,EoN(2014-01-14) Electricity Aq 1yr
613,Nightsaver,7,11,4,27,10.95,6.11,0,,,EoN(2014-01-14) Electricity Aq 1yr
542,Nightsaver,15,11,3,27,10.95,6.11,0,,,EoN(2014-01-14) Electricity Aq 1yr
542,Nightsaver,15,11,4,27,10.95,6.11,0,,,EoN(2014-01-14) Electricity Aq 1yr
542,Nightsaver,17,11,3,27,10.95,6.11,0,,,EoN(2014-01-14) Electricity Aq 1yr
542,Nightsaver,17,11,4,27,10.95,6.11,0,,,EoN(2014-01-14) Electricity Aq 1yr
653,Nightsaver,7,11,3,27,10.95,6.11,0,,,EoN(2014-01-14) Electricity Aq 1yr
653,Nightsaver,7,11,4,27,10.95,6.11,0,,,EoN(2014-01-14) Electricity Aq 1yr
542,Nightsaver,21,11,3,27,10.95,6.11,0,,,EoN(2014-01-14) Electricity Aq 1yr
542,Nightsaver,21,11,4,27,10.95,6.11,0,,,EoN(2014-01-14) Electricity Aq 1yr
542,Nightsaver,140,11,3,27,10.95,6.11,0,,,EoN(2014-01-14) Electricity Aq 1yr
542,Nightsaver,140,11,4,27,10.95,6.11,0,,,EoN(2014-01-14) Electricity Aq 1yr
110,Nightsaver,2,11,3,27,10.95,6.11,0,,,EoN(2014-01-14) Electricity Aq 1yr
110,Nightsaver,2,11,4,27,10.95,6.11,0,,,EoN(2014-01-14) Electricity Aq 1yr
542,Nightsaver,134,11,3,27,10.95,6.11,0,,,EoN(2014-01-14) Electricity Aq 1yr
542,Nightsaver,134,11,4,27,10.95,6.11,0,,,EoN(2014-01-14) Electricity Aq 1yr
542,Nightsaver,119,11,3,27,10.95,6.11,0,,,EoN(2014-01-14) Electricity Aq 1yr
542,Nightsaver,119,11,4,27,10.95,6.11,0,,,EoN(2014-01-14) Electricity Aq 1yr
608,Nightsaver,2,11,3,27,10.95,6.11,0,,,EoN(2014-01-14) Electricity Aq 1yr
608,Nightsaver,2,11,4,27,10.95,6.11,0,,,EoN(2014-01-14) Electricity Aq 1yr
548,Nightsaver,113,11,3,27,10.95,6.11,0,,,EoN(2014-01-14) Electricity Aq 1yr
548,Nightsaver,113,11,4,27,10.95,6.11,0,,,EoN(2014-01-14) Electricity Aq 1yr
542,Nightsaver,103,11,3,27,10.95,6.11,0,,,EoN(2014-01-14) Electricity Aq 1yr
542,Nightsaver,103,11,4,27,10.95,6.11,0,,,EoN(2014-01-14) Electricity Aq 1yr
542,Nightsaver,113,11,3,27,10.95,6.11,0,,,EoN(2014-01-14) Electricity Aq 1yr
542,Nightsaver,113,11,4,27,10.95,6.11,0,,,EoN(2014-01-14) Electricity Aq 1yr
653,Nightsaver,3,11,3,27,10.95,6.11,0,,,EoN(2014-01-14) Electricity Aq 1yr
653,Nightsaver,3,11,4,27,10.95,6.11,0,,,EoN(2014-01-14) Electricity Aq 1yr
548,Nightsaver,14,11,3,27,10.95,6.11,0,,,EoN(2014-01-14) Electricity Aq 1yr
548,Nightsaver,14,11,4,27,10.95,6.11,0,,,EoN(2014-01-14) Electricity Aq 1yr
548,Nightsaver,29,11,3,27,10.95,6.11,0,,,EoN(2014-01-14) Electricity Aq 1yr
548,Nightsaver,29,11,4,27,10.95,6.11,0,,,EoN(2014-01-14) Electricity Aq 1yr
548,Nightsaver,27,11,3,27,10.95,6.11,0,,,EoN(2014-01-14) Electricity Aq 1yr
548,Nightsaver,27,11,4,27,10.95,6.11,0,,,EoN(2014-01-14) Electricity Aq 1yr
542,Nightsaver,13,11,3,27,10.95,6.11,0,,,EoN(2014-01-14) Electricity Aq 1yr
542,Nightsaver,13,11,4,27,10.95,6.11,0,,,EoN(2014-01-14) Electricity Aq 1yr
648,Nightsaver,2,11,3,27,10.95,6.11,0,,,EoN(2014-01-14) Electricity Aq 1yr
648,Nightsaver,2,11,4,27,10.95,6.11,0,,,EoN(2014-01-14) Electricity Aq 1yr
608,Nightsaver,3,11,3,27,10.95,6.11,0,,,EoN(2014-01-14) Electricity Aq 1yr
608,Nightsaver,3,11,4,27,10.95,6.11,0,,,EoN(2014-01-14) Electricity Aq 1yr
648,Nightsaver,7,11,3,27,10.95,6.11,0,,,EoN(2014-01-14) Electricity Aq 1yr
648,Nightsaver,7,11,4,27,10.95,6.11,0,,,EoN(2014-01-14) Electricity Aq 1yr
548,Nightsaver,134,11,3,27,10.95,6.11,0,,,EoN(2014-01-14) Electricity Aq 1yr
548,Nightsaver,134,11,4,27,10.95,6.11,0,,,EoN(2014-01-14) Electricity Aq 1yr
548,Nightsaver,23,11,3,27,10.95,6.11,0,,,EoN(2014-01-14) Electricity Aq 1yr
548,Nightsaver,23,11,4,27,10.95,6.11,0,,,EoN(2014-01-14) Electricity Aq 1yr
548,Nightsaver,21,11,3,27,10.95,6.11,0,,,EoN(2014-01-14) Electricity Aq 1yr
548,Nightsaver,21,11,4,27,10.95,6.11,0,,,EoN(2014-01-14) Electricity Aq 1yr
548,Nightsaver,19,11,3,27,10.95,6.11,0,,,EoN(2014-01-14) Electricity Aq 1yr
548,Nightsaver,19,11,4,27,10.95,6.11,0,,,EoN(2014-01-14) Electricity Aq 1yr
548,Nightsaver,34,11,3,27,10.95,6.11,0,,,EoN(2014-01-14) Electricity Aq 1yr
548,Nightsaver,34,11,4,27,10.95,6.11,0,,,EoN(2014-01-14) Electricity Aq 1yr
548,Nightsaver,15,11,3,27,10.95,6.11,0,,,EoN(2014-01-14) Electricity Aq 1yr
548,Nightsaver,15,11,4,27,10.95,6.11,0,,,EoN(2014-01-14) Electricity Aq 1yr
648,Nightsaver,3,11,3,27,10.95,6.11,0,,,EoN(2014-01-14) Electricity Aq 1yr
648,Nightsaver,3,11,4,27,10.95,6.11,0,,,EoN(2014-01-14) Electricity Aq 1yr
548,Nightsaver,13,11,3,27,10.95,6.11,0,,,EoN(2014-01-14) Electricity Aq 1yr
548,Nightsaver,13,11,4,27,10.95,6.11,0,,,EoN(2014-01-14) Electricity Aq 1yr
548,Nightsaver,12,11,3,27,10.95,6.11,0,,,EoN(2014-01-14) Electricity Aq 1yr
548,Nightsaver,12,11,4,27,10.95,6.11,0,,,EoN(2014-01-14) Electricity Aq 1yr
548,Nightsaver,3,11,3,27,10.95,6.11,0,,,EoN(2014-01-14) Electricity Aq 1yr
548,Nightsaver,3,11,4,27,10.95,6.11,0,,,EoN(2014-01-14) Electricity Aq 1yr
542,Nightsaver,1,11,3,27,10.95,6.11,0,,,EoN(2014-01-14) Electricity Aq 1yr
542,Nightsaver,1,11,4,27,10.95,6.11,0,,,EoN(2014-01-14) Electricity Aq 1yr
542,Nightsaver,3,11,3,27,10.95,6.11,0,,,EoN(2014-01-14) Electricity Aq 1yr
542,Nightsaver,3,11,4,27,10.95,6.11,0,,,EoN(2014-01-14) Electricity Aq 1yr
542,Nightsaver,12,11,3,27,10.95,6.11,0,,,EoN(2014-01-14) Electricity Aq 1yr
542,Nightsaver,12,11,4,27,10.95,6.11,0,,,EoN(2014-01-14) Electricity Aq 1yr
548,Nightsaver,1,11,3,27,10.95,6.11,0,,,EoN(2014-01-14) Electricity Aq 1yr
548,Nightsaver,1,11,4,27,10.95,6.11,0,,,EoN(2014-01-14) Electricity Aq 1yr
150,Nightsaver,2,11,3,27,10.95,6.11,0,,,EoN(2014-01-14) Electricity Aq 1yr
150,Nightsaver,2,11,4,27,10.95,6.11,0,,,EoN(2014-01-14) Electricity Aq 1yr
150,Nightsaver,3,11,3,27,10.95,6.11,0,,,EoN(2014-01-14) Electricity Aq 1yr
150,Nightsaver,3,11,4,27,10.95,6.11,0,,,EoN(2014-01-14) Electricity Aq 1yr
150,Nightsaver,7,11,3,27,10.95,6.11,0,,,EoN(2014-01-14) Electricity Aq 1yr
150,Nightsaver,7,11,4,27,10.95,6.11,0,,,EoN(2014-01-14) Electricity Aq 1yr
548,Nightsaver,17,11,3,27,10.95,6.11,0,,,EoN(2014-01-14) Electricity Aq 1yr
548,Nightsaver,17,11,4,27,10.95,6.11,0,,,EoN(2014-01-14) Electricity Aq 1yr
608,Nightsaver,7,11,3,27,10.95,6.11,0,,,EoN(2014-01-14) Electricity Aq 1yr
608,Nightsaver,7,11,4,27,10.95,6.11,0,,,EoN(2014-01-14) Electricity Aq 1yr
548,Nightsaver,140,11,3,27,10.95,6.11,0,,,EoN(2014-01-14) Electricity Aq 1yr
548,Nightsaver,140,11,4,27,10.95,6.11,0,,,EoN(2014-01-14) Electricity Aq 1yr
548,Nightsaver,119,11,3,27,10.95,6.11,0,,,EoN(2014-01-14) Electricity Aq 1yr
548,Nightsaver,119,11,4,27,10.95,6.11,0,,,EoN(2014-01-14) Electricity Aq 1yr
548,Nightsaver,103,11,3,27,10.95,6.11,0,,,EoN(2014-01-14) Electricity Aq 1yr
548,Nightsaver,103,11,4,27,10.95,6.11,0,,,EoN(2014-01-14) Electricity Aq 1yr
548,Nightsaver,101,11,3,27,10.95,6.11,0,,,EoN(2014-01-14) Electricity Aq 1yr
548,Nightsaver,101,11,4,27,10.95,6.11,0,,,EoN(2014-01-14) Electricity Aq 1yr
548,Nightsaver,40,11,3,27,10.95,6.11,0,,,EoN(2014-01-14) Electricity Aq 1yr
548,Nightsaver,40,11,4,27,10.95,6.11,0,,,EoN(2014-01-14) Electricity Aq 1yr
548,Nightsaver,37,11,3,27,10.95,6.11,0,,,EoN(2014-01-14) Electricity Aq 1yr
548,Nightsaver,37,11,4,27,10.95,6.11,0,,,EoN(2014-01-14) Electricity Aq 1yr
110,Nightsaver,7,11,3,27,10.95,6.11,0,,,EoN(2014-01-14) Electricity Aq 1yr
110,Nightsaver,7,11,4,27,10.95,6.11,0,,,EoN(2014-01-14) Electricity Aq 1yr
613,Nightsaver,2,11,3,27,10.95,6.11,0,,,EoN(2014-01-14) Electricity Aq 1yr
613,Nightsaver,2,11,4,27,10.95,6.11,0,,,EoN(2014-01-14) Electricity Aq 1yr
110,Nightsaver,3,11,3,27,10.95,6.11,0,,,EoN(2014-01-14) Electricity Aq 1yr
110,Nightsaver,3,11,4,27,10.95,6.11,0,,,EoN(2014-01-14) Electricity Aq 1yr
831,Nightsaver,52,11,3,27,10.95,6.11,0,,,EoN(2014-01-14) Electricity Aq 1yr
831,Nightsaver,52,11,4,27,10.95,6.11,0,,,EoN(2014-01-14) Electricity Aq 1yr
831,Nightsaver,103,11,3,27,10.95,6.11,0,,,EoN(2014-01-14) Electricity Aq 1yr
831,Nightsaver,103,11,4,27,10.95,6.11,0,,,EoN(2014-01-14) Electricity Aq 1yr
831,Nightsaver,37,11,3,27,10.95,6.11,0,,,EoN(2014-01-14) Electricity Aq 1yr
831,Nightsaver,37,11,4,27,10.95,6.11,0,,,EoN(2014-01-14) Electricity Aq 1yr
831,Nightsaver,113,11,3,27,10.95,6.11,0,,,EoN(2014-01-14) Electricity Aq 1yr
831,Nightsaver,113,11,4,27,10.95,6.11,0,,,EoN(2014-01-14) Electricity Aq 1yr
831,Nightsaver,101,11,3,27,10.95,6.11,0,,,EoN(2014-01-14) Electricity Aq 1yr
831,Nightsaver,101,11,4,27,10.95,6.11,0,,,EoN(2014-01-14) Electricity Aq 1yr
831,Nightsaver,116,11,3,27,10.95,6.11,0,,,EoN(2014-01-14) Electricity Aq 1yr
831,Nightsaver,116,11,4,27,10.95,6.11,0,,,EoN(2014-01-14) Electricity Aq 1yr
831,Nightsaver,37,11,3,27,10.95,6.11,0,,,EoN(2014-01-14) Electricity Aq 1yr
831,Nightsaver,37,11,4,27,10.95,6.11,0,,,EoN(2014-01-14) Electricity Aq 1yr
831,Nightsaver,19,11,3,27,10.95,6.11,0,,,EoN(2014-01-14) Electricity Aq 1yr
831,Nightsaver,19,11,4,27,10.95,6.11,0,,,EoN(2014-01-14) Electricity Aq 1yr
831,Nightsaver,16,11,3,27,10.95,6.11,0,,,EoN(2014-01-14) Electricity Aq 1yr
831,Nightsaver,16,11,4,27,10.95,6.11,0,,,EoN(2014-01-14) Electricity Aq 1yr
831,Nightsaver,13,11,3,27,10.95,6.11,0,,,EoN(2014-01-14) Electricity Aq 1yr
831,Nightsaver,13,11,4,27,10.95,6.11,0,,,EoN(2014-01-14) Electricity Aq 1yr
831,Nightsaver,3,11,3,27,10.95,6.11,0,,,EoN(2014-01-14) Electricity Aq 1yr
831,Nightsaver,3,11,4,27,10.95,6.11,0,,,EoN(2014-01-14) Electricity Aq 1yr
831,Nightsaver,1,11,3,27,10.95,6.11,0,,,EoN(2014-01-14) Electricity Aq 1yr
831,Nightsaver,1,11,4,27,10.95,6.11,0,,,EoN(2014-01-14) Electricity Aq 1yr
831,Nightsaver,40,11,3,27,10.95,6.11,0,,,EoN(2014-01-14) Electricity Aq 1yr
831,Nightsaver,40,11,4,27,10.95,6.11,0,,,EoN(2014-01-14) Electricity Aq 1yr
830,Nightsaver,103,11,3,27,10.95,6.11,0,,,EoN(2014-01-14) Electricity Aq 1yr
830,Nightsaver,103,11,4,27,10.95,6.11,0,,,EoN(2014-01-14) Electricity Aq 1yr
830,Nightsaver,1,11,3,27,10.95,6.11,0,,,EoN(2014-01-14) Electricity Aq 1yr
830,Nightsaver,1,11,4,27,10.95,6.11,0,,,EoN(2014-01-14) Electricity Aq 1yr
830,Nightsaver,3,11,3,27,10.95,6.11,0,,,EoN(2014-01-14) Electricity Aq 1yr
830,Nightsaver,3,11,4,27,10.95,6.11,0,,,EoN(2014-01-14) Electricity Aq 1yr
830,Nightsaver,13,11,3,27,10.95,6.11,0,,,EoN(2014-01-14) Electricity Aq 1yr
830,Nightsaver,13,11,4,27,10.95,6.11,0,,,EoN(2014-01-14) Electricity Aq 1yr
830,Nightsaver,16,11,3,27,10.95,6.11,0,,,EoN(2014-01-14) Electricity Aq 1yr
830,Nightsaver,16,11,4,27,10.95,6.11,0,,,EoN(2014-01-14) Electricity Aq 1yr
830,Nightsaver,19,11,3,27,10.95,6.11,0,,,EoN(2014-01-14) Electricity Aq 1yr
830,Nightsaver,19,11,4,27,10.95,6.11,0,,,EoN(2014-01-14) Electricity Aq 1yr
830,Nightsaver,37,11,3,27,10.95,6.11,0,,,EoN(2014-01-14) Electricity Aq 1yr
830,Nightsaver,37,11,4,27,10.95,6.11,0,,,EoN(2014-01-14) Electricity Aq 1yr
830,Nightsaver,37,11,3,27,10.95,6.11,0,,,EoN(2014-01-14) Electricity Aq 1yr
830,Nightsaver,37,11,4,27,10.95,6.11,0,,,EoN(2014-01-14) Electricity Aq 1yr
830,Nightsaver,40,11,3,27,10.95,6.11,0,,,EoN(2014-01-14) Electricity Aq 1yr
830,Nightsaver,40,11,4,27,10.95,6.11,0,,,EoN(2014-01-14) Electricity Aq 1yr
831,Nightsaver,140,11,3,27,10.95,6.11,0,,,EoN(2014-01-14) Electricity Aq 1yr
831,Nightsaver,140,11,4,27,10.95,6.11,0,,,EoN(2014-01-14) Electricity Aq 1yr
830,Nightsaver,101,11,3,27,10.95,6.11,0,,,EoN(2014-01-14) Electricity Aq 1yr
830,Nightsaver,101,11,4,27,10.95,6.11,0,,,EoN(2014-01-14) Electricity Aq 1yr
831,Nightsaver,119,11,3,27,10.95,6.11,0,,,EoN(2014-01-14) Electricity Aq 1yr
831,Nightsaver,119,11,4,27,10.95,6.11,0,,,EoN(2014-01-14) Electricity Aq 1yr
830,Nightsaver,113,11,3,27,10.95,6.11,0,,,EoN(2014-01-14) Electricity Aq 1yr
830,Nightsaver,113,11,4,27,10.95,6.11,0,,,EoN(2014-01-14) Electricity Aq 1yr
830,Nightsaver,116,11,3,27,10.95,6.11,0,,,EoN(2014-01-14) Electricity Aq 1yr
830,Nightsaver,116,11,4,27,10.95,6.11,0,,,EoN(2014-01-14) Electricity Aq 1yr
830,Nightsaver,119,11,3,27,10.95,6.11,0,,,EoN(2014-01-14) Electricity Aq 1yr
830,Nightsaver,119,11,4,27,10.95,6.11,0,,,EoN(2014-01-14) Electricity Aq 1yr
830,Nightsaver,137,11,3,27,10.95,6.11,0,,,EoN(2014-01-14) Electricity Aq 1yr
830,Nightsaver,137,11,4,27,10.95,6.11,0,,,EoN(2014-01-14) Electricity Aq 1yr
830,Nightsaver,152,11,3,27,10.95,6.11,0,,,EoN(2014-01-14) Electricity Aq 1yr
830,Nightsaver,152,11,4,27,10.95,6.11,0,,,EoN(2014-01-14) Electricity Aq 1yr
831,Nightsaver,152,11,3,27,10.95,6.11,0,,,EoN(2014-01-14) Electricity Aq 1yr
831,Nightsaver,152,11,4,27,10.95,6.11,0,,,EoN(2014-01-14) Electricity Aq 1yr
830,Nightsaver,140,11,3,27,10.95,6.11,0,,,EoN(2014-01-14) Electricity Aq 1yr
830,Nightsaver,140,11,4,27,10.95,6.11,0,,,EoN(2014-01-14) Electricity Aq 1yr
831,Nightsaver,137,11,3,27,10.95,6.11,0,,,EoN(2014-01-14) Electricity Aq 1yr
831,Nightsaver,137,11,4,27,10.95,6.11,0,,,EoN(2014-01-14) Electricity Aq 1yr
830,Nightsaver,52,11,3,27,10.95,6.11,0,,,EoN(2014-01-14) Electricity Aq 1yr
830,Nightsaver,52,11,4,27,10.95,6.11,0,,,EoN(2014-01-14) Electricity Aq 1yr
542,Nightsaver,40,11,3,27,10.95,6.11,0,,,EoN(2014-01-14) Electricity Aq 1yr
542,Nightsaver,40,11,4,27,10.95,6.11,0,,,EoN(2014-01-14) Electricity Aq 1yr
542,Nightsaver,19,11,3,27,10.95,6.11,0,,,EoN(2014-01-14) Electricity Aq 1yr
542,Nightsaver,19,11,4,27,10.95,6.11,0,,,EoN(2014-01-14) Electricity Aq 1yr
548,Nightsaver,37,11,3,27,10.95,6.11,0,,,EoN(2014-01-14) Electricity Aq 1yr
548,Nightsaver,37,11,4,27,10.95,6.11,0,,,EoN(2014-01-14) Electricity Aq 1yr
548,Nightsaver,134,11,3,27,10.95,6.11,0,,,EoN(2014-01-14) Electricity Aq 1yr
548,Nightsaver,134,11,4,27,10.95,6.11,0,,,EoN(2014-01-14) Electricity Aq 1yr
548,Nightsaver,103,11,3,27,10.95,6.11,0,,,EoN(2014-01-14) Electricity Aq 1yr
548,Nightsaver,103,11,4,27,10.95,6.11,0,,,EoN(2014-01-14) Electricity Aq 1yr
542,Nightsaver,13,11,3,27,10.95,6.11,0,,,EoN(2014-01-14) Electricity Aq 1yr
542,Nightsaver,13,11,4,27,10.95,6.11,0,,,EoN(2014-01-14) Electricity Aq 1yr
653,Nightsaver,3,11,3,27,10.95,6.11,0,,,EoN(2014-01-14) Electricity Aq 1yr
653,Nightsaver,3,11,4,27,10.95,6.11,0,,,EoN(2014-01-14) Electricity Aq 1yr
150,Nightsaver,7,11,3,27,10.95,6.11,0,,,EoN(2014-01-14) Electricity Aq 1yr
150,Nightsaver,7,11,4,27,10.95,6.11,0,,,EoN(2014-01-14) Electricity Aq 1yr
548,Nightsaver,29,11,3,27,10.95,6.11,0,,,EoN(2014-01-14) Electricity Aq 1yr
548,Nightsaver,29,11,4,27,10.95,6.11,0,,,EoN(2014-01-14) Electricity Aq 1yr
548,Nightsaver,27,11,3,27,10.95,6.11,0,,,EoN(2014-01-14) Electricity Aq 1yr
548,Nightsaver,27,11,4,27,10.95,6.11,0,,,EoN(2014-01-14) Electricity Aq 1yr
548,Nightsaver,23,11,3,27,10.95,6.11,0,,,EoN(2014-01-14) Electricity Aq 1yr
548,Nightsaver,23,11,4,27,10.95,6.11,0,,,EoN(2014-01-14) Electricity Aq 1yr
150,Nightsaver,2,11,3,27,10.95,6.11,0,,,EoN(2014-01-14) Electricity Aq 1yr
150,Nightsaver,2,11,4,27,10.95,6.11,0,,,EoN(2014-01-14) Electricity Aq 1yr
548,Nightsaver,113,11,3,27,10.95,6.11,0,,,EoN(2014-01-14) Electricity Aq 1yr
548,Nightsaver,113,11,4,27,10.95,6.11,0,,,EoN(2014-01-14) Electricity Aq 1yr
548,Nightsaver,119,11,3,27,10.95,6.11,0,,,EoN(2014-01-14) Electricity Aq 1yr
548,Nightsaver,119,11,4,27,10.95,6.11,0,,,EoN(2014-01-14) Electricity Aq 1yr
548,Nightsaver,34,11,3,27,10.95,6.11,0,,,EoN(2014-01-14) Electricity Aq 1yr
548,Nightsaver,34,11,4,27,10.95,6.11,0,,,EoN(2014-01-14) Electricity Aq 1yr
548,Nightsaver,17,11,3,27,10.95,6.11,0,,,EoN(2014-01-14) Electricity Aq 1yr
548,Nightsaver,17,11,4,27,10.95,6.11,0,,,EoN(2014-01-14) Electricity Aq 1yr
542,Nightsaver,14,11,3,27,10.95,6.11,0,,,EoN(2014-01-14) Electricity Aq 1yr
542,Nightsaver,14,11,4,27,10.95,6.11,0,,,EoN(2014-01-14) Electricity Aq 1yr
542,Nightsaver,29,11,3,27,10.95,6.11,0,,,EoN(2014-01-14) Electricity Aq 1yr
542,Nightsaver,29,11,4,27,10.95,6.11,0,,,EoN(2014-01-14) Electricity Aq 1yr
542,Nightsaver,23,11,3,27,10.95,6.11,0,,,EoN(2014-01-14) Electricity Aq 1yr
542,Nightsaver,23,11,4,27,10.95,6.11,0,,,EoN(2014-01-14) Electricity Aq 1yr
542,Nightsaver,12,11,3,27,10.95,6.11,0,,,EoN(2014-01-14) Electricity Aq 1yr
542,Nightsaver,12,11,4,27,10.95,6.11,0,,,EoN(2014-01-14) Electricity Aq 1yr
542,Nightsaver,27,11,3,27,10.95,6.11,0,,,EoN(2014-01-14) Electricity Aq 1yr
542,Nightsaver,27,11,4,27,10.95,6.11,0,,,EoN(2014-01-14) Electricity Aq 1yr
542,Nightsaver,3,11,3,27,10.95,6.11,0,,,EoN(2014-01-14) Electricity Aq 1yr
542,Nightsaver,3,11,4,27,10.95,6.11,0,,,EoN(2014-01-14) Electricity Aq 1yr
548,Nightsaver,40,11,3,27,10.95,6.11,0,,,EoN(2014-01-14) Electricity Aq 1yr
548,Nightsaver,40,11,4,27,10.95,6.11,0,,,EoN(2014-01-14) Electricity Aq 1yr
548,Nightsaver,19,11,3,27,10.95,6.11,0,,,EoN(2014-01-14) Electricity Aq 1yr
548,Nightsaver,19,11,4,27,10.95,6.11,0,,,EoN(2014-01-14) Electricity Aq 1yr
548,Nightsaver,101,11,3,27,10.95,6.11,0,,,EoN(2014-01-14) Electricity Aq 1yr
548,Nightsaver,101,11,4,27,10.95,6.11,0,,,EoN(2014-01-14) Electricity Aq 1yr
548,Nightsaver,15,11,3,27,10.95,6.11,0,,,EoN(2014-01-14) Electricity Aq 1yr
548,Nightsaver,15,11,4,27,10.95,6.11,0,,,EoN(2014-01-14) Electricity Aq 1yr
542,Nightsaver,1,11,3,27,10.95,6.11,0,,,EoN(2014-01-14) Electricity Aq 1yr
542,Nightsaver,1,11,4,27,10.95,6.11,0,,,EoN(2014-01-14) Electricity Aq 1yr
653,Nightsaver,2,11,3,27,10.95,6.11,0,,,EoN(2014-01-14) Electricity Aq 1yr
653,Nightsaver,2,11,4,27,10.95,6.11,0,,,EoN(2014-01-14) Electricity Aq 1yr
542,Nightsaver,17,11,3,27,10.95,6.11,0,,,EoN(2014-01-14) Electricity Aq 1yr
542,Nightsaver,17,11,4,27,10.95,6.11,0,,,EoN(2014-01-14) Electricity Aq 1yr
542,Nightsaver,15,11,3,27,10.95,6.11,0,,,EoN(2014-01-14) Electricity Aq 1yr
542,Nightsaver,15,11,4,27,10.95,6.11,0,,,EoN(2014-01-14) Electricity Aq 1yr
542,Nightsaver,21,11,3,27,10.95,6.11,0,,,EoN(2014-01-14) Electricity Aq 1yr
542,Nightsaver,21,11,4,27,10.95,6.11,0,,,EoN(2014-01-14) Electricity Aq 1yr
548,Nightsaver,21,11,3,27,10.95,6.11,0,,,EoN(2014-01-14) Electricity Aq 1yr
548,Nightsaver,21,11,4,27,10.95,6.11,0,,,EoN(2014-01-14) Electricity Aq 1yr
110,Nightsaver,3,11,3,27,10.95,6.11,0,,,EoN(2014-01-14) Electricity Aq 1yr
110,Nightsaver,3,11,4,27,10.95,6.11,0,,,EoN(2014-01-14) Electricity Aq 1yr
542,Nightsaver,101,11,3,27,10.95,6.11,0,,,EoN(2014-01-14) Electricity Aq 1yr
542,Nightsaver,101,11,4,27,10.95,6.11,0,,,EoN(2014-01-14) Electricity Aq 1yr
608,Nightsaver,7,11,3,27,10.95,6.11,0,,,EoN(2014-01-14) Electricity Aq 1yr
608,Nightsaver,7,11,4,27,10.95,6.11,0,,,EoN(2014-01-14) Electricity Aq 1yr
106,Nightsaver,7,11,3,27,10.95,6.11,0,,,EoN(2014-01-14) Electricity Aq 1yr
106,Nightsaver,7,11,4,27,10.95,6.11,0,,,EoN(2014-01-14) Electricity Aq 1yr
653,Nightsaver,7,11,3,27,10.95,6.11,0,,,EoN(2014-01-14) Electricity Aq 1yr
653,Nightsaver,7,11,4,27,10.95,6.11,0,,,EoN(2014-01-14) Electricity Aq 1yr
146,Nightsaver,7,11,3,27,10.95,6.11,0,,,EoN(2014-01-14) Electricity Aq 1yr
146,Nightsaver,7,11,4,27,10.95,6.11,0,,,EoN(2014-01-14) Electricity Aq 1yr
106,Nightsaver,3,11,3,27,10.95,6.11,0,,,EoN(2014-01-14) Electricity Aq 1yr
106,Nightsaver,3,11,4,27,10.95,6.11,0,,,EoN(2014-01-14) Electricity Aq 1yr
106,Nightsaver,2,11,3,27,10.95,6.11,0,,,EoN(2014-01-14) Electricity Aq 1yr
106,Nightsaver,2,11,4,27,10.95,6.11,0,,,EoN(2014-01-14) Electricity Aq 1yr
146,Nightsaver,3,11,3,27,10.95,6.11,0,,,EoN(2014-01-14) Electricity Aq 1yr
146,Nightsaver,3,11,4,27,10.95,6.11,0,,,EoN(2014-01-14) Electricity Aq 1yr
548,Nightsaver,12,11,3,27,10.95,6.11,0,,,EoN(2014-01-14) Electricity Aq 1yr
548,Nightsaver,12,11,4,27,10.95,6.11,0,,,EoN(2014-01-14) Electricity Aq 1yr
542,Nightsaver,34,11,3,27,10.95,6.11,0,,,EoN(2014-01-14) Electricity Aq 1yr
542,Nightsaver,34,11,4,27,10.95,6.11,0,,,EoN(2014-01-14) Electricity Aq 1yr
150,Nightsaver,3,11,3,27,10.95,6.11,0,,,EoN(2014-01-14) Electricity Aq 1yr
150,Nightsaver,3,11,4,27,10.95,6.11,0,,,EoN(2014-01-14) Electricity Aq 1yr
648,Nightsaver,7,11,3,27,10.95,6.11,0,,,EoN(2014-01-14) Electricity Aq 1yr
648,Nightsaver,7,11,4,27,10.95,6.11,0,,,EoN(2014-01-14) Electricity Aq 1yr
548,Nightsaver,3,11,3,27,10.95,6.11,0,,,EoN(2014-01-14) Electricity Aq 1yr
548,Nightsaver,3,11,4,27,10.95,6.11,0,,,EoN(2014-01-14) Electricity Aq 1yr
548,Nightsaver,1,11,3,27,10.95,6.11,0,,,EoN(2014-01-14) Electricity Aq 1yr
548,Nightsaver,1,11,4,27,10.95,6.11,0,,,EoN(2014-01-14) Electricity Aq 1yr
542,Nightsaver,37,11,3,27,10.95,6.11,0,,,EoN(2014-01-14) Electricity Aq 1yr
542,Nightsaver,37,11,4,27,10.95,6.11,0,,,EoN(2014-01-14) Electricity Aq 1yr
648,Nightsaver,3,11,3,27,10.95,6.11,0,,,EoN(2014-01-14) Electricity Aq 1yr
648,Nightsaver,3,11,4,27,10.95,6.11,0,,,EoN(2014-01-14) Electricity Aq 1yr
648,Nightsaver,2,11,3,27,10.95,6.11,0,,,EoN(2014-01-14) Electricity Aq 1yr
648,Nightsaver,2,11,4,27,10.95,6.11,0,,,EoN(2014-01-14) Electricity Aq 1yr
608,Nightsaver,2,11,3,27,10.95,6.11,0,,,EoN(2014-01-14) Electricity Aq 1yr
608,Nightsaver,2,11,4,27,10.95,6.11,0,,,EoN(2014-01-14) Electricity Aq 1yr
608,Nightsaver,3,11,3,27,10.95,6.11,0,,,EoN(2014-01-14) Electricity Aq 1yr
608,Nightsaver,3,11,4,27,10.95,6.11,0,,,EoN(2014-01-14) Electricity Aq 1yr
110,Nightsaver,2,11,3,27,10.95,6.11,0,,,EoN(2014-01-14) Electricity Aq 1yr
110,Nightsaver,2,11,4,27,10.95,6.11,0,,,EoN(2014-01-14) Electricity Aq 1yr
146,Nightsaver,2,11,3,27,10.95,6.11,0,,,EoN(2014-01-14) Electricity Aq 1yr
146,Nightsaver,2,11,4,27,10.95,6.11,0,,,EoN(2014-01-14) Electricity Aq 1yr
542,Nightsaver,134,11,3,27,10.95,6.11,0,,,EoN(2014-01-14) Electricity Aq 1yr
542,Nightsaver,134,11,4,27,10.95,6.11,0,,,EoN(2014-01-14) Electricity Aq 1yr
110,Nightsaver,7,11,3,27,10.95,6.11,0,,,EoN(2014-01-14) Electricity Aq 1yr
110,Nightsaver,7,11,4,27,10.95,6.11,0,,,EoN(2014-01-14) Electricity Aq 1yr
548,Nightsaver,13,11,3,27,10.95,6.11,0,,,EoN(2014-01-14) Electricity Aq 1yr
548,Nightsaver,13,11,4,27,10.95,6.11,0,,,EoN(2014-01-14) Electricity Aq 1yr
613,Nightsaver,7,11,3,27,10.95,6.11,0,,,EoN(2014-01-14) Electricity Aq 1yr
613,Nightsaver,7,11,4,27,10.95,6.11,0,,,EoN(2014-01-14) Electricity Aq 1yr
542,Nightsaver,140,11,3,27,10.95,6.11,0,,,EoN(2014-01-14) Electricity Aq 1yr
542,Nightsaver,140,11,4,27,10.95,6.11,0,,,EoN(2014-01-14) Electricity Aq 1yr
613,Nightsaver,3,11,3,27,10.95,6.11,0,,,EoN(2014-01-14) Electricity Aq 1yr
613,Nightsaver,3,11,4,27,10.95,6.11,0,,,EoN(2014-01-14) Electricity Aq 1yr
542,Nightsaver,119,11,3,27,10.95,6.11,0,,,EoN(2014-01-14) Electricity Aq 1yr
542,Nightsaver,119,11,4,27,10.95,6.11,0,,,EoN(2014-01-14) Electricity Aq 1yr
542,Nightsaver,113,11,3,27,10.95,6.11,0,,,EoN(2014-01-14) Electricity Aq 1yr
542,Nightsaver,113,11,4,27,10.95,6.11,0,,,EoN(2014-01-14) Electricity Aq 1yr
542,Nightsaver,103,11,3,27,10.95,6.11,0,,,EoN(2014-01-14) Electricity Aq 1yr
542,Nightsaver,103,11,4,27,10.95,6.11,0,,,EoN(2014-01-14) Electricity Aq 1yr
613,Nightsaver,2,11,3,27,10.95,6.11,0,,,EoN(2014-01-14) Electricity Aq 1yr
613,Nightsaver,2,11,4,27,10.95,6.11,0,,,EoN(2014-01-14) Electricity Aq 1yr
548,Nightsaver,14,11,3,27,10.95,6.11,0,,,EoN(2014-01-14) Electricity Aq 1yr
548,Nightsaver,14,11,4,27,10.95,6.11,0,,,EoN(2014-01-14) Electricity Aq 1yr
548,Nightsaver,140,11,3,27,10.95,6.11,0,,,EoN(2014-01-14) Electricity Aq 1yr
548,Nightsaver,140,11,4,27,10.95,6.11,0,,,EoN(2014-01-14) Electricity Aq 1yr
830,Nightsaver,119,11,3,27,10.95,6.11,0,,,EoN(2014-01-14) Electricity Aq 1yr
830,Nightsaver,119,11,4,27,10.95,6.11,0,,,EoN(2014-01-14) Electricity Aq 1yr
830,Nightsaver,103,11,3,27,10.95,6.11,0,,,EoN(2014-01-14) Electricity Aq 1yr
830,Nightsaver,103,11,4,27,10.95,6.11,0,,,EoN(2014-01-14) Electricity Aq 1yr
830,Nightsaver,116,11,3,27,10.95,6.11,0,,,EoN(2014-01-14) Electricity Aq 1yr
830,Nightsaver,116,11,4,27,10.95,6.11,0,,,EoN(2014-01-14) Electricity Aq 1yr
830,Nightsaver,40,11,3,27,10.95,6.11,0,,,EoN(2014-01-14) Electricity Aq 1yr
830,Nightsaver,40,11,4,27,10.95,6.11,0,,,EoN(2014-01-14) Electricity Aq 1yr
830,Nightsaver,137,11,3,27,10.95,6.11,0,,,EoN(2014-01-14) Electricity Aq 1yr
830,Nightsaver,137,11,4,27,10.95,6.11,0,,,EoN(2014-01-14) Electricity Aq 1yr
830,Nightsaver,140,11,3,27,10.95,6.11,0,,,EoN(2014-01-14) Electricity Aq 1yr
830,Nightsaver,140,11,4,27,10.95,6.11,0,,,EoN(2014-01-14) Electricity Aq 1yr
830,Nightsaver,113,11,3,27,10.95,6.11,0,,,EoN(2014-01-14) Electricity Aq 1yr
830,Nightsaver,113,11,4,27,10.95,6.11,0,,,EoN(2014-01-14) Electricity Aq 1yr
830,Nightsaver,152,11,3,27,10.95,6.11,0,,,EoN(2014-01-14) Electricity Aq 1yr
830,Nightsaver,152,11,4,27,10.95,6.11,0,,,EoN(2014-01-14) Electricity Aq 1yr
830,Nightsaver,52,11,3,27,10.95,6.11,0,,,EoN(2014-01-14) Electricity Aq 1yr
830,Nightsaver,52,11,4,27,10.95,6.11,0,,,EoN(2014-01-14) Electricity Aq 1yr
830,Nightsaver,37,11,3,27,10.95,6.11,0,,,EoN(2014-01-14) Electricity Aq 1yr
830,Nightsaver,37,11,4,27,10.95,6.11,0,,,EoN(2014-01-14) Electricity Aq 1yr
830,Nightsaver,37,11,3,27,10.95,6.11,0,,,EoN(2014-01-14) Electricity Aq 1yr
830,Nightsaver,37,11,4,27,10.95,6.11,0,,,EoN(2014-01-14) Electricity Aq 1yr
830,Nightsaver,19,11,3,27,10.95,6.11,0,,,EoN(2014-01-14) Electricity Aq 1yr
830,Nightsaver,19,11,4,27,10.95,6.11,0,,,EoN(2014-01-14) Electricity Aq 1yr
830,Nightsaver,16,11,3,27,10.95,6.11,0,,,EoN(2014-01-14) Electricity Aq 1yr
830,Nightsaver,16,11,4,27,10.95,6.11,0,,,EoN(2014-01-14) Electricity Aq 1yr
830,Nightsaver,13,11,3,27,10.95,6.11,0,,,EoN(2014-01-14) Electricity Aq 1yr
830,Nightsaver,13,11,4,27,10.95,6.11,0,,,EoN(2014-01-14) Electricity Aq 1yr
830,Nightsaver,3,11,3,27,10.95,6.11,0,,,EoN(2014-01-14) Electricity Aq 1yr
830,Nightsaver,3,11,4,27,10.95,6.11,0,,,EoN(2014-01-14) Electricity Aq 1yr
830,Nightsaver,101,11,3,27,10.95,6.11,0,,,EoN(2014-01-14) Electricity Aq 1yr
830,Nightsaver,101,11,4,27,10.95,6.11,0,,,EoN(2014-01-14) Electricity Aq 1yr
831,Nightsaver,103,11,3,27,10.95,6.11,0,,,EoN(2014-01-14) Electricity Aq 1yr
831,Nightsaver,103,11,4,27,10.95,6.11,0,,,EoN(2014-01-14) Electricity Aq 1yr
831,Nightsaver,3,11,3,27,10.95,6.11,0,,,EoN(2014-01-14) Electricity Aq 1yr
831,Nightsaver,3,11,4,27,10.95,6.11,0,,,EoN(2014-01-14) Electricity Aq 1yr
831,Nightsaver,13,11,3,27,10.95,6.11,0,,,EoN(2014-01-14) Electricity Aq 1yr
831,Nightsaver,13,11,4,27,10.95,6.11,0,,,EoN(2014-01-14) Electricity Aq 1yr
831,Nightsaver,16,11,3,27,10.95,6.11,0,,,EoN(2014-01-14) Electricity Aq 1yr
831,Nightsaver,16,11,4,27,10.95,6.11,0,,,EoN(2014-01-14) Electricity Aq 1yr
831,Nightsaver,19,11,3,27,10.95,6.11,0,,,EoN(2014-01-14) Electricity Aq 1yr
831,Nightsaver,19,11,4,27,10.95,6.11,0,,,EoN(2014-01-14) Electricity Aq 1yr
831,Nightsaver,37,11,3,27,10.95,6.11,0,,,EoN(2014-01-14) Electricity Aq 1yr
831,Nightsaver,37,11,4,27,10.95,6.11,0,,,EoN(2014-01-14) Electricity Aq 1yr
831,Nightsaver,37,11,3,27,10.95,6.11,0,,,EoN(2014-01-14) Electricity Aq 1yr
831,Nightsaver,37,11,4,27,10.95,6.11,0,,,EoN(2014-01-14) Electricity Aq 1yr
831,Nightsaver,1,11,3,27,10.95,6.11,0,,,EoN(2014-01-14) Electricity Aq 1yr
831,Nightsaver,1,11,4,27,10.95,6.11,0,,,EoN(2014-01-14) Electricity Aq 1yr
831,Nightsaver,52,11,3,27,10.95,6.11,0,,,EoN(2014-01-14) Electricity Aq 1yr
831,Nightsaver,52,11,4,27,10.95,6.11,0,,,EoN(2014-01-14) Electricity Aq 1yr
831,Nightsaver,101,11,3,27,10.95,6.11,0,,,EoN(2014-01-14) Electricity Aq 1yr
831,Nightsaver,101,11,4,27,10.95,6.11,0,,,EoN(2014-01-14) Electricity Aq 1yr
830,Nightsaver,1,11,3,27,10.95,6.11,0,,,EoN(2014-01-14) Electricity Aq 1yr
830,Nightsaver,1,11,4,27,10.95,6.11,0,,,EoN(2014-01-14) Electricity Aq 1yr
831,Nightsaver,113,11,3,27,10.95,6.11,0,,,EoN(2014-01-14) Electricity Aq 1yr
831,Nightsaver,113,11,4,27,10.95,6.11,0,,,EoN(2014-01-14) Electricity Aq 1yr
831,Nightsaver,116,11,3,27,10.95,6.11,0,,,EoN(2014-01-14) Electricity Aq 1yr
831,Nightsaver,116,11,4,27,10.95,6.11,0,,,EoN(2014-01-14) Electricity Aq 1yr
831,Nightsaver,119,11,3,27,10.95,6.11,0,,,EoN(2014-01-14) Electricity Aq 1yr
831,Nightsaver,119,11,4,27,10.95,6.11,0,,,EoN(2014-01-14) Electricity Aq 1yr
831,Nightsaver,137,11,3,27,10.95,6.11,0,,,EoN(2014-01-14) Electricity Aq 1yr
831,Nightsaver,137,11,4,27,10.95,6.11,0,,,EoN(2014-01-14) Electricity Aq 1yr
831,Nightsaver,140,11,3,27,10.95,6.11,0,,,EoN(2014-01-14) Electricity Aq 1yr
831,Nightsaver,140,11,4,27,10.95,6.11,0,,,EoN(2014-01-14) Electricity Aq 1yr
831,Nightsaver,152,11,3,27,10.95,6.11,0,,,EoN(2014-01-14) Electricity Aq 1yr
831,Nightsaver,152,11,4,27,10.95,6.11,0,,,EoN(2014-01-14) Electricity Aq 1yr
831,Nightsaver,40,11,3,27,10.95,6.11,0,,,EoN(2014-01-14) Electricity Aq 1yr
831,Nightsaver,40,11,4,27,10.95,6.11,0,,,EoN(2014-01-14) Electricity Aq 1yr
150,Nightsaver,3,11,3,27,10.95,6.11,0,,,EoN(2014-01-14) Electricity Aq 1yr
150,Nightsaver,3,11,4,27,10.95,6.11,0,,,EoN(2014-01-14) Electricity Aq 1yr
548,Nightsaver,134,11,3,27,10.95,6.11,0,,,EoN(2014-01-14) Electricity Aq 1yr
548,Nightsaver,134,11,4,27,10.95,6.11,0,,,EoN(2014-01-14) Electricity Aq 1yr
548,Nightsaver,119,11,3,27,10.95,6.11,0,,,EoN(2014-01-14) Electricity Aq 1yr
548,Nightsaver,119,11,4,27,10.95,6.11,0,,,EoN(2014-01-14) Electricity Aq 1yr
548,Nightsaver,113,11,3,27,10.95,6.11,0,,,EoN(2014-01-14) Electricity Aq 1yr
548,Nightsaver,113,11,4,27,10.95,6.11,0,,,EoN(2014-01-14) Electricity Aq 1yr
548,Nightsaver,103,11,3,27,10.95,6.11,0,,,EoN(2014-01-14) Electricity Aq 1yr
548,Nightsaver,103,11,4,27,10.95,6.11,0,,,EoN(2014-01-14) Electricity Aq 1yr
542,Nightsaver,103,11,3,27,10.95,6.11,0,,,EoN(2014-01-14) Electricity Aq 1yr
542,Nightsaver,103,11,4,27,10.95,6.11,0,,,EoN(2014-01-14) Electricity Aq 1yr
150,Nightsaver,7,11,3,27,10.95,6.11,0,,,EoN(2014-01-14) Electricity Aq 1yr
150,Nightsaver,7,11,4,27,10.95,6.11,0,,,EoN(2014-01-14) Electricity Aq 1yr
653,Nightsaver,7,11,3,27,10.95,6.11,0,,,EoN(2014-01-14) Electricity Aq 1yr
653,Nightsaver,7,11,4,27,10.95,6.11,0,,,EoN(2014-01-14) Electricity Aq 1yr
150,Nightsaver,2,11,3,27,10.95,6.11,0,,,EoN(2014-01-14) Electricity Aq 1yr
150,Nightsaver,2,11,4,27,10.95,6.11,0,,,EoN(2014-01-14) Electricity Aq 1yr
653,Nightsaver,3,11,3,27,10.95,6.11,0,,,EoN(2014-01-14) Electricity Aq 1yr
653,Nightsaver,3,11,4,27,10.95,6.11,0,,,EoN(2014-01-14) Electricity Aq 1yr
548,Nightsaver,101,11,3,27,10.95,6.11,0,,,EoN(2014-01-14) Electricity Aq 1yr
548,Nightsaver,101,11,4,27,10.95,6.11,0,,,EoN(2014-01-14) Electricity Aq 1yr
150,Nightsaver,1,11,3,27,10.95,6.11,0,,,EoN(2014-01-14) Electricity Aq 1yr
150,Nightsaver,1,11,4,27,10.95,6.11,0,,,EoN(2014-01-14) Electricity Aq 1yr
548,Nightsaver,23,11,3,27,10.95,6.11,0,,,EoN(2014-01-14) Electricity Aq 1yr
548,Nightsaver,23,11,4,27,10.95,6.11,0,,,EoN(2014-01-14) Electricity Aq 1yr
548,Nightsaver,1,11,3,27,10.95,6.11,0,,,EoN(2014-01-14) Electricity Aq 1yr
548,Nightsaver,1,11,4,27,10.95,6.11,0,,,EoN(2014-01-14) Electricity Aq 1yr
548,Nightsaver,3,11,3,27,10.95,6.11,0,,,EoN(2014-01-14) Electricity Aq 1yr
548,Nightsaver,3,11,4,27,10.95,6.11,0,,,EoN(2014-01-14) Electricity Aq 1yr
548,Nightsaver,12,11,3,27,10.95,6.11,0,,,EoN(2014-01-14) Electricity Aq 1yr
548,Nightsaver,12,11,4,27,10.95,6.11,0,,,EoN(2014-01-14) Electricity Aq 1yr
548,Nightsaver,13,11,3,27,10.95,6.11,0,,,EoN(2014-01-14) Electricity Aq 1yr
548,Nightsaver,13,11,4,27,10.95,6.11,0,,,EoN(2014-01-14) Electricity Aq 1yr
548,Nightsaver,14,11,3,27,10.95,6.11,0,,,EoN(2014-01-14) Electricity Aq 1yr
548,Nightsaver,14,11,4,27,10.95,6.11,0,,,EoN(2014-01-14) Electricity Aq 1yr
548,Nightsaver,15,11,3,27,10.95,6.11,0,,,EoN(2014-01-14) Electricity Aq 1yr
548,Nightsaver,15,11,4,27,10.95,6.11,0,,,EoN(2014-01-14) Electricity Aq 1yr
548,Nightsaver,17,11,3,27,10.95,6.11,0,,,EoN(2014-01-14) Electricity Aq 1yr
548,Nightsaver,17,11,4,27,10.95,6.11,0,,,EoN(2014-01-14) Electricity Aq 1yr
548,Nightsaver,34,11,3,27,10.95,6.11,0,,,EoN(2014-01-14) Electricity Aq 1yr
548,Nightsaver,34,11,4,27,10.95,6.11,0,,,EoN(2014-01-14) Electricity Aq 1yr
548,Nightsaver,21,11,3,27,10.95,6.11,0,,,EoN(2014-01-14) Electricity Aq 1yr
548,Nightsaver,21,11,4,27,10.95,6.11,0,,,EoN(2014-01-14) Electricity Aq 1yr
548,Nightsaver,40,11,3,27,10.95,6.11,0,,,EoN(2014-01-14) Electricity Aq 1yr
548,Nightsaver,40,11,4,27,10.95,6.11,0,,,EoN(2014-01-14) Electricity Aq 1yr
542,Nightsaver,1,11,3,27,10.95,6.11,0,,,EoN(2014-01-14) Electricity Aq 1yr
542,Nightsaver,1,11,4,27,10.95,6.11,0,,,EoN(2014-01-14) Electricity Aq 1yr
548,Nightsaver,29,11,3,27,10.95,6.11,0,,,EoN(2014-01-14) Electricity Aq 1yr
548,Nightsaver,29,11,4,27,10.95,6.11,0,,,EoN(2014-01-14) Electricity Aq 1yr
548,Nightsaver,27,11,3,27,10.95,6.11,0,,,EoN(2014-01-14) Electricity Aq 1yr
548,Nightsaver,27,11,4,27,10.95,6.11,0,,,EoN(2014-01-14) Electricity Aq 1yr
653,Nightsaver,2,11,3,27,10.95,6.11,0,,,EoN(2014-01-14) Electricity Aq 1yr
653,Nightsaver,2,11,4,27,10.95,6.11,0,,,EoN(2014-01-14) Electricity Aq 1yr
542,Nightsaver,37,11,3,27,10.95,6.11,0,,,EoN(2014-01-14) Electricity Aq 1yr
542,Nightsaver,37,11,4,27,10.95,6.11,0,,,EoN(2014-01-14) Electricity Aq 1yr
542,Nightsaver,40,11,3,27,10.95,6.11,0,,,EoN(2014-01-14) Electricity Aq 1yr
542,Nightsaver,40,11,4,27,10.95,6.11,0,,,EoN(2014-01-14) Electricity Aq 1yr
542,Nightsaver,101,11,3,27,10.95,6.11,0,,,EoN(2014-01-14) Electricity Aq 1yr
542,Nightsaver,101,11,4,27,10.95,6.11,0,,,EoN(2014-01-14) Electricity Aq 1yr
548,Nightsaver,37,11,3,27,10.95,6.11,0,,,EoN(2014-01-14) Electricity Aq 1yr
548,Nightsaver,37,11,4,27,10.95,6.11,0,,,EoN(2014-01-14) Electricity Aq 1yr
548,Nightsaver,19,11,3,27,10.95,6.11,0,,,EoN(2014-01-14) Electricity Aq 1yr
548,Nightsaver,19,11,4,27,10.95,6.11,0,,,EoN(2014-01-14) Electricity Aq 1yr
613,Nightsaver,7,11,3,27,10.95,6.11,0,,,EoN(2014-01-14) Electricity Aq 1yr
613,Nightsaver,7,11,4,27,10.95,6.11,0,,,EoN(2014-01-14) Electricity Aq 1yr
542,Nightsaver,12,11,3,27,10.95,6.11,0,,,EoN(2014-01-14) Electricity Aq 1yr
542,Nightsaver,12,11,4,27,10.95,6.11,0,,,EoN(2014-01-14) Electricity Aq 1yr
542,Nightsaver,13,11,3,27,10.95,6.11,0,,,EoN(2014-01-14) Electricity Aq 1yr
542,Nightsaver,13,11,4,27,10.95,6.11,0,,,EoN(2014-01-14) Electricity Aq 1yr
548,Nightsaver,140,11,3,27,10.95,6.11,0,,,EoN(2014-01-14) Electricity Aq 1yr
548,Nightsaver,140,11,4,27,10.95,6.11,0,,,EoN(2014-01-14) Electricity Aq 1yr
542,Nightsaver,3,11,3,27,10.95,6.11,0,,,EoN(2014-01-14) Electricity Aq 1yr
542,Nightsaver,3,11,4,27,10.95,6.11,0,,,EoN(2014-01-14) Electricity Aq 1yr
146,Nightsaver,3,11,3,27,10.95,6.11,0,,,EoN(2014-01-14) Electricity Aq 1yr
146,Nightsaver,3,11,4,27,10.95,6.11,0,,,EoN(2014-01-14) Electricity Aq 1yr
146,Nightsaver,2,11,3,27,10.95,6.11,0,,,EoN(2014-01-14) Electricity Aq 1yr
146,Nightsaver,2,11,4,27,10.95,6.11,0,,,EoN(2014-01-14) Electricity Aq 1yr
146,Nightsaver,1,11,3,27,10.95,6.11,0,,,EoN(2014-01-14) Electricity Aq 1yr
146,Nightsaver,1,11,4,27,10.95,6.11,0,,,EoN(2014-01-14) Electricity Aq 1yr
648,Nightsaver,7,11,3,27,10.95,6.11,0,,,EoN(2014-01-14) Electricity Aq 1yr
648,Nightsaver,7,11,4,27,10.95,6.11,0,,,EoN(2014-01-14) Electricity Aq 1yr
542,Nightsaver,15,11,3,27,10.95,6.11,0,,,EoN(2014-01-14) Electricity Aq 1yr
542,Nightsaver,15,11,4,27,10.95,6.11,0,,,EoN(2014-01-14) Electricity Aq 1yr
648,Nightsaver,2,11,3,27,10.95,6.11,0,,,EoN(2014-01-14) Electricity Aq 1yr
648,Nightsaver,2,11,4,27,10.95,6.11,0,,,EoN(2014-01-14) Electricity Aq 1yr
613,Nightsaver,1,11,3,27,10.95,6.11,0,,,EoN(2014-01-14) Electricity Aq 1yr
613,Nightsaver,1,11,4,27,10.95,6.11,0,,,EoN(2014-01-14) Electricity Aq 1yr
608,Nightsaver,3,11,3,27,10.95,6.11,0,,,EoN(2014-01-14) Electricity Aq 1yr
608,Nightsaver,3,11,4,27,10.95,6.11,0,,,EoN(2014-01-14) Electricity Aq 1yr
110,Nightsaver,1,11,3,27,10.95,6.11,0,,,EoN(2014-01-14) Electricity Aq 1yr
110,Nightsaver,1,11,4,27,10.95,6.11,0,,,EoN(2014-01-14) Electricity Aq 1yr
110,Nightsaver,2,11,3,27,10.95,6.11,0,,,EoN(2014-01-14) Electricity Aq 1yr
110,Nightsaver,2,11,4,27,10.95,6.11,0,,,EoN(2014-01-14) Electricity Aq 1yr
110,Nightsaver,3,11,3,27,10.95,6.11,0,,,EoN(2014-01-14) Electricity Aq 1yr
110,Nightsaver,3,11,4,27,10.95,6.11,0,,,EoN(2014-01-14) Electricity Aq 1yr
608,Nightsaver,2,11,3,27,10.95,6.11,0,,,EoN(2014-01-14) Electricity Aq 1yr
608,Nightsaver,2,11,4,27,10.95,6.11,0,,,EoN(2014-01-14) Electricity Aq 1yr
608,Nightsaver,37,11,3,27,10.95,6.11,0,,,EoN(2014-01-14) Electricity Aq 1yr
608,Nightsaver,37,11,4,27,10.95,6.11,0,,,EoN(2014-01-14) Electricity Aq 1yr
608,Nightsaver,7,11,3,27,10.95,6.11,0,,,EoN(2014-01-14) Electricity Aq 1yr
608,Nightsaver,7,11,4,27,10.95,6.11,0,,,EoN(2014-01-14) Electricity Aq 1yr
110,Nightsaver,7,11,3,27,10.95,6.11,0,,,EoN(2014-01-14) Electricity Aq 1yr
110,Nightsaver,7,11,4,27,10.95,6.11,0,,,EoN(2014-01-14) Electricity Aq 1yr
648,Nightsaver,3,11,3,27,10.95,6.11,0,,,EoN(2014-01-14) Electricity Aq 1yr
648,Nightsaver,3,11,4,27,10.95,6.11,0,,,EoN(2014-01-14) Electricity Aq 1yr
106,Nightsaver,2,11,3,27,10.95,6.11,0,,,EoN(2014-01-14) Electricity Aq 1yr
106,Nightsaver,2,11,4,27,10.95,6.11,0,,,EoN(2014-01-14) Electricity Aq 1yr
542,Nightsaver,119,11,3,27,10.95,6.11,0,,,EoN(2014-01-14) Electricity Aq 1yr
542,Nightsaver,119,11,4,27,10.95,6.11,0,,,EoN(2014-01-14) Electricity Aq 1yr
542,Nightsaver,134,11,3,27,10.95,6.11,0,,,EoN(2014-01-14) Electricity Aq 1yr
542,Nightsaver,134,11,4,27,10.95,6.11,0,,,EoN(2014-01-14) Electricity Aq 1yr
542,Nightsaver,140,11,3,27,10.95,6.11,0,,,EoN(2014-01-14) Electricity Aq 1yr
542,Nightsaver,140,11,4,27,10.95,6.11,0,,,EoN(2014-01-14) Electricity Aq 1yr
542,Nightsaver,34,11,3,27,10.95,6.11,0,,,EoN(2014-01-14) Electricity Aq 1yr
542,Nightsaver,34,11,4,27,10.95,6.11,0,,,EoN(2014-01-14) Electricity Aq 1yr
106,Nightsaver,37,11,3,27,10.95,6.11,0,,,EoN(2014-01-14) Electricity Aq 1yr
106,Nightsaver,37,11,4,27,10.95,6.11,0,,,EoN(2014-01-14) Electricity Aq 1yr
106,Nightsaver,7,11,3,27,10.95,6.11,0,,,EoN(2014-01-14) Electricity Aq 1yr
106,Nightsaver,7,11,4,27,10.95,6.11,0,,,EoN(2014-01-14) Electricity Aq 1yr
106,Nightsaver,3,11,3,27,10.95,6.11,0,,,EoN(2014-01-14) Electricity Aq 1yr
106,Nightsaver,3,11,4,27,10.95,6.11,0,,,EoN(2014-01-14) Electricity Aq 1yr
542,Nightsaver,14,11,3,27,10.95,6.11,0,,,EoN(2014-01-14) Electricity Aq 1yr
542,Nightsaver,14,11,4,27,10.95,6.11,0,,,EoN(2014-01-14) Electricity Aq 1yr
542,Nightsaver,27,11,3,27,10.95,6.11,0,,,EoN(2014-01-14) Electricity Aq 1yr
542,Nightsaver,27,11,4,27,10.95,6.11,0,,,EoN(2014-01-14) Electricity Aq 1yr
542,Nightsaver,113,11,3,27,10.95,6.11,0,,,EoN(2014-01-14) Electricity Aq 1yr
542,Nightsaver,113,11,4,27,10.95,6.11,0,,,EoN(2014-01-14) Electricity Aq 1yr
106,Nightsaver,1,11,3,27,10.95,6.11,0,,,EoN(2014-01-14) Electricity Aq 1yr
106,Nightsaver,1,11,4,27,10.95,6.11,0,,,EoN(2014-01-14) Electricity Aq 1yr
542,Nightsaver,23,11,3,27,10.95,6.11,0,,,EoN(2014-01-14) Electricity Aq 1yr
542,Nightsaver,23,11,4,27,10.95,6.11,0,,,EoN(2014-01-14) Electricity Aq 1yr
542,Nightsaver,21,11,3,27,10.95,6.11,0,,,EoN(2014-01-14) Electricity Aq 1yr
542,Nightsaver,21,11,4,27,10.95,6.11,0,,,EoN(2014-01-14) Electricity Aq 1yr
146,Nightsaver,7,11,3,27,10.95,6.11,0,,,EoN(2014-01-14) Electricity Aq 1yr
146,Nightsaver,7,11,4,27,10.95,6.11,0,,,EoN(2014-01-14) Electricity Aq 1yr
542,Nightsaver,19,11,3,27,10.95,6.11,0,,,EoN(2014-01-14) Electricity Aq 1yr
542,Nightsaver,19,11,4,27,10.95,6.11,0,,,EoN(2014-01-14) Electricity Aq 1yr
542,Nightsaver,17,11,3,27,10.95,6.11,0,,,EoN(2014-01-14) Electricity Aq 1yr
542,Nightsaver,17,11,4,27,10.95,6.11,0,,,EoN(2014-01-14) Electricity Aq 1yr
613,Nightsaver,3,11,3,27,10.95,6.11,0,,,EoN(2014-01-14) Electricity Aq 1yr
613,Nightsaver,3,11,4,27,10.95,6.11,0,,,EoN(2014-01-14) Electricity Aq 1yr
613,Nightsaver,2,11,3,27,10.95,6.11,0,,,EoN(2014-01-14) Electricity Aq 1yr
613,Nightsaver,2,11,4,27,10.95,6.11,0,,,EoN(2014-01-14) Electricity Aq 1yr
542,Nightsaver,29,11,3,27,10.95,6.11,0,,,EoN(2014-01-14) Electricity Aq 1yr
542,Nightsaver,29,11,4,27,10.95,6.11,0,,,EoN(2014-01-14) Electricity Aq 1yr
831,Nightsaver,37,11,3,27,10.95,6.11,0,,,EoN(2014-01-14) Electricity Aq 1yr
831,Nightsaver,37,11,4,27,10.95,6.11,0,,,EoN(2014-01-14) Electricity Aq 1yr
830,Nightsaver,19,11,3,27,10.95,6.11,0,,,EoN(2014-01-14) Electricity Aq 1yr
830,Nightsaver,19,11,4,27,10.95,6.11,0,,,EoN(2014-01-14) Electricity Aq 1yr
830,Nightsaver,37,11,3,27,10.95,6.11,0,,,EoN(2014-01-14) Electricity Aq 1yr
830,Nightsaver,37,11,4,27,10.95,6.11,0,,,EoN(2014-01-14) Electricity Aq 1yr
830,Nightsaver,37,11,3,27,10.95,6.11,0,,,EoN(2014-01-14) Electricity Aq 1yr
830,Nightsaver,37,11,4,27,10.95,6.11,0,,,EoN(2014-01-14) Electricity Aq 1yr
830,Nightsaver,40,11,3,27,10.95,6.11,0,,,EoN(2014-01-14) Electricity Aq 1yr
830,Nightsaver,40,11,4,27,10.95,6.11,0,,,EoN(2014-01-14) Electricity Aq 1yr
830,Nightsaver,52,11,3,27,10.95,6.11,0,,,EoN(2014-01-14) Electricity Aq 1yr
830,Nightsaver,52,11,4,27,10.95,6.11,0,,,EoN(2014-01-14) Electricity Aq 1yr
831,Nightsaver,1,11,3,27,10.95,6.11,0,,,EoN(2014-01-14) Electricity Aq 1yr
831,Nightsaver,1,11,4,27,10.95,6.11,0,,,EoN(2014-01-14) Electricity Aq 1yr
831,Nightsaver,3,11,3,27,10.95,6.11,0,,,EoN(2014-01-14) Electricity Aq 1yr
831,Nightsaver,3,11,4,27,10.95,6.11,0,,,EoN(2014-01-14) Electricity Aq 1yr
831,Nightsaver,13,11,3,27,10.95,6.11,0,,,EoN(2014-01-14) Electricity Aq 1yr
831,Nightsaver,13,11,4,27,10.95,6.11,0,,,EoN(2014-01-14) Electricity Aq 1yr
831,Nightsaver,16,11,3,27,10.95,6.11,0,,,EoN(2014-01-14) Electricity Aq 1yr
831,Nightsaver,16,11,4,27,10.95,6.11,0,,,EoN(2014-01-14) Electricity Aq 1yr
830,Nightsaver,16,11,3,27,10.95,6.11,0,,,EoN(2014-01-14) Electricity Aq 1yr
830,Nightsaver,16,11,4,27,10.95,6.11,0,,,EoN(2014-01-14) Electricity Aq 1yr
831,Nightsaver,37,11,3,27,10.95,6.11,0,,,EoN(2014-01-14) Electricity Aq 1yr
831,Nightsaver,37,11,4,27,10.95,6.11,0,,,EoN(2014-01-14) Electricity Aq 1yr
830,Nightsaver,13,11,3,27,10.95,6.11,0,,,EoN(2014-01-14) Electricity Aq 1yr
830,Nightsaver,13,11,4,27,10.95,6.11,0,,,EoN(2014-01-14) Electricity Aq 1yr
831,Nightsaver,40,11,3,27,10.95,6.11,0,,,EoN(2014-01-14) Electricity Aq 1yr
831,Nightsaver,40,11,4,27,10.95,6.11,0,,,EoN(2014-01-14) Electricity Aq 1yr
831,Nightsaver,52,11,3,27,10.95,6.11,0,,,EoN(2014-01-14) Electricity Aq 1yr
831,Nightsaver,52,11,4,27,10.95,6.11,0,,,EoN(2014-01-14) Electricity Aq 1yr
831,Nightsaver,101,11,3,27,10.95,6.11,0,,,EoN(2014-01-14) Electricity Aq 1yr
831,Nightsaver,101,11,4,27,10.95,6.11,0,,,EoN(2014-01-14) Electricity Aq 1yr
831,Nightsaver,103,11,3,27,10.95,6.11,0,,,EoN(2014-01-14) Electricity Aq 1yr
831,Nightsaver,103,11,4,27,10.95,6.11,0,,,EoN(2014-01-14) Electricity Aq 1yr
831,Nightsaver,113,11,3,27,10.95,6.11,0,,,EoN(2014-01-14) Electricity Aq 1yr
831,Nightsaver,113,11,4,27,10.95,6.11,0,,,EoN(2014-01-14) Electricity Aq 1yr
831,Nightsaver,116,11,3,27,10.95,6.11,0,,,EoN(2014-01-14) Electricity Aq 1yr
831,Nightsaver,116,11,4,27,10.95,6.11,0,,,EoN(2014-01-14) Electricity Aq 1yr
831,Nightsaver,119,11,3,27,10.95,6.11,0,,,EoN(2014-01-14) Electricity Aq 1yr
831,Nightsaver,119,11,4,27,10.95,6.11,0,,,EoN(2014-01-14) Electricity Aq 1yr
831,Nightsaver,137,11,3,27,10.95,6.11,0,,,EoN(2014-01-14) Electricity Aq 1yr
831,Nightsaver,137,11,4,27,10.95,6.11,0,,,EoN(2014-01-14) Electricity Aq 1yr
831,Nightsaver,140,11,3,27,10.95,6.11,0,,,EoN(2014-01-14) Electricity Aq 1yr
831,Nightsaver,140,11,4,27,10.95,6.11,0,,,EoN(2014-01-14) Electricity Aq 1yr
831,Nightsaver,19,11,3,27,10.95,6.11,0,,,EoN(2014-01-14) Electricity Aq 1yr
831,Nightsaver,19,11,4,27,10.95,6.11,0,,,EoN(2014-01-14) Electricity Aq 1yr
830,Nightsaver,1,11,3,27,10.95,6.11,0,,,EoN(2014-01-14) Electricity Aq 1yr
830,Nightsaver,1,11,4,27,10.95,6.11,0,,,EoN(2014-01-14) Electricity Aq 1yr
830,Nightsaver,140,11,3,27,10.95,6.11,0,,,EoN(2014-01-14) Electricity Aq 1yr
830,Nightsaver,140,11,4,27,10.95,6.11,0,,,EoN(2014-01-14) Electricity Aq 1yr
830,Nightsaver,152,11,3,27,10.95,6.11,0,,,EoN(2014-01-14) Electricity Aq 1yr
830,Nightsaver,152,11,4,27,10.95,6.11,0,,,EoN(2014-01-14) Electricity Aq 1yr
830,Nightsaver,119,11,3,27,10.95,6.11,0,,,EoN(2014-01-14) Electricity Aq 1yr
830,Nightsaver,119,11,4,27,10.95,6.11,0,,,EoN(2014-01-14) Electricity Aq 1yr
830,Nightsaver,116,11,3,27,10.95,6.11,0,,,EoN(2014-01-14) Electricity Aq 1yr
830,Nightsaver,116,11,4,27,10.95,6.11,0,,,EoN(2014-01-14) Electricity Aq 1yr
830,Nightsaver,113,11,3,27,10.95,6.11,0,,,EoN(2014-01-14) Electricity Aq 1yr
830,Nightsaver,113,11,4,27,10.95,6.11,0,,,EoN(2014-01-14) Electricity Aq 1yr
830,Nightsaver,103,11,3,27,10.95,6.11,0,,,EoN(2014-01-14) Electricity Aq 1yr
830,Nightsaver,103,11,4,27,10.95,6.11,0,,,EoN(2014-01-14) Electricity Aq 1yr
830,Nightsaver,137,11,3,27,10.95,6.11,0,,,EoN(2014-01-14) Electricity Aq 1yr
830,Nightsaver,137,11,4,27,10.95,6.11,0,,,EoN(2014-01-14) Electricity Aq 1yr
830,Nightsaver,3,11,3,27,10.95,6.11,0,,,EoN(2014-01-14) Electricity Aq 1yr
830,Nightsaver,3,11,4,27,10.95,6.11,0,,,EoN(2014-01-14) Electricity Aq 1yr
831,Nightsaver,152,11,3,27,10.95,6.11,0,,,EoN(2014-01-14) Electricity Aq 1yr
831,Nightsaver,152,11,4,27,10.95,6.11,0,,,EoN(2014-01-14) Electricity Aq 1yr
830,Nightsaver,101,11,3,27,10.95,6.11,0,,,EoN(2014-01-14) Electricity Aq 1yr
830,Nightsaver,101,11,4,27,10.95,6.11,0,,,EoN(2014-01-14) Electricity Aq 1yr
524,Nightsaver,81,11,3,27,10.95,6.11,0,,,EoN(2014-01-14) Electricity Aq 1yr
524,Nightsaver,81,11,4,27,10.95,6.11,0,,,EoN(2014-01-14) Electricity Aq 1yr
536,Nightsaver,171,11,3,27,10.95,6.11,0,,,EoN(2014-01-14) Electricity Aq 1yr
536,Nightsaver,171,11,4,27,10.95,6.11,0,,,EoN(2014-01-14) Electricity Aq 1yr
536,Nightsaver,56,11,3,27,10.95,6.11,0,,,EoN(2014-01-14) Electricity Aq 1yr
536,Nightsaver,56,11,4,27,10.95,6.11,0,,,EoN(2014-01-14) Electricity Aq 1yr
536,Nightsaver,81,11,3,27,10.95,6.11,0,,,EoN(2014-01-14) Electricity Aq 1yr
536,Nightsaver,81,11,4,27,10.95,6.11,0,,,EoN(2014-01-14) Electricity Aq 1yr
536,Nightsaver,82,11,3,27,10.95,6.11,0,,,EoN(2014-01-14) Electricity Aq 1yr
536,Nightsaver,82,11,4,27,10.95,6.11,0,,,EoN(2014-01-14) Electricity Aq 1yr
536,Nightsaver,90,11,3,27,10.95,6.11,0,,,EoN(2014-01-14) Electricity Aq 1yr
536,Nightsaver,90,11,4,27,10.95,6.11,0,,,EoN(2014-01-14) Electricity Aq 1yr
536,Nightsaver,903,11,3,27,10.95,6.11,0,,,EoN(2014-01-14) Electricity Aq 1yr
536,Nightsaver,903,11,4,27,10.95,6.11,0,,,EoN(2014-01-14) Electricity Aq 1yr
536,Nightsaver,94,11,3,27,10.95,6.11,0,,,EoN(2014-01-14) Electricity Aq 1yr
536,Nightsaver,94,11,4,27,10.95,6.11,0,,,EoN(2014-01-14) Electricity Aq 1yr
536,Nightsaver,113,11,3,27,10.95,6.11,0,,,EoN(2014-01-14) Electricity Aq 1yr
536,Nightsaver,113,11,4,27,10.95,6.11,0,,,EoN(2014-01-14) Electricity Aq 1yr
536,Nightsaver,134,11,3,27,10.95,6.11,0,,,EoN(2014-01-14) Electricity Aq 1yr
536,Nightsaver,134,11,4,27,10.95,6.11,0,,,EoN(2014-01-14) Electricity Aq 1yr
536,Nightsaver,161,11,3,27,10.95,6.11,0,,,EoN(2014-01-14) Electricity Aq 1yr
536,Nightsaver,161,11,4,27,10.95,6.11,0,,,EoN(2014-01-14) Electricity Aq 1yr
524,Nightsaver,12,11,3,27,10.95,6.11,0,,,EoN(2014-01-14) Electricity Aq 1yr
524,Nightsaver,12,11,4,27,10.95,6.11,0,,,EoN(2014-01-14) Electricity Aq 1yr
524,Nightsaver,82,11,3,27,10.95,6.11,0,,,EoN(2014-01-14) Electricity Aq 1yr
524,Nightsaver,82,11,4,27,10.95,6.11,0,,,EoN(2014-01-14) Electricity Aq 1yr
524,Nightsaver,13,11,3,27,10.95,6.11,0,,,EoN(2014-01-14) Electricity Aq 1yr
524,Nightsaver,13,11,4,27,10.95,6.11,0,,,EoN(2014-01-14) Electricity Aq 1yr
524,Nightsaver,14,11,3,27,10.95,6.11,0,,,EoN(2014-01-14) Electricity Aq 1yr
524,Nightsaver,14,11,4,27,10.95,6.11,0,,,EoN(2014-01-14) Electricity Aq 1yr
524,Nightsaver,15,11,3,27,10.95,6.11,0,,,EoN(2014-01-14) Electricity Aq 1yr
524,Nightsaver,15,11,4,27,10.95,6.11,0,,,EoN(2014-01-14) Electricity Aq 1yr
524,Nightsaver,17,11,3,27,10.95,6.11,0,,,EoN(2014-01-14) Electricity Aq 1yr
524,Nightsaver,17,11,4,27,10.95,6.11,0,,,EoN(2014-01-14) Electricity Aq 1yr
524,Nightsaver,34,11,3,27,10.95,6.11,0,,,EoN(2014-01-14) Electricity Aq 1yr
524,Nightsaver,34,11,4,27,10.95,6.11,0,,,EoN(2014-01-14) Electricity Aq 1yr
536,Nightsaver,162,11,3,27,10.95,6.11,0,,,EoN(2014-01-14) Electricity Aq 1yr
536,Nightsaver,162,11,4,27,10.95,6.11,0,,,EoN(2014-01-14) Electricity Aq 1yr
524,Nightsaver,56,11,3,27,10.95,6.11,0,,,EoN(2014-01-14) Electricity Aq 1yr
524,Nightsaver,56,11,4,27,10.95,6.11,0,,,EoN(2014-01-14) Electricity Aq 1yr
536,Nightsaver,170,11,3,27,10.95,6.11,0,,,EoN(2014-01-14) Electricity Aq 1yr
536,Nightsaver,170,11,4,27,10.95,6.11,0,,,EoN(2014-01-14) Electricity Aq 1yr
524,Nightsaver,90,11,3,27,10.95,6.11,0,,,EoN(2014-01-14) Electricity Aq 1yr
524,Nightsaver,90,11,4,27,10.95,6.11,0,,,EoN(2014-01-14) Electricity Aq 1yr
524,Nightsaver,91,11,3,27,10.95,6.11,0,,,EoN(2014-01-14) Electricity Aq 1yr
524,Nightsaver,91,11,4,27,10.95,6.11,0,,,EoN(2014-01-14) Electricity Aq 1yr
536,Nightsaver,902,11,3,27,10.95,6.11,0,,,EoN(2014-01-14) Electricity Aq 1yr
536,Nightsaver,902,11,4,27,10.95,6.11,0,,,EoN(2014-01-14) Electricity Aq 1yr
536,Nightsaver,176,11,3,27,10.95,6.11,0,,,EoN(2014-01-14) Electricity Aq 1yr
536,Nightsaver,176,11,4,27,10.95,6.11,0,,,EoN(2014-01-14) Electricity Aq 1yr
536,Nightsaver,174,11,3,27,10.95,6.11,0,,,EoN(2014-01-14) Electricity Aq 1yr
536,Nightsaver,174,11,4,27,10.95,6.11,0,,,EoN(2014-01-14) Electricity Aq 1yr
524,Nightsaver,55,11,3,27,10.95,6.11,0,,,EoN(2014-01-14) Electricity Aq 1yr
524,Nightsaver,55,11,4,27,10.95,6.11,0,,,EoN(2014-01-14) Electricity Aq 1yr
524,Nightsaver,914,11,3,27,10.95,6.11,0,,,EoN(2014-01-14) Electricity Aq 1yr
524,Nightsaver,914,11,4,27,10.95,6.11,0,,,EoN(2014-01-14) Electricity Aq 1yr
524,Nightsaver,161,11,3,27,10.95,6.11,0,,,EoN(2014-01-14) Electricity Aq 1yr
524,Nightsaver,161,11,4,27,10.95,6.11,0,,,EoN(2014-01-14) Electricity Aq 1yr
524,Nightsaver,162,11,3,27,10.95,6.11,0,,,EoN(2014-01-14) Electricity Aq 1yr
524,Nightsaver,162,11,4,27,10.95,6.11,0,,,EoN(2014-01-14) Electricity Aq 1yr
524,Nightsaver,170,11,3,27,10.95,6.11,0,,,EoN(2014-01-14) Electricity Aq 1yr
524,Nightsaver,170,11,4,27,10.95,6.11,0,,,EoN(2014-01-14) Electricity Aq 1yr
524,Nightsaver,171,11,3,27,10.95,6.11,0,,,EoN(2014-01-14) Electricity Aq 1yr
524,Nightsaver,171,11,4,27,10.95,6.11,0,,,EoN(2014-01-14) Electricity Aq 1yr
524,Nightsaver,113,11,3,27,10.95,6.11,0,,,EoN(2014-01-14) Electricity Aq 1yr
524,Nightsaver,113,11,4,27,10.95,6.11,0,,,EoN(2014-01-14) Electricity Aq 1yr
524,Nightsaver,915,11,3,27,10.95,6.11,0,,,EoN(2014-01-14) Electricity Aq 1yr
524,Nightsaver,915,11,4,27,10.95,6.11,0,,,EoN(2014-01-14) Electricity Aq 1yr
524,Nightsaver,96,11,3,27,10.95,6.11,0,,,EoN(2014-01-14) Electricity Aq 1yr
524,Nightsaver,96,11,4,27,10.95,6.11,0,,,EoN(2014-01-14) Electricity Aq 1yr
524,Nightsaver,912,11,3,27,10.95,6.11,0,,,EoN(2014-01-14) Electricity Aq 1yr
524,Nightsaver,912,11,4,27,10.95,6.11,0,,,EoN(2014-01-14) Electricity Aq 1yr
524,Nightsaver,908,11,3,27,10.95,6.11,0,,,EoN(2014-01-14) Electricity Aq 1yr
524,Nightsaver,908,11,4,27,10.95,6.11,0,,,EoN(2014-01-14) Electricity Aq 1yr
524,Nightsaver,907,11,3,27,10.95,6.11,0,,,EoN(2014-01-14) Electricity Aq 1yr
524,Nightsaver,907,11,4,27,10.95,6.11,0,,,EoN(2014-01-14) Electricity Aq 1yr
524,Nightsaver,903,11,3,27,10.95,6.11,0,,,EoN(2014-01-14) Electricity Aq 1yr
524,Nightsaver,903,11,4,27,10.95,6.11,0,,,EoN(2014-01-14) Electricity Aq 1yr
524,Nightsaver,902,11,3,27,10.95,6.11,0,,,EoN(2014-01-14) Electricity Aq 1yr
524,Nightsaver,902,11,4,27,10.95,6.11,0,,,EoN(2014-01-14) Electricity Aq 1yr
524,Nightsaver,176,11,3,27,10.95,6.11,0,,,EoN(2014-01-14) Electricity Aq 1yr
524,Nightsaver,176,11,4,27,10.95,6.11,0,,,EoN(2014-01-14) Electricity Aq 1yr
524,Nightsaver,174,11,3,27,10.95,6.11,0,,,EoN(2014-01-14) Electricity Aq 1yr
524,Nightsaver,174,11,4,27,10.95,6.11,0,,,EoN(2014-01-14) Electricity Aq 1yr
536,Nightsaver,34,11,3,27,10.95,6.11,0,,,EoN(2014-01-14) Electricity Aq 1yr
536,Nightsaver,34,11,4,27,10.95,6.11,0,,,EoN(2014-01-14) Electricity Aq 1yr
536,Nightsaver,96,11,3,27,10.95,6.11,0,,,EoN(2014-01-14) Electricity Aq 1yr
536,Nightsaver,96,11,4,27,10.95,6.11,0,,,EoN(2014-01-14) Electricity Aq 1yr
524,Nightsaver,134,11,3,27,10.95,6.11,0,,,EoN(2014-01-14) Electricity Aq 1yr
524,Nightsaver,134,11,4,27,10.95,6.11,0,,,EoN(2014-01-14) Electricity Aq 1yr
536,Nightsaver,55,11,3,27,10.95,6.11,0,,,EoN(2014-01-14) Electricity Aq 1yr
536,Nightsaver,55,11,4,27,10.95,6.11,0,,,EoN(2014-01-14) Electricity Aq 1yr
536,Nightsaver,17,11,3,27,10.95,6.11,0,,,EoN(2014-01-14) Electricity Aq 1yr
536,Nightsaver,17,11,4,27,10.95,6.11,0,,,EoN(2014-01-14) Electricity Aq 1yr
536,Nightsaver,15,11,3,27,10.95,6.11,0,,,EoN(2014-01-14) Electricity Aq 1yr
536,Nightsaver,15,11,4,27,10.95,6.11,0,,,EoN(2014-01-14) Electricity Aq 1yr
536,Nightsaver,14,11,3,27,10.95,6.11,0,,,EoN(2014-01-14) Electricity Aq 1yr
536,Nightsaver,14,11,4,27,10.95,6.11,0,,,EoN(2014-01-14) Electricity Aq 1yr
536,Nightsaver,13,11,3,27,10.95,6.11,0,,,EoN(2014-01-14) Electricity Aq 1yr
536,Nightsaver,13,11,4,27,10.95,6.11,0,,,EoN(2014-01-14) Electricity Aq 1yr
536,Nightsaver,12,11,3,27,10.95,6.11,0,,,EoN(2014-01-14) Electricity Aq 1yr
536,Nightsaver,12,11,4,27,10.95,6.11,0,,,EoN(2014-01-14) Electricity Aq 1yr
524,Nightsaver,94,11,3,27,10.95,6.11,0,,,EoN(2014-01-14) Electricity Aq 1yr
524,Nightsaver,94,11,4,27,10.95,6.11,0,,,EoN(2014-01-14) Electricity Aq 1yr
536,Nightsaver,907,11,3,27,10.95,6.11,0,,,EoN(2014-01-14) Electricity Aq 1yr
536,Nightsaver,907,11,4,27,10.95,6.11,0,,,EoN(2014-01-14) Electricity Aq 1yr
536,Nightsaver,91,11,3,27,10.95,6.11,0,,,EoN(2014-01-14) Electricity Aq 1yr
536,Nightsaver,91,11,4,27,10.95,6.11,0,,,EoN(2014-01-14) Electricity Aq 1yr
536,Nightsaver,915,11,3,27,10.95,6.11,0,,,EoN(2014-01-14) Electricity Aq 1yr
536,Nightsaver,915,11,4,27,10.95,6.11,0,,,EoN(2014-01-14) Electricity Aq 1yr
536,Nightsaver,914,11,3,27,10.95,6.11,0,,,EoN(2014-01-14) Electricity Aq 1yr
536,Nightsaver,914,11,4,27,10.95,6.11,0,,,EoN(2014-01-14) Electricity Aq 1yr
536,Nightsaver,912,11,3,27,10.95,6.11,0,,,EoN(2014-01-14) Electricity Aq 1yr
536,Nightsaver,912,11,4,27,10.95,6.11,0,,,EoN(2014-01-14) Electricity Aq 1yr
536,Nightsaver,908,11,3,27,10.95,6.11,0,,,EoN(2014-01-14) Electricity Aq 1yr
536,Nightsaver,908,11,4,27,10.95,6.11,0,,,EoN(2014-01-14) Electricity Aq 1yr
816,Nightsaver,912,11,3,27,10.95,6.11,0,,,EoN(2014-01-14) Electricity Aq 1yr
816,Nightsaver,912,11,4,27,10.95,6.11,0,,,EoN(2014-01-14) Electricity Aq 1yr
816,Nightsaver,908,11,3,27,10.95,6.11,0,,,EoN(2014-01-14) Electricity Aq 1yr
816,Nightsaver,908,11,4,27,10.95,6.11,0,,,EoN(2014-01-14) Electricity Aq 1yr
816,Nightsaver,907,11,3,27,10.95,6.11,0,,,EoN(2014-01-14) Electricity Aq 1yr
816,Nightsaver,907,11,4,27,10.95,6.11,0,,,EoN(2014-01-14) Electricity Aq 1yr
816,Nightsaver,903,11,3,27,10.95,6.11,0,,,EoN(2014-01-14) Electricity Aq 1yr
816,Nightsaver,903,11,4,27,10.95,6.11,0,,,EoN(2014-01-14) Electricity Aq 1yr
816,Nightsaver,176,11,3,27,10.95,6.11,0,,,EoN(2014-01-14) Electricity Aq 1yr
816,Nightsaver,176,11,4,27,10.95,6.11,0,,,EoN(2014-01-14) Electricity Aq 1yr
816,Nightsaver,171,11,3,27,10.95,6.11,0,,,EoN(2014-01-14) Electricity Aq 1yr
816,Nightsaver,171,11,4,27,10.95,6.11,0,,,EoN(2014-01-14) Electricity Aq 1yr
816,Nightsaver,174,11,3,27,10.95,6.11,0,,,EoN(2014-01-14) Electricity Aq 1yr
816,Nightsaver,174,11,4,27,10.95,6.11,0,,,EoN(2014-01-14) Electricity Aq 1yr
816,Nightsaver,902,11,3,27,10.95,6.11,0,,,EoN(2014-01-14) Electricity Aq 1yr
816,Nightsaver,902,11,4,27,10.95,6.11,0,,,EoN(2014-01-14) Electricity Aq 1yr
816,Nightsaver,914,11,3,27,10.95,6.11,0,,,EoN(2014-01-14) Electricity Aq 1yr
816,Nightsaver,914,11,4,27,10.95,6.11,0,,,EoN(2014-01-14) Electricity Aq 1yr
816,Nightsaver,915,11,3,27,10.95,6.11,0,,,EoN(2014-01-14) Electricity Aq 1yr
816,Nightsaver,915,11,4,27,10.95,6.11,0,,,EoN(2014-01-14) Electricity Aq 1yr
816,Nightsaver,170,11,3,27,10.95,6.11,0,,,EoN(2014-01-14) Electricity Aq 1yr
816,Nightsaver,170,11,4,27,10.95,6.11,0,,,EoN(2014-01-14) Electricity Aq 1yr
816,Nightsaver,13,11,3,27,10.95,6.11,0,,,EoN(2014-01-14) Electricity Aq 1yr
816,Nightsaver,13,11,4,27,10.95,6.11,0,,,EoN(2014-01-14) Electricity Aq 1yr
816,Nightsaver,81,11,3,27,10.95,6.11,0,,,EoN(2014-01-14) Electricity Aq 1yr
816,Nightsaver,81,11,4,27,10.95,6.11,0,,,EoN(2014-01-14) Electricity Aq 1yr
817,Nightsaver,912,11,3,27,10.95,6.11,0,,,EoN(2014-01-14) Electricity Aq 1yr
817,Nightsaver,912,11,4,27,10.95,6.11,0,,,EoN(2014-01-14) Electricity Aq 1yr
816,Nightsaver,12,11,3,27,10.95,6.11,0,,,EoN(2014-01-14) Electricity Aq 1yr
816,Nightsaver,12,11,4,27,10.95,6.11,0,,,EoN(2014-01-14) Electricity Aq 1yr
816,Nightsaver,14,11,3,27,10.95,6.11,0,,,EoN(2014-01-14) Electricity Aq 1yr
816,Nightsaver,14,11,4,27,10.95,6.11,0,,,EoN(2014-01-14) Electricity Aq 1yr
816,Nightsaver,17,11,3,27,10.95,6.11,0,,,EoN(2014-01-14) Electricity Aq 1yr
816,Nightsaver,17,11,4,27,10.95,6.11,0,,,EoN(2014-01-14) Electricity Aq 1yr
816,Nightsaver,34,11,3,27,10.95,6.11,0,,,EoN(2014-01-14) Electricity Aq 1yr
816,Nightsaver,34,11,4,27,10.95,6.11,0,,,EoN(2014-01-14) Electricity Aq 1yr
816,Nightsaver,37,11,3,27,10.95,6.11,0,,,EoN(2014-01-14) Electricity Aq 1yr
816,Nightsaver,37,11,4,27,10.95,6.11,0,,,EoN(2014-01-14) Electricity Aq 1yr
816,Nightsaver,15,11,3,27,10.95,6.11,0,,,EoN(2014-01-14) Electricity Aq 1yr
816,Nightsaver,15,11,4,27,10.95,6.11,0,,,EoN(2014-01-14) Electricity Aq 1yr
816,Nightsaver,56,11,3,27,10.95,6.11,0,,,EoN(2014-01-14) Electricity Aq 1yr
816,Nightsaver,56,11,4,27,10.95,6.11,0,,,EoN(2014-01-14) Electricity Aq 1yr
816,Nightsaver,162,11,3,27,10.95,6.11,0,,,EoN(2014-01-14) Electricity Aq 1yr
816,Nightsaver,162,11,4,27,10.95,6.11,0,,,EoN(2014-01-14) Electricity Aq 1yr
816,Nightsaver,82,11,3,27,10.95,6.11,0,,,EoN(2014-01-14) Electricity Aq 1yr
816,Nightsaver,82,11,4,27,10.95,6.11,0,,,EoN(2014-01-14) Electricity Aq 1yr
816,Nightsaver,90,11,3,27,10.95,6.11,0,,,EoN(2014-01-14) Electricity Aq 1yr
816,Nightsaver,90,11,4,27,10.95,6.11,0,,,EoN(2014-01-14) Electricity Aq 1yr
816,Nightsaver,91,11,3,27,10.95,6.11,0,,,EoN(2014-01-14) Electricity Aq 1yr
816,Nightsaver,91,11,4,27,10.95,6.11,0,,,EoN(2014-01-14) Electricity Aq 1yr
816,Nightsaver,94,11,3,27,10.95,6.11,0,,,EoN(2014-01-14) Electricity Aq 1yr
816,Nightsaver,94,11,4,27,10.95,6.11,0,,,EoN(2014-01-14) Electricity Aq 1yr
816,Nightsaver,96,11,3,27,10.95,6.11,0,,,EoN(2014-01-14) Electricity Aq 1yr
816,Nightsaver,96,11,4,27,10.95,6.11,0,,,EoN(2014-01-14) Electricity Aq 1yr
816,Nightsaver,113,11,3,27,10.95,6.11,0,,,EoN(2014-01-14) Electricity Aq 1yr
816,Nightsaver,113,11,4,27,10.95,6.11,0,,,EoN(2014-01-14) Electricity Aq 1yr
816,Nightsaver,134,11,3,27,10.95,6.11,0,,,EoN(2014-01-14) Electricity Aq 1yr
816,Nightsaver,134,11,4,27,10.95,6.11,0,,,EoN(2014-01-14) Electricity Aq 1yr
816,Nightsaver,161,11,3,27,10.95,6.11,0,,,EoN(2014-01-14) Electricity Aq 1yr
816,Nightsaver,161,11,4,27,10.95,6.11,0,,,EoN(2014-01-14) Electricity Aq 1yr
816,Nightsaver,55,11,3,27,10.95,6.11,0,,,EoN(2014-01-14) Electricity Aq 1yr
816,Nightsaver,55,11,4,27,10.95,6.11,0,,,EoN(2014-01-14) Electricity Aq 1yr
817,Nightsaver,907,11,3,27,10.95,6.11,0,,,EoN(2014-01-14) Electricity Aq 1yr
817,Nightsaver,907,11,4,27,10.95,6.11,0,,,EoN(2014-01-14) Electricity Aq 1yr
817,Nightsaver,915,11,3,27,10.95,6.11,0,,,EoN(2014-01-14) Electricity Aq 1yr
817,Nightsaver,915,11,4,27,10.95,6.11,0,,,EoN(2014-01-14) Electricity Aq 1yr
817,Nightsaver,914,11,3,27,10.95,6.11,0,,,EoN(2014-01-14) Electricity Aq 1yr
817,Nightsaver,914,11,4,27,10.95,6.11,0,,,EoN(2014-01-14) Electricity Aq 1yr
817,Nightsaver,903,11,3,27,10.95,6.11,0,,,EoN(2014-01-14) Electricity Aq 1yr
817,Nightsaver,903,11,4,27,10.95,6.11,0,,,EoN(2014-01-14) Electricity Aq 1yr
817,Nightsaver,19,11,3,27,10.95,6.11,0,,,EoN(2014-01-14) Electricity Aq 1yr
817,Nightsaver,19,11,4,27,10.95,6.11,0,,,EoN(2014-01-14) Electricity Aq 1yr
817,Nightsaver,13,11,3,27,10.95,6.11,0,,,EoN(2014-01-14) Electricity Aq 1yr
817,Nightsaver,13,11,4,27,10.95,6.11,0,,,EoN(2014-01-14) Electricity Aq 1yr
817,Nightsaver,12,11,3,27,10.95,6.11,0,,,EoN(2014-01-14) Electricity Aq 1yr
817,Nightsaver,12,11,4,27,10.95,6.11,0,,,EoN(2014-01-14) Electricity Aq 1yr
817,Nightsaver,15,11,3,27,10.95,6.11,0,,,EoN(2014-01-14) Electricity Aq 1yr
817,Nightsaver,15,11,4,27,10.95,6.11,0,,,EoN(2014-01-14) Electricity Aq 1yr
817,Nightsaver,17,11,3,27,10.95,6.11,0,,,EoN(2014-01-14) Electricity Aq 1yr
817,Nightsaver,17,11,4,27,10.95,6.11,0,,,EoN(2014-01-14) Electricity Aq 1yr
817,Nightsaver,96,11,3,27,10.95,6.11,0,,,EoN(2014-01-14) Electricity Aq 1yr
817,Nightsaver,96,11,4,27,10.95,6.11,0,,,EoN(2014-01-14) Electricity Aq 1yr
817,Nightsaver,902,11,3,27,10.95,6.11,0,,,EoN(2014-01-14) Electricity Aq 1yr
817,Nightsaver,902,11,4,27,10.95,6.11,0,,,EoN(2014-01-14) Electricity Aq 1yr
817,Nightsaver,176,11,3,27,10.95,6.11,0,,,EoN(2014-01-14) Electricity Aq 1yr
817,Nightsaver,176,11,4,27,10.95,6.11,0,,,EoN(2014-01-14) Electricity Aq 1yr
817,Nightsaver,174,11,3,27,10.95,6.11,0,,,EoN(2014-01-14) Electricity Aq 1yr
817,Nightsaver,174,11,4,27,10.95,6.11,0,,,EoN(2014-01-14) Electricity Aq 1yr
817,Nightsaver,171,11,3,27,10.95,6.11,0,,,EoN(2014-01-14) Electricity Aq 1yr
817,Nightsaver,171,11,4,27,10.95,6.11,0,,,EoN(2014-01-14) Electricity Aq 1yr
817,Nightsaver,170,11,3,27,10.95,6.11,0,,,EoN(2014-01-14) Electricity Aq 1yr
817,Nightsaver,170,11,4,27,10.95,6.11,0,,,EoN(2014-01-14) Electricity Aq 1yr
817,Nightsaver,162,11,3,27,10.95,6.11,0,,,EoN(2014-01-14) Electricity Aq 1yr
817,Nightsaver,162,11,4,27,10.95,6.11,0,,,EoN(2014-01-14) Electricity Aq 1yr
817,Nightsaver,161,11,3,27,10.95,6.11,0,,,EoN(2014-01-14) Electricity Aq 1yr
817,Nightsaver,161,11,4,27,10.95,6.11,0,,,EoN(2014-01-14) Electricity Aq 1yr
817,Nightsaver,14,11,3,27,10.95,6.11,0,,,EoN(2014-01-14) Electricity Aq 1yr
817,Nightsaver,14,11,4,27,10.95,6.11,0,,,EoN(2014-01-14) Electricity Aq 1yr
817,Nightsaver,113,11,3,27,10.95,6.11,0,,,EoN(2014-01-14) Electricity Aq 1yr
817,Nightsaver,113,11,4,27,10.95,6.11,0,,,EoN(2014-01-14) Electricity Aq 1yr
817,Nightsaver,908,11,3,27,10.95,6.11,0,,,EoN(2014-01-14) Electricity Aq 1yr
817,Nightsaver,908,11,4,27,10.95,6.11,0,,,EoN(2014-01-14) Electricity Aq 1yr
817,Nightsaver,94,11,3,27,10.95,6.11,0,,,EoN(2014-01-14) Electricity Aq 1yr
817,Nightsaver,94,11,4,27,10.95,6.11,0,,,EoN(2014-01-14) Electricity Aq 1yr
817,Nightsaver,91,11,3,27,10.95,6.11,0,,,EoN(2014-01-14) Electricity Aq 1yr
817,Nightsaver,91,11,4,27,10.95,6.11,0,,,EoN(2014-01-14) Electricity Aq 1yr
817,Nightsaver,90,11,3,27,10.95,6.11,0,,,EoN(2014-01-14) Electricity Aq 1yr
817,Nightsaver,90,11,4,27,10.95,6.11,0,,,EoN(2014-01-14) Electricity Aq 1yr
817,Nightsaver,82,11,3,27,10.95,6.11,0,,,EoN(2014-01-14) Electricity Aq 1yr
817,Nightsaver,82,11,4,27,10.95,6.11,0,,,EoN(2014-01-14) Electricity Aq 1yr
817,Nightsaver,81,11,3,27,10.95,6.11,0,,,EoN(2014-01-14) Electricity Aq 1yr
817,Nightsaver,81,11,4,27,10.95,6.11,0,,,EoN(2014-01-14) Electricity Aq 1yr
817,Nightsaver,56,11,3,27,10.95,6.11,0,,,EoN(2014-01-14) Electricity Aq 1yr
817,Nightsaver,56,11,4,27,10.95,6.11,0,,,EoN(2014-01-14) Electricity Aq 1yr
817,Nightsaver,55,11,3,27,10.95,6.11,0,,,EoN(2014-01-14) Electricity Aq 1yr
817,Nightsaver,55,11,4,27,10.95,6.11,0,,,EoN(2014-01-14) Electricity Aq 1yr
817,Nightsaver,40,11,3,27,10.95,6.11,0,,,EoN(2014-01-14) Electricity Aq 1yr
817,Nightsaver,40,11,4,27,10.95,6.11,0,,,EoN(2014-01-14) Electricity Aq 1yr
817,Nightsaver,34,11,3,27,10.95,6.11,0,,,EoN(2014-01-14) Electricity Aq 1yr
817,Nightsaver,34,11,4,27,10.95,6.11,0,,,EoN(2014-01-14) Electricity Aq 1yr
817,Nightsaver,134,11,3,27,10.95,6.11,0,,,EoN(2014-01-14) Electricity Aq 1yr
817,Nightsaver,134,11,4,27,10.95,6.11,0,,,EoN(2014-01-14) Electricity Aq 1yr
817,Nightsaver,37,11,3,27,10.95,6.11,0,,,EoN(2014-01-14) Electricity Aq 1yr
817,Nightsaver,37,11,4,27,10.95,6.11,0,,,EoN(2014-01-14) Electricity Aq 1yr
19,Nightsaver,81,11,3,27,10.95,6.11,0,,,EoN(2014-01-14) Electricity Aq 1yr
19,Nightsaver,81,11,4,27,10.95,6.11,0,,,EoN(2014-01-14) Electricity Aq 1yr
537,Nightsaver,904,11,3,27,10.95,6.11,0,,,EoN(2014-01-14) Electricity Aq 1yr
537,Nightsaver,904,11,4,27,10.95,6.11,0,,,EoN(2014-01-14) Electricity Aq 1yr
12,Nightsaver,83,11,3,27,10.95,6.11,0,,,EoN(2014-01-14) Electricity Aq 1yr
12,Nightsaver,83,11,4,27,10.95,6.11,0,,,EoN(2014-01-14) Electricity Aq 1yr
12,Nightsaver,90,11,3,27,10.95,6.11,0,,,EoN(2014-01-14) Electricity Aq 1yr
12,Nightsaver,90,11,4,27,10.95,6.11,0,,,EoN(2014-01-14) Electricity Aq 1yr
12,Nightsaver,91,11,3,27,10.95,6.11,0,,,EoN(2014-01-14) Electricity Aq 1yr
12,Nightsaver,91,11,4,27,10.95,6.11,0,,,EoN(2014-01-14) Electricity Aq 1yr
12,Nightsaver,917,11,3,27,10.95,6.11,0,,,EoN(2014-01-14) Electricity Aq 1yr
12,Nightsaver,917,11,4,27,10.95,6.11,0,,,EoN(2014-01-14) Electricity Aq 1yr
12,Nightsaver,910,11,3,27,10.95,6.11,0,,,EoN(2014-01-14) Electricity Aq 1yr
12,Nightsaver,910,11,4,27,10.95,6.11,0,,,EoN(2014-01-14) Electricity Aq 1yr
12,Nightsaver,911,11,3,27,10.95,6.11,0,,,EoN(2014-01-14) Electricity Aq 1yr
12,Nightsaver,911,11,4,27,10.95,6.11,0,,,EoN(2014-01-14) Electricity Aq 1yr
537,Nightsaver,163,11,3,27,10.95,6.11,0,,,EoN(2014-01-14) Electricity Aq 1yr
537,Nightsaver,163,11,4,27,10.95,6.11,0,,,EoN(2014-01-14) Electricity Aq 1yr
537,Nightsaver,164,11,3,27,10.95,6.11,0,,,EoN(2014-01-14) Electricity Aq 1yr
537,Nightsaver,164,11,4,27,10.95,6.11,0,,,EoN(2014-01-14) Electricity Aq 1yr
12,Nightsaver,913,11,3,27,10.95,6.11,0,,,EoN(2014-01-14) Electricity Aq 1yr
12,Nightsaver,913,11,4,27,10.95,6.11,0,,,EoN(2014-01-14) Electricity Aq 1yr
537,Nightsaver,906,11,3,27,10.95,6.11,0,,,EoN(2014-01-14) Electricity Aq 1yr
537,Nightsaver,906,11,4,27,10.95,6.11,0,,,EoN(2014-01-14) Electricity Aq 1yr
537,Nightsaver,172,11,3,27,10.95,6.11,0,,,EoN(2014-01-14) Electricity Aq 1yr
537,Nightsaver,172,11,4,27,10.95,6.11,0,,,EoN(2014-01-14) Electricity Aq 1yr
12,Nightsaver,81,11,3,27,10.95,6.11,0,,,EoN(2014-01-14) Electricity Aq 1yr
12,Nightsaver,81,11,4,27,10.95,6.11,0,,,EoN(2014-01-14) Electricity Aq 1yr
537,Nightsaver,173,11,3,27,10.95,6.11,0,,,EoN(2014-01-14) Electricity Aq 1yr
537,Nightsaver,173,11,4,27,10.95,6.11,0,,,EoN(2014-01-14) Electricity Aq 1yr
537,Nightsaver,175,11,3,27,10.95,6.11,0,,,EoN(2014-01-14) Electricity Aq 1yr
537,Nightsaver,175,11,4,27,10.95,6.11,0,,,EoN(2014-01-14) Electricity Aq 1yr
537,Nightsaver,177,11,3,27,10.95,6.11,0,,,EoN(2014-01-14) Electricity Aq 1yr
537,Nightsaver,177,11,4,27,10.95,6.11,0,,,EoN(2014-01-14) Electricity Aq 1yr
537,Nightsaver,905,11,3,27,10.95,6.11,0,,,EoN(2014-01-14) Electricity Aq 1yr
537,Nightsaver,905,11,4,27,10.95,6.11,0,,,EoN(2014-01-14) Electricity Aq 1yr
537,Nightsaver,83,11,3,27,10.95,6.11,0,,,EoN(2014-01-14) Electricity Aq 1yr
537,Nightsaver,83,11,4,27,10.95,6.11,0,,,EoN(2014-01-14) Electricity Aq 1yr
12,Nightsaver,84,11,3,27,10.95,6.11,0,,,EoN(2014-01-14) Electricity Aq 1yr
12,Nightsaver,84,11,4,27,10.95,6.11,0,,,EoN(2014-01-14) Electricity Aq 1yr
12,Nightsaver,916,11,3,27,10.95,6.11,0,,,EoN(2014-01-14) Electricity Aq 1yr
12,Nightsaver,916,11,4,27,10.95,6.11,0,,,EoN(2014-01-14) Electricity Aq 1yr
525,Nightsaver,91,11,3,27,10.95,6.11,0,,,EoN(2014-01-14) Electricity Aq 1yr
525,Nightsaver,91,11,4,27,10.95,6.11,0,,,EoN(2014-01-14) Electricity Aq 1yr
537,Nightsaver,910,11,3,27,10.95,6.11,0,,,EoN(2014-01-14) Electricity Aq 1yr
537,Nightsaver,910,11,4,27,10.95,6.11,0,,,EoN(2014-01-14) Electricity Aq 1yr
525,Nightsaver,172,11,3,27,10.95,6.11,0,,,EoN(2014-01-14) Electricity Aq 1yr
525,Nightsaver,172,11,4,27,10.95,6.11,0,,,EoN(2014-01-14) Electricity Aq 1yr
525,Nightsaver,164,11,3,27,10.95,6.11,0,,,EoN(2014-01-14) Electricity Aq 1yr
525,Nightsaver,164,11,4,27,10.95,6.11,0,,,EoN(2014-01-14) Electricity Aq 1yr
525,Nightsaver,163,11,3,27,10.95,6.11,0,,,EoN(2014-01-14) Electricity Aq 1yr
525,Nightsaver,163,11,4,27,10.95,6.11,0,,,EoN(2014-01-14) Electricity Aq 1yr
525,Nightsaver,97,11,3,27,10.95,6.11,0,,,EoN(2014-01-14) Electricity Aq 1yr
525,Nightsaver,97,11,4,27,10.95,6.11,0,,,EoN(2014-01-14) Electricity Aq 1yr
525,Nightsaver,95,11,3,27,10.95,6.11,0,,,EoN(2014-01-14) Electricity Aq 1yr
525,Nightsaver,95,11,4,27,10.95,6.11,0,,,EoN(2014-01-14) Electricity Aq 1yr
525,Nightsaver,175,11,3,27,10.95,6.11,0,,,EoN(2014-01-14) Electricity Aq 1yr
525,Nightsaver,175,11,4,27,10.95,6.11,0,,,EoN(2014-01-14) Electricity Aq 1yr
525,Nightsaver,92,11,3,27,10.95,6.11,0,,,EoN(2014-01-14) Electricity Aq 1yr
525,Nightsaver,92,11,4,27,10.95,6.11,0,,,EoN(2014-01-14) Electricity Aq 1yr
525,Nightsaver,177,11,3,27,10.95,6.11,0,,,EoN(2014-01-14) Electricity Aq 1yr
525,Nightsaver,177,11,4,27,10.95,6.11,0,,,EoN(2014-01-14) Electricity Aq 1yr
525,Nightsaver,90,11,3,27,10.95,6.11,0,,,EoN(2014-01-14) Electricity Aq 1yr
525,Nightsaver,90,11,4,27,10.95,6.11,0,,,EoN(2014-01-14) Electricity Aq 1yr
525,Nightsaver,84,11,3,27,10.95,6.11,0,,,EoN(2014-01-14) Electricity Aq 1yr
525,Nightsaver,84,11,4,27,10.95,6.11,0,,,EoN(2014-01-14) Electricity Aq 1yr
525,Nightsaver,83,11,3,27,10.95,6.11,0,,,EoN(2014-01-14) Electricity Aq 1yr
525,Nightsaver,83,11,4,27,10.95,6.11,0,,,EoN(2014-01-14) Electricity Aq 1yr
525,Nightsaver,82,11,3,27,10.95,6.11,0,,,EoN(2014-01-14) Electricity Aq 1yr
525,Nightsaver,82,11,4,27,10.95,6.11,0,,,EoN(2014-01-14) Electricity Aq 1yr
525,Nightsaver,81,11,3,27,10.95,6.11,0,,,EoN(2014-01-14) Electricity Aq 1yr
525,Nightsaver,81,11,4,27,10.95,6.11,0,,,EoN(2014-01-14) Electricity Aq 1yr
537,Nightsaver,917,11,3,27,10.95,6.11,0,,,EoN(2014-01-14) Electricity Aq 1yr
537,Nightsaver,917,11,4,27,10.95,6.11,0,,,EoN(2014-01-14) Electricity Aq 1yr
525,Nightsaver,93,11,3,27,10.95,6.11,0,,,EoN(2014-01-14) Electricity Aq 1yr
525,Nightsaver,93,11,4,27,10.95,6.11,0,,,EoN(2014-01-14) Electricity Aq 1yr
525,Nightsaver,913,11,3,27,10.95,6.11,0,,,EoN(2014-01-14) Electricity Aq 1yr
525,Nightsaver,913,11,4,27,10.95,6.11,0,,,EoN(2014-01-14) Electricity Aq 1yr
537,Nightsaver,909,11,3,27,10.95,6.11,0,,,EoN(2014-01-14) Electricity Aq 1yr
537,Nightsaver,909,11,4,27,10.95,6.11,0,,,EoN(2014-01-14) Electricity Aq 1yr
12,Nightsaver,909,11,3,27,10.95,6.11,0,,,EoN(2014-01-14) Electricity Aq 1yr
12,Nightsaver,909,11,4,27,10.95,6.11,0,,,EoN(2014-01-14) Electricity Aq 1yr
537,Nightsaver,911,11,3,27,10.95,6.11,0,,,EoN(2014-01-14) Electricity Aq 1yr
537,Nightsaver,911,11,4,27,10.95,6.11,0,,,EoN(2014-01-14) Electricity Aq 1yr
12,Nightsaver,82,11,3,27,10.95,6.11,0,,,EoN(2014-01-14) Electricity Aq 1yr
12,Nightsaver,82,11,4,27,10.95,6.11,0,,,EoN(2014-01-14) Electricity Aq 1yr
537,Nightsaver,913,11,3,27,10.95,6.11,0,,,EoN(2014-01-14) Electricity Aq 1yr
537,Nightsaver,913,11,4,27,10.95,6.11,0,,,EoN(2014-01-14) Electricity Aq 1yr
537,Nightsaver,916,11,3,27,10.95,6.11,0,,,EoN(2014-01-14) Electricity Aq 1yr
537,Nightsaver,916,11,4,27,10.95,6.11,0,,,EoN(2014-01-14) Electricity Aq 1yr
525,Nightsaver,173,11,3,27,10.95,6.11,0,,,EoN(2014-01-14) Electricity Aq 1yr
525,Nightsaver,173,11,4,27,10.95,6.11,0,,,EoN(2014-01-14) Electricity Aq 1yr
525,Nightsaver,916,11,3,27,10.95,6.11,0,,,EoN(2014-01-14) Electricity Aq 1yr
525,Nightsaver,916,11,4,27,10.95,6.11,0,,,EoN(2014-01-14) Electricity Aq 1yr
537,Nightsaver,84,11,3,27,10.95,6.11,0,,,EoN(2014-01-14) Electricity Aq 1yr
537,Nightsaver,84,11,4,27,10.95,6.11,0,,,EoN(2014-01-14) Electricity Aq 1yr
525,Nightsaver,911,11,3,27,10.95,6.11,0,,,EoN(2014-01-14) Electricity Aq 1yr
525,Nightsaver,911,11,4,27,10.95,6.11,0,,,EoN(2014-01-14) Electricity Aq 1yr
525,Nightsaver,910,11,3,27,10.95,6.11,0,,,EoN(2014-01-14) Electricity Aq 1yr
525,Nightsaver,910,11,4,27,10.95,6.11,0,,,EoN(2014-01-14) Electricity Aq 1yr
525,Nightsaver,909,11,3,27,10.95,6.11,0,,,EoN(2014-01-14) Electricity Aq 1yr
525,Nightsaver,909,11,4,27,10.95,6.11,0,,,EoN(2014-01-14) Electricity Aq 1yr
525,Nightsaver,906,11,3,27,10.95,6.11,0,,,EoN(2014-01-14) Electricity Aq 1yr
525,Nightsaver,906,11,4,27,10.95,6.11,0,,,EoN(2014-01-14) Electricity Aq 1yr
525,Nightsaver,905,11,3,27,10.95,6.11,0,,,EoN(2014-01-14) Electricity Aq 1yr
525,Nightsaver,905,11,4,27,10.95,6.11,0,,,EoN(2014-01-14) Electricity Aq 1yr
525,Nightsaver,904,11,3,27,10.95,6.11,0,,,EoN(2014-01-14) Electricity Aq 1yr
525,Nightsaver,904,11,4,27,10.95,6.11,0,,,EoN(2014-01-14) Electricity Aq 1yr
525,Nightsaver,917,11,3,27,10.95,6.11,0,,,EoN(2014-01-14) Electricity Aq 1yr
525,Nightsaver,917,11,4,27,10.95,6.11,0,,,EoN(2014-01-14) Electricity Aq 1yr
537,Nightsaver,91,11,3,27,10.95,6.11,0,,,EoN(2014-01-14) Electricity Aq 1yr
537,Nightsaver,91,11,4,27,10.95,6.11,0,,,EoN(2014-01-14) Electricity Aq 1yr
19,Nightsaver,91,11,3,27,10.95,6.11,0,,,EoN(2014-01-14) Electricity Aq 1yr
19,Nightsaver,91,11,4,27,10.95,6.11,0,,,EoN(2014-01-14) Electricity Aq 1yr
19,Nightsaver,905,11,3,27,10.95,6.11,0,,,EoN(2014-01-14) Electricity Aq 1yr
19,Nightsaver,905,11,4,27,10.95,6.11,0,,,EoN(2014-01-14) Electricity Aq 1yr
19,Nightsaver,904,11,3,27,10.95,6.11,0,,,EoN(2014-01-14) Electricity Aq 1yr
19,Nightsaver,904,11,4,27,10.95,6.11,0,,,EoN(2014-01-14) Electricity Aq 1yr
19,Nightsaver,177,11,3,27,10.95,6.11,0,,,EoN(2014-01-14) Electricity Aq 1yr
19,Nightsaver,177,11,4,27,10.95,6.11,0,,,EoN(2014-01-14) Electricity Aq 1yr
19,Nightsaver,175,11,3,27,10.95,6.11,0,,,EoN(2014-01-14) Electricity Aq 1yr
19,Nightsaver,175,11,4,27,10.95,6.11,0,,,EoN(2014-01-14) Electricity Aq 1yr
19,Nightsaver,173,11,3,27,10.95,6.11,0,,,EoN(2014-01-14) Electricity Aq 1yr
19,Nightsaver,173,11,4,27,10.95,6.11,0,,,EoN(2014-01-14) Electricity Aq 1yr
19,Nightsaver,906,11,3,27,10.95,6.11,0,,,EoN(2014-01-14) Electricity Aq 1yr
19,Nightsaver,906,11,4,27,10.95,6.11,0,,,EoN(2014-01-14) Electricity Aq 1yr
19,Nightsaver,163,11,3,27,10.95,6.11,0,,,EoN(2014-01-14) Electricity Aq 1yr
19,Nightsaver,163,11,4,27,10.95,6.11,0,,,EoN(2014-01-14) Electricity Aq 1yr
19,Nightsaver,909,11,3,27,10.95,6.11,0,,,EoN(2014-01-14) Electricity Aq 1yr
19,Nightsaver,909,11,4,27,10.95,6.11,0,,,EoN(2014-01-14) Electricity Aq 1yr
537,Nightsaver,81,11,3,27,10.95,6.11,0,,,EoN(2014-01-14) Electricity Aq 1yr
537,Nightsaver,81,11,4,27,10.95,6.11,0,,,EoN(2014-01-14) Electricity Aq 1yr
537,Nightsaver,82,11,3,27,10.95,6.11,0,,,EoN(2014-01-14) Electricity Aq 1yr
537,Nightsaver,82,11,4,27,10.95,6.11,0,,,EoN(2014-01-14) Electricity Aq 1yr
19,Nightsaver,97,11,3,27,10.95,6.11,0,,,EoN(2014-01-14) Electricity Aq 1yr
19,Nightsaver,97,11,4,27,10.95,6.11,0,,,EoN(2014-01-14) Electricity Aq 1yr
19,Nightsaver,95,11,3,27,10.95,6.11,0,,,EoN(2014-01-14) Electricity Aq 1yr
19,Nightsaver,95,11,4,27,10.95,6.11,0,,,EoN(2014-01-14) Electricity Aq 1yr
19,Nightsaver,93,11,3,27,10.95,6.11,0,,,EoN(2014-01-14) Electricity Aq 1yr
19,Nightsaver,93,11,4,27,10.95,6.11,0,,,EoN(2014-01-14) Electricity Aq 1yr
19,Nightsaver,92,11,3,27,10.95,6.11,0,,,EoN(2014-01-14) Electricity Aq 1yr
19,Nightsaver,92,11,4,27,10.95,6.11,0,,,EoN(2014-01-14) Electricity Aq 1yr
19,Nightsaver,172,11,3,27,10.95,6.11,0,,,EoN(2014-01-14) Electricity Aq 1yr
19,Nightsaver,172,11,4,27,10.95,6.11,0,,,EoN(2014-01-14) Electricity Aq 1yr
537,Nightsaver,95,11,3,27,10.95,6.11,0,,,EoN(2014-01-14) Electricity Aq 1yr
537,Nightsaver,95,11,4,27,10.95,6.11,0,,,EoN(2014-01-14) Electricity Aq 1yr
12,Nightsaver,95,11,3,27,10.95,6.11,0,,,EoN(2014-01-14) Electricity Aq 1yr
12,Nightsaver,95,11,4,27,10.95,6.11,0,,,EoN(2014-01-14) Electricity Aq 1yr
12,Nightsaver,97,11,3,27,10.95,6.11,0,,,EoN(2014-01-14) Electricity Aq 1yr
12,Nightsaver,97,11,4,27,10.95,6.11,0,,,EoN(2014-01-14) Electricity Aq 1yr
12,Nightsaver,163,11,3,27,10.95,6.11,0,,,EoN(2014-01-14) Electricity Aq 1yr
12,Nightsaver,163,11,4,27,10.95,6.11,0,,,EoN(2014-01-14) Electricity Aq 1yr
12,Nightsaver,164,11,3,27,10.95,6.11,0,,,EoN(2014-01-14) Electricity Aq 1yr
12,Nightsaver,164,11,4,27,10.95,6.11,0,,,EoN(2014-01-14) Electricity Aq 1yr
12,Nightsaver,906,11,3,27,10.95,6.11,0,,,EoN(2014-01-14) Electricity Aq 1yr
12,Nightsaver,906,11,4,27,10.95,6.11,0,,,EoN(2014-01-14) Electricity Aq 1yr
537,Nightsaver,92,11,3,27,10.95,6.11,0,,,EoN(2014-01-14) Electricity Aq 1yr
537,Nightsaver,92,11,4,27,10.95,6.11,0,,,EoN(2014-01-14) Electricity Aq 1yr
12,Nightsaver,93,11,3,27,10.95,6.11,0,,,EoN(2014-01-14) Electricity Aq 1yr
12,Nightsaver,93,11,4,27,10.95,6.11,0,,,EoN(2014-01-14) Electricity Aq 1yr
537,Nightsaver,93,11,3,27,10.95,6.11,0,,,EoN(2014-01-14) Electricity Aq 1yr
537,Nightsaver,93,11,4,27,10.95,6.11,0,,,EoN(2014-01-14) Electricity Aq 1yr
12,Nightsaver,92,11,3,27,10.95,6.11,0,,,EoN(2014-01-14) Electricity Aq 1yr
12,Nightsaver,92,11,4,27,10.95,6.11,0,,,EoN(2014-01-14) Electricity Aq 1yr
537,Nightsaver,97,11,3,27,10.95,6.11,0,,,EoN(2014-01-14) Electricity Aq 1yr
537,Nightsaver,97,11,4,27,10.95,6.11,0,,,EoN(2014-01-14) Electricity Aq 1yr
19,Nightsaver,917,11,3,27,10.95,6.11,0,,,EoN(2014-01-14) Electricity Aq 1yr
19,Nightsaver,917,11,4,27,10.95,6.11,0,,,EoN(2014-01-14) Electricity Aq 1yr
19,Nightsaver,916,11,3,27,10.95,6.11,0,,,EoN(2014-01-14) Electricity Aq 1yr
19,Nightsaver,916,11,4,27,10.95,6.11,0,,,EoN(2014-01-14) Electricity Aq 1yr
19,Nightsaver,913,11,3,27,10.95,6.11,0,,,EoN(2014-01-14) Electricity Aq 1yr
19,Nightsaver,913,11,4,27,10.95,6.11,0,,,EoN(2014-01-14) Electricity Aq 1yr
19,Nightsaver,911,11,3,27,10.95,6.11,0,,,EoN(2014-01-14) Electricity Aq 1yr
19,Nightsaver,911,11,4,27,10.95,6.11,0,,,EoN(2014-01-14) Electricity Aq 1yr
19,Nightsaver,910,11,3,27,10.95,6.11,0,,,EoN(2014-01-14) Electricity Aq 1yr
19,Nightsaver,910,11,4,27,10.95,6.11,0,,,EoN(2014-01-14) Electricity Aq 1yr
12,Nightsaver,172,11,3,27,10.95,6.11,0,,,EoN(2014-01-14) Electricity Aq 1yr
12,Nightsaver,172,11,4,27,10.95,6.11,0,,,EoN(2014-01-14) Electricity Aq 1yr
12,Nightsaver,904,11,3,27,10.95,6.11,0,,,EoN(2014-01-14) Electricity Aq 1yr
12,Nightsaver,904,11,4,27,10.95,6.11,0,,,EoN(2014-01-14) Electricity Aq 1yr
537,Nightsaver,90,11,3,27,10.95,6.11,0,,,EoN(2014-01-14) Electricity Aq 1yr
537,Nightsaver,90,11,4,27,10.95,6.11,0,,,EoN(2014-01-14) Electricity Aq 1yr
12,Nightsaver,173,11,3,27,10.95,6.11,0,,,EoN(2014-01-14) Electricity Aq 1yr
12,Nightsaver,173,11,4,27,10.95,6.11,0,,,EoN(2014-01-14) Electricity Aq 1yr
19,Nightsaver,164,11,3,27,10.95,6.11,0,,,EoN(2014-01-14) Electricity Aq 1yr
19,Nightsaver,164,11,4,27,10.95,6.11,0,,,EoN(2014-01-14) Electricity Aq 1yr
19,Nightsaver,84,11,3,27,10.95,6.11,0,,,EoN(2014-01-14) Electricity Aq 1yr
19,Nightsaver,84,11,4,27,10.95,6.11,0,,,EoN(2014-01-14) Electricity Aq 1yr
12,Nightsaver,175,11,3,27,10.95,6.11,0,,,EoN(2014-01-14) Electricity Aq 1yr
12,Nightsaver,175,11,4,27,10.95,6.11,0,,,EoN(2014-01-14) Electricity Aq 1yr
12,Nightsaver,177,11,3,27,10.95,6.11,0,,,EoN(2014-01-14) Electricity Aq 1yr
12,Nightsaver,177,11,4,27,10.95,6.11,0,,,EoN(2014-01-14) Electricity Aq 1yr
19,Nightsaver,90,11,3,27,10.95,6.11,0,,,EoN(2014-01-14) Electricity Aq 1yr
19,Nightsaver,90,11,4,27,10.95,6.11,0,,,EoN(2014-01-14) Electricity Aq 1yr
19,Nightsaver,83,11,3,27,10.95,6.11,0,,,EoN(2014-01-14) Electricity Aq 1yr
19,Nightsaver,83,11,4,27,10.95,6.11,0,,,EoN(2014-01-14) Electricity Aq 1yr
19,Nightsaver,82,11,3,27,10.95,6.11,0,,,EoN(2014-01-14) Electricity Aq 1yr
19,Nightsaver,82,11,4,27,10.95,6.11,0,,,EoN(2014-01-14) Electricity Aq 1yr
12,Nightsaver,905,11,3,27,10.95,6.11,0,,,EoN(2014-01-14) Electricity Aq 1yr
12,Nightsaver,905,11,4,27,10.95,6.11,0,,,EoN(2014-01-14) Electricity Aq 1yr
529,Flexirate 2,113,11,4,27,10.95,0,9.64,,,EoN(2014-01-14) Electricity Aq 1yr
529,Flexirate 2,113,11,3,27,10.95,0,9.64,,,EoN(2014-01-14) Electricity Aq 1yr
538,Flexirate 2,143,11,4,27,10.95,0,9.64,,,EoN(2014-01-14) Electricity Aq 1yr
538,Flexirate 2,143,11,3,27,10.95,0,9.64,,,EoN(2014-01-14) Electricity Aq 1yr
529,Flexirate 2,15,11,4,27,10.95,0,9.64,,,EoN(2014-01-14) Electricity Aq 1yr
529,Flexirate 2,15,11,3,27,10.95,0,9.64,,,EoN(2014-01-14) Electricity Aq 1yr
529,Flexirate 2,122,11,4,27,10.95,0,9.64,,,EoN(2014-01-14) Electricity Aq 1yr
529,Flexirate 2,122,11,3,27,10.95,0,9.64,,,EoN(2014-01-14) Electricity Aq 1yr
529,Flexirate 2,134,11,4,27,10.95,0,9.64,,,EoN(2014-01-14) Electricity Aq 1yr
529,Flexirate 2,134,11,3,27,10.95,0,9.64,,,EoN(2014-01-14) Electricity Aq 1yr
529,Flexirate 2,143,11,4,27,10.95,0,9.64,,,EoN(2014-01-14) Electricity Aq 1yr
529,Flexirate 2,143,11,3,27,10.95,0,9.64,,,EoN(2014-01-14) Electricity Aq 1yr
529,Flexirate 2,22,11,4,27,10.95,0,9.64,,,EoN(2014-01-14) Electricity Aq 1yr
529,Flexirate 2,22,11,3,27,10.95,0,9.64,,,EoN(2014-01-14) Electricity Aq 1yr
529,Flexirate 2,17,11,4,27,10.95,0,9.64,,,EoN(2014-01-14) Electricity Aq 1yr
529,Flexirate 2,17,11,3,27,10.95,0,9.64,,,EoN(2014-01-14) Electricity Aq 1yr
529,Flexirate 2,14,11,4,27,10.95,0,9.64,,,EoN(2014-01-14) Electricity Aq 1yr
529,Flexirate 2,14,11,3,27,10.95,0,9.64,,,EoN(2014-01-14) Electricity Aq 1yr
529,Flexirate 2,13,11,4,27,10.95,0,9.64,,,EoN(2014-01-14) Electricity Aq 1yr
529,Flexirate 2,13,11,3,27,10.95,0,9.64,,,EoN(2014-01-14) Electricity Aq 1yr
529,Flexirate 2,12,11,4,27,10.95,0,9.64,,,EoN(2014-01-14) Electricity Aq 1yr
529,Flexirate 2,12,11,3,27,10.95,0,9.64,,,EoN(2014-01-14) Electricity Aq 1yr
529,Flexirate 2,32,11,4,27,10.95,0,9.64,,,EoN(2014-01-14) Electricity Aq 1yr
529,Flexirate 2,32,11,3,27,10.95,0,9.64,,,EoN(2014-01-14) Electricity Aq 1yr
538,Flexirate 2,13,11,4,27,10.95,0,9.64,,,EoN(2014-01-14) Electricity Aq 1yr
538,Flexirate 2,13,11,3,27,10.95,0,9.64,,,EoN(2014-01-14) Electricity Aq 1yr
538,Flexirate 2,12,11,4,27,10.95,0,9.64,,,EoN(2014-01-14) Electricity Aq 1yr
538,Flexirate 2,12,11,3,27,10.95,0,9.64,,,EoN(2014-01-14) Electricity Aq 1yr
529,Flexirate 2,43,11,4,27,10.95,0,9.64,,,EoN(2014-01-14) Electricity Aq 1yr
529,Flexirate 2,43,11,3,27,10.95,0,9.64,,,EoN(2014-01-14) Electricity Aq 1yr
529,Flexirate 2,38,11,4,27,10.95,0,9.64,,,EoN(2014-01-14) Electricity Aq 1yr
529,Flexirate 2,38,11,3,27,10.95,0,9.64,,,EoN(2014-01-14) Electricity Aq 1yr
538,Flexirate 2,113,11,4,27,10.95,0,9.64,,,EoN(2014-01-14) Electricity Aq 1yr
538,Flexirate 2,113,11,3,27,10.95,0,9.64,,,EoN(2014-01-14) Electricity Aq 1yr
529,Flexirate 2,34,11,4,27,10.95,0,9.64,,,EoN(2014-01-14) Electricity Aq 1yr
529,Flexirate 2,34,11,3,27,10.95,0,9.64,,,EoN(2014-01-14) Electricity Aq 1yr
538,Flexirate 2,15,11,4,27,10.95,0,9.64,,,EoN(2014-01-14) Electricity Aq 1yr
538,Flexirate 2,15,11,3,27,10.95,0,9.64,,,EoN(2014-01-14) Electricity Aq 1yr
529,Flexirate 2,30,11,4,27,10.95,0,9.64,,,EoN(2014-01-14) Electricity Aq 1yr
529,Flexirate 2,30,11,3,27,10.95,0,9.64,,,EoN(2014-01-14) Electricity Aq 1yr
529,Flexirate 2,36,11,4,27,10.95,0,9.64,,,EoN(2014-01-14) Electricity Aq 1yr
529,Flexirate 2,36,11,3,27,10.95,0,9.64,,,EoN(2014-01-14) Electricity Aq 1yr
538,Flexirate 2,32,11,4,27,10.95,0,9.64,,,EoN(2014-01-14) Electricity Aq 1yr
538,Flexirate 2,32,11,3,27,10.95,0,9.64,,,EoN(2014-01-14) Electricity Aq 1yr
538,Flexirate 2,122,11,4,27,10.95,0,9.64,,,EoN(2014-01-14) Electricity Aq 1yr
538,Flexirate 2,122,11,3,27,10.95,0,9.64,,,EoN(2014-01-14) Electricity Aq 1yr
538,Flexirate 2,43,11,4,27,10.95,0,9.64,,,EoN(2014-01-14) Electricity Aq 1yr
538,Flexirate 2,43,11,3,27,10.95,0,9.64,,,EoN(2014-01-14) Electricity Aq 1yr
538,Flexirate 2,38,11,4,27,10.95,0,9.64,,,EoN(2014-01-14) Electricity Aq 1yr
538,Flexirate 2,38,11,3,27,10.95,0,9.64,,,EoN(2014-01-14) Electricity Aq 1yr
538,Flexirate 2,36,11,4,27,10.95,0,9.64,,,EoN(2014-01-14) Electricity Aq 1yr
538,Flexirate 2,36,11,3,27,10.95,0,9.64,,,EoN(2014-01-14) Electricity Aq 1yr
538,Flexirate 2,14,11,4,27,10.95,0,9.64,,,EoN(2014-01-14) Electricity Aq 1yr
538,Flexirate 2,14,11,3,27,10.95,0,9.64,,,EoN(2014-01-14) Electricity Aq 1yr
538,Flexirate 2,30,11,4,27,10.95,0,9.64,,,EoN(2014-01-14) Electricity Aq 1yr
538,Flexirate 2,30,11,3,27,10.95,0,9.64,,,EoN(2014-01-14) Electricity Aq 1yr
538,Flexirate 2,22,11,4,27,10.95,0,9.64,,,EoN(2014-01-14) Electricity Aq 1yr
538,Flexirate 2,22,11,3,27,10.95,0,9.64,,,EoN(2014-01-14) Electricity Aq 1yr
538,Flexirate 2,17,11,4,27,10.95,0,9.64,,,EoN(2014-01-14) Electricity Aq 1yr
538,Flexirate 2,17,11,3,27,10.95,0,9.64,,,EoN(2014-01-14) Electricity Aq 1yr
538,Flexirate 2,134,11,4,27,10.95,0,9.64,,,EoN(2014-01-14) Electricity Aq 1yr
538,Flexirate 2,134,11,3,27,10.95,0,9.64,,,EoN(2014-01-14) Electricity Aq 1yr
538,Flexirate 2,34,11,4,27,10.95,0,9.64,,,EoN(2014-01-14) Electricity Aq 1yr
538,Flexirate 2,34,11,3,27,10.95,0,9.64,,,EoN(2014-01-14) Electricity Aq 1yr
826,Flexirate 2,12,11,4,27,10.95,0,9.64,,,EoN(2014-01-14) Electricity Aq 1yr
826,Flexirate 2,12,11,3,27,10.95,0,9.64,,,EoN(2014-01-14) Electricity Aq 1yr
826,Flexirate 2,38,11,4,27,10.95,0,9.64,,,EoN(2014-01-14) Electricity Aq 1yr
826,Flexirate 2,38,11,3,27,10.95,0,9.64,,,EoN(2014-01-14) Electricity Aq 1yr
826,Flexirate 2,36,11,4,27,10.95,0,9.64,,,EoN(2014-01-14) Electricity Aq 1yr
826,Flexirate 2,36,11,3,27,10.95,0,9.64,,,EoN(2014-01-14) Electricity Aq 1yr
826,Flexirate 2,34,11,4,27,10.95,0,9.64,,,EoN(2014-01-14) Electricity Aq 1yr
826,Flexirate 2,34,11,3,27,10.95,0,9.64,,,EoN(2014-01-14) Electricity Aq 1yr
826,Flexirate 2,32,11,4,27,10.95,0,9.64,,,EoN(2014-01-14) Electricity Aq 1yr
826,Flexirate 2,32,11,3,27,10.95,0,9.64,,,EoN(2014-01-14) Electricity Aq 1yr
826,Flexirate 2,30,11,4,27,10.95,0,9.64,,,EoN(2014-01-14) Electricity Aq 1yr
826,Flexirate 2,30,11,3,27,10.95,0,9.64,,,EoN(2014-01-14) Electricity Aq 1yr
826,Flexirate 2,22,11,4,27,10.95,0,9.64,,,EoN(2014-01-14) Electricity Aq 1yr
826,Flexirate 2,22,11,3,27,10.95,0,9.64,,,EoN(2014-01-14) Electricity Aq 1yr
826,Flexirate 2,17,11,4,27,10.95,0,9.64,,,EoN(2014-01-14) Electricity Aq 1yr
826,Flexirate 2,17,11,3,27,10.95,0,9.64,,,EoN(2014-01-14) Electricity Aq 1yr
826,Flexirate 2,15,11,4,27,10.95,0,9.64,,,EoN(2014-01-14) Electricity Aq 1yr
826,Flexirate 2,15,11,3,27,10.95,0,9.64,,,EoN(2014-01-14) Electricity Aq 1yr
826,Flexirate 2,13,11,4,27,10.95,0,9.64,,,EoN(2014-01-14) Electricity Aq 1yr
826,Flexirate 2,13,11,3,27,10.95,0,9.64,,,EoN(2014-01-14) Electricity Aq 1yr
826,Flexirate 2,122,11,4,27,10.95,0,9.64,,,EoN(2014-01-14) Electricity Aq 1yr
826,Flexirate 2,122,11,3,27,10.95,0,9.64,,,EoN(2014-01-14) Electricity Aq 1yr
826,Flexirate 2,14,11,4,27,10.95,0,9.64,,,EoN(2014-01-14) Electricity Aq 1yr
826,Flexirate 2,14,11,3,27,10.95,0,9.64,,,EoN(2014-01-14) Electricity Aq 1yr
827,Flexirate 2,36,11,4,27,10.95,0,9.64,,,EoN(2014-01-14) Electricity Aq 1yr
827,Flexirate 2,36,11,3,27,10.95,0,9.64,,,EoN(2014-01-14) Electricity Aq 1yr
826,Flexirate 2,113,11,4,27,10.95,0,9.64,,,EoN(2014-01-14) Electricity Aq 1yr
826,Flexirate 2,113,11,3,27,10.95,0,9.64,,,EoN(2014-01-14) Electricity Aq 1yr
826,Flexirate 2,43,11,4,27,10.95,0,9.64,,,EoN(2014-01-14) Electricity Aq 1yr
826,Flexirate 2,43,11,3,27,10.95,0,9.64,,,EoN(2014-01-14) Electricity Aq 1yr
827,Flexirate 2,143,11,4,27,10.95,0,9.64,,,EoN(2014-01-14) Electricity Aq 1yr
827,Flexirate 2,143,11,3,27,10.95,0,9.64,,,EoN(2014-01-14) Electricity Aq 1yr
827,Flexirate 2,134,11,4,27,10.95,0,9.64,,,EoN(2014-01-14) Electricity Aq 1yr
827,Flexirate 2,134,11,3,27,10.95,0,9.64,,,EoN(2014-01-14) Electricity Aq 1yr
827,Flexirate 2,122,11,4,27,10.95,0,9.64,,,EoN(2014-01-14) Electricity Aq 1yr
827,Flexirate 2,122,11,3,27,10.95,0,9.64,,,EoN(2014-01-14) Electricity Aq 1yr
827,Flexirate 2,113,11,4,27,10.95,0,9.64,,,EoN(2014-01-14) Electricity Aq 1yr
827,Flexirate 2,113,11,3,27,10.95,0,9.64,,,EoN(2014-01-14) Electricity Aq 1yr
827,Flexirate 2,38,11,4,27,10.95,0,9.64,,,EoN(2014-01-14) Electricity Aq 1yr
827,Flexirate 2,38,11,3,27,10.95,0,9.64,,,EoN(2014-01-14) Electricity Aq 1yr
827,Flexirate 2,34,11,4,27,10.95,0,9.64,,,EoN(2014-01-14) Electricity Aq 1yr
827,Flexirate 2,34,11,3,27,10.95,0,9.64,,,EoN(2014-01-14) Electricity Aq 1yr
827,Flexirate 2,32,11,4,27,10.95,0,9.64,,,EoN(2014-01-14) Electricity Aq 1yr
827,Flexirate 2,32,11,3,27,10.95,0,9.64,,,EoN(2014-01-14) Electricity Aq 1yr
826,Flexirate 2,134,11,4,27,10.95,0,9.64,,,EoN(2014-01-14) Electricity Aq 1yr
826,Flexirate 2,134,11,3,27,10.95,0,9.64,,,EoN(2014-01-14) Electricity Aq 1yr
826,Flexirate 2,143,11,4,27,10.95,0,9.64,,,EoN(2014-01-14) Electricity Aq 1yr
826,Flexirate 2,143,11,3,27,10.95,0,9.64,,,EoN(2014-01-14) Electricity Aq 1yr
827,Flexirate 2,43,11,4,27,10.95,0,9.64,,,EoN(2014-01-14) Electricity Aq 1yr
827,Flexirate 2,43,11,3,27,10.95,0,9.64,,,EoN(2014-01-14) Electricity Aq 1yr
827,Flexirate 2,30,11,4,27,10.95,0,9.64,,,EoN(2014-01-14) Electricity Aq 1yr
827,Flexirate 2,30,11,3,27,10.95,0,9.64,,,EoN(2014-01-14) Electricity Aq 1yr
827,Flexirate 2,12,11,4,27,10.95,0,9.64,,,EoN(2014-01-14) Electricity Aq 1yr
827,Flexirate 2,12,11,3,27,10.95,0,9.64,,,EoN(2014-01-14) Electricity Aq 1yr
827,Flexirate 2,13,11,4,27,10.95,0,9.64,,,EoN(2014-01-14) Electricity Aq 1yr
827,Flexirate 2,13,11,3,27,10.95,0,9.64,,,EoN(2014-01-14) Electricity Aq 1yr
827,Flexirate 2,14,11,4,27,10.95,0,9.64,,,EoN(2014-01-14) Electricity Aq 1yr
827,Flexirate 2,14,11,3,27,10.95,0,9.64,,,EoN(2014-01-14) Electricity Aq 1yr
827,Flexirate 2,15,11,4,27,10.95,0,9.64,,,EoN(2014-01-14) Electricity Aq 1yr
827,Flexirate 2,15,11,3,27,10.95,0,9.64,,,EoN(2014-01-14) Electricity Aq 1yr
827,Flexirate 2,17,11,4,27,10.95,0,9.64,,,EoN(2014-01-14) Electricity Aq 1yr
827,Flexirate 2,17,11,3,27,10.95,0,9.64,,,EoN(2014-01-14) Electricity Aq 1yr
827,Flexirate 2,22,11,4,27,10.95,0,9.64,,,EoN(2014-01-14) Electricity Aq 1yr
827,Flexirate 2,22,11,3,27,10.95,0,9.64,,,EoN(2014-01-14) Electricity Aq 1yr
530,Flexirate 3,44,11,4,27,11.26,6.11,10.42,,,EoN(2014-01-14) Electricity Aq 1yr
530,Flexirate 3,44,11,3,27,11.26,6.11,10.42,,,EoN(2014-01-14) Electricity Aq 1yr
530,Flexirate 3,48,11,4,27,11.26,6.11,10.42,,,EoN(2014-01-14) Electricity Aq 1yr
530,Flexirate 3,48,11,3,27,11.26,6.11,10.42,,,EoN(2014-01-14) Electricity Aq 1yr
530,Flexirate 3,49,11,4,27,11.26,6.11,10.42,,,EoN(2014-01-14) Electricity Aq 1yr
530,Flexirate 3,49,11,3,27,11.26,6.11,10.42,,,EoN(2014-01-14) Electricity Aq 1yr
530,Flexirate 3,52,11,4,27,11.26,6.11,10.42,,,EoN(2014-01-14) Electricity Aq 1yr
530,Flexirate 3,52,11,3,27,11.26,6.11,10.42,,,EoN(2014-01-14) Electricity Aq 1yr
539,Flexirate 3,128,11,4,27,11.26,6.11,10.42,,,EoN(2014-01-14) Electricity Aq 1yr
539,Flexirate 3,128,11,3,27,11.26,6.11,10.42,,,EoN(2014-01-14) Electricity Aq 1yr
539,Flexirate 3,134,11,4,27,11.26,6.11,10.42,,,EoN(2014-01-14) Electricity Aq 1yr
539,Flexirate 3,134,11,3,27,11.26,6.11,10.42,,,EoN(2014-01-14) Electricity Aq 1yr
530,Flexirate 3,113,11,4,27,11.26,6.11,10.42,,,EoN(2014-01-14) Electricity Aq 1yr
530,Flexirate 3,113,11,3,27,11.26,6.11,10.42,,,EoN(2014-01-14) Electricity Aq 1yr
530,Flexirate 3,128,11,4,27,11.26,6.11,10.42,,,EoN(2014-01-14) Electricity Aq 1yr
530,Flexirate 3,128,11,3,27,11.26,6.11,10.42,,,EoN(2014-01-14) Electricity Aq 1yr
530,Flexirate 3,50,11,4,27,11.26,6.11,10.42,,,EoN(2014-01-14) Electricity Aq 1yr
530,Flexirate 3,50,11,3,27,11.26,6.11,10.42,,,EoN(2014-01-14) Electricity Aq 1yr
530,Flexirate 3,149,11,4,27,11.26,6.11,10.42,,,EoN(2014-01-14) Electricity Aq 1yr
530,Flexirate 3,149,11,3,27,11.26,6.11,10.42,,,EoN(2014-01-14) Electricity Aq 1yr
530,Flexirate 3,34,11,4,27,11.26,6.11,10.42,,,EoN(2014-01-14) Electricity Aq 1yr
530,Flexirate 3,34,11,3,27,11.26,6.11,10.42,,,EoN(2014-01-14) Electricity Aq 1yr
539,Flexirate 3,149,11,4,27,11.26,6.11,10.42,,,EoN(2014-01-14) Electricity Aq 1yr
539,Flexirate 3,149,11,3,27,11.26,6.11,10.42,,,EoN(2014-01-14) Electricity Aq 1yr
530,Flexirate 3,134,11,4,27,11.26,6.11,10.42,,,EoN(2014-01-14) Electricity Aq 1yr
530,Flexirate 3,134,11,3,27,11.26,6.11,10.42,,,EoN(2014-01-14) Electricity Aq 1yr
539,Flexirate 3,50,11,4,27,11.26,6.11,10.42,,,EoN(2014-01-14) Electricity Aq 1yr
539,Flexirate 3,50,11,3,27,11.26,6.11,10.42,,,EoN(2014-01-14) Electricity Aq 1yr
539,Flexirate 3,13,11,4,27,11.26,6.11,10.42,,,EoN(2014-01-14) Electricity Aq 1yr
539,Flexirate 3,13,11,3,27,11.26,6.11,10.42,,,EoN(2014-01-14) Electricity Aq 1yr
539,Flexirate 3,14,11,4,27,11.26,6.11,10.42,,,EoN(2014-01-14) Electricity Aq 1yr
539,Flexirate 3,14,11,3,27,11.26,6.11,10.42,,,EoN(2014-01-14) Electricity Aq 1yr
539,Flexirate 3,15,11,4,27,11.26,6.11,10.42,,,EoN(2014-01-14) Electricity Aq 1yr
539,Flexirate 3,15,11,3,27,11.26,6.11,10.42,,,EoN(2014-01-14) Electricity Aq 1yr
539,Flexirate 3,17,11,4,27,11.26,6.11,10.42,,,EoN(2014-01-14) Electricity Aq 1yr
539,Flexirate 3,17,11,3,27,11.26,6.11,10.42,,,EoN(2014-01-14) Electricity Aq 1yr
539,Flexirate 3,28,11,4,27,11.26,6.11,10.42,,,EoN(2014-01-14) Electricity Aq 1yr
539,Flexirate 3,28,11,3,27,11.26,6.11,10.42,,,EoN(2014-01-14) Electricity Aq 1yr
539,Flexirate 3,34,11,4,27,11.26,6.11,10.42,,,EoN(2014-01-14) Electricity Aq 1yr
539,Flexirate 3,34,11,3,27,11.26,6.11,10.42,,,EoN(2014-01-14) Electricity Aq 1yr
539,Flexirate 3,37,11,4,27,11.26,6.11,10.42,,,EoN(2014-01-14) Electricity Aq 1yr
539,Flexirate 3,37,11,3,27,11.26,6.11,10.42,,,EoN(2014-01-14) Electricity Aq 1yr
539,Flexirate 3,42,11,4,27,11.26,6.11,10.42,,,EoN(2014-01-14) Electricity Aq 1yr
539,Flexirate 3,42,11,3,27,11.26,6.11,10.42,,,EoN(2014-01-14) Electricity Aq 1yr
539,Flexirate 3,44,11,4,27,11.26,6.11,10.42,,,EoN(2014-01-14) Electricity Aq 1yr
539,Flexirate 3,44,11,3,27,11.26,6.11,10.42,,,EoN(2014-01-14) Electricity Aq 1yr
530,Flexirate 3,42,11,4,27,11.26,6.11,10.42,,,EoN(2014-01-14) Electricity Aq 1yr
530,Flexirate 3,42,11,3,27,11.26,6.11,10.42,,,EoN(2014-01-14) Electricity Aq 1yr
539,Flexirate 3,49,11,4,27,11.26,6.11,10.42,,,EoN(2014-01-14) Electricity Aq 1yr
539,Flexirate 3,49,11,3,27,11.26,6.11,10.42,,,EoN(2014-01-14) Electricity Aq 1yr
530,Flexirate 3,37,11,4,27,11.26,6.11,10.42,,,EoN(2014-01-14) Electricity Aq 1yr
530,Flexirate 3,37,11,3,27,11.26,6.11,10.42,,,EoN(2014-01-14) Electricity Aq 1yr
539,Flexirate 3,52,11,4,27,11.26,6.11,10.42,,,EoN(2014-01-14) Electricity Aq 1yr
539,Flexirate 3,52,11,3,27,11.26,6.11,10.42,,,EoN(2014-01-14) Electricity Aq 1yr
539,Flexirate 3,113,11,4,27,11.26,6.11,10.42,,,EoN(2014-01-14) Electricity Aq 1yr
539,Flexirate 3,113,11,3,27,11.26,6.11,10.42,,,EoN(2014-01-14) Electricity Aq 1yr
530,Flexirate 3,12,11,4,27,11.26,6.11,10.42,,,EoN(2014-01-14) Electricity Aq 1yr
530,Flexirate 3,12,11,3,27,11.26,6.11,10.42,,,EoN(2014-01-14) Electricity Aq 1yr
530,Flexirate 3,13,11,4,27,11.26,6.11,10.42,,,EoN(2014-01-14) Electricity Aq 1yr
530,Flexirate 3,13,11,3,27,11.26,6.11,10.42,,,EoN(2014-01-14) Electricity Aq 1yr
530,Flexirate 3,14,11,4,27,11.26,6.11,10.42,,,EoN(2014-01-14) Electricity Aq 1yr
530,Flexirate 3,14,11,3,27,11.26,6.11,10.42,,,EoN(2014-01-14) Electricity Aq 1yr
530,Flexirate 3,15,11,4,27,11.26,6.11,10.42,,,EoN(2014-01-14) Electricity Aq 1yr
530,Flexirate 3,15,11,3,27,11.26,6.11,10.42,,,EoN(2014-01-14) Electricity Aq 1yr
530,Flexirate 3,17,11,4,27,11.26,6.11,10.42,,,EoN(2014-01-14) Electricity Aq 1yr
530,Flexirate 3,17,11,3,27,11.26,6.11,10.42,,,EoN(2014-01-14) Electricity Aq 1yr
530,Flexirate 3,28,11,4,27,11.26,6.11,10.42,,,EoN(2014-01-14) Electricity Aq 1yr
530,Flexirate 3,28,11,3,27,11.26,6.11,10.42,,,EoN(2014-01-14) Electricity Aq 1yr
539,Flexirate 3,12,11,4,27,11.26,6.11,10.42,,,EoN(2014-01-14) Electricity Aq 1yr
539,Flexirate 3,12,11,3,27,11.26,6.11,10.42,,,EoN(2014-01-14) Electricity Aq 1yr
539,Flexirate 3,48,11,4,27,11.26,6.11,10.42,,,EoN(2014-01-14) Electricity Aq 1yr
539,Flexirate 3,48,11,3,27,11.26,6.11,10.42,,,EoN(2014-01-14) Electricity Aq 1yr
829,Flexirate 3,50,11,4,27,11.26,6.11,10.42,,,EoN(2014-01-14) Electricity Aq 1yr
829,Flexirate 3,50,11,3,27,11.26,6.11,10.42,,,EoN(2014-01-14) Electricity Aq 1yr
829,Flexirate 3,49,11,4,27,11.26,6.11,10.42,,,EoN(2014-01-14) Electricity Aq 1yr
829,Flexirate 3,49,11,3,27,11.26,6.11,10.42,,,EoN(2014-01-14) Electricity Aq 1yr
829,Flexirate 3,44,11,4,27,11.26,6.11,10.42,,,EoN(2014-01-14) Electricity Aq 1yr
829,Flexirate 3,44,11,3,27,11.26,6.11,10.42,,,EoN(2014-01-14) Electricity Aq 1yr
829,Flexirate 3,42,11,4,27,11.26,6.11,10.42,,,EoN(2014-01-14) Electricity Aq 1yr
829,Flexirate 3,42,11,3,27,11.26,6.11,10.42,,,EoN(2014-01-14) Electricity Aq 1yr
829,Flexirate 3,37,11,4,27,11.26,6.11,10.42,,,EoN(2014-01-14) Electricity Aq 1yr
829,Flexirate 3,37,11,3,27,11.26,6.11,10.42,,,EoN(2014-01-14) Electricity Aq 1yr
829,Flexirate 3,48,11,4,27,11.26,6.11,10.42,,,EoN(2014-01-14) Electricity Aq 1yr
829,Flexirate 3,48,11,3,27,11.26,6.11,10.42,,,EoN(2014-01-14) Electricity Aq 1yr
829,Flexirate 3,52,11,4,27,11.26,6.11,10.42,,,EoN(2014-01-14) Electricity Aq 1yr
829,Flexirate 3,52,11,3,27,11.26,6.11,10.42,,,EoN(2014-01-14) Electricity Aq 1yr
829,Flexirate 3,113,11,4,27,11.26,6.11,10.42,,,EoN(2014-01-14) Electricity Aq 1yr
829,Flexirate 3,113,11,3,27,11.26,6.11,10.42,,,EoN(2014-01-14) Electricity Aq 1yr
829,Flexirate 3,128,11,4,27,11.26,6.11,10.42,,,EoN(2014-01-14) Electricity Aq 1yr
829,Flexirate 3,128,11,3,27,11.26,6.11,10.42,,,EoN(2014-01-14) Electricity Aq 1yr
829,Flexirate 3,149,11,4,27,11.26,6.11,10.42,,,EoN(2014-01-14) Electricity Aq 1yr
829,Flexirate 3,149,11,3,27,11.26,6.11,10.42,,,EoN(2014-01-14) Electricity Aq 1yr
828,Flexirate 3,49,11,4,27,11.26,6.11,10.42,,,EoN(2014-01-14) Electricity Aq 1yr
828,Flexirate 3,49,11,3,27,11.26,6.11,10.42,,,EoN(2014-01-14) Electricity Aq 1yr
829,Flexirate 3,34,11,4,27,11.26,6.11,10.42,,,EoN(2014-01-14) Electricity Aq 1yr
829,Flexirate 3,34,11,3,27,11.26,6.11,10.42,,,EoN(2014-01-14) Electricity Aq 1yr
829,Flexirate 3,134,11,4,27,11.26,6.11,10.42,,,EoN(2014-01-14) Electricity Aq 1yr
829,Flexirate 3,134,11,3,27,11.26,6.11,10.42,,,EoN(2014-01-14) Electricity Aq 1yr
828,Flexirate 3,128,11,4,27,11.26,6.11,10.42,,,EoN(2014-01-14) Electricity Aq 1yr
828,Flexirate 3,128,11,3,27,11.26,6.11,10.42,,,EoN(2014-01-14) Electricity Aq 1yr
828,Flexirate 3,12,11,4,27,11.26,6.11,10.42,,,EoN(2014-01-14) Electricity Aq 1yr
828,Flexirate 3,12,11,3,27,11.26,6.11,10.42,,,EoN(2014-01-14) Electricity Aq 1yr
828,Flexirate 3,13,11,4,27,11.26,6.11,10.42,,,EoN(2014-01-14) Electricity Aq 1yr
828,Flexirate 3,13,11,3,27,11.26,6.11,10.42,,,EoN(2014-01-14) Electricity Aq 1yr
828,Flexirate 3,14,11,4,27,11.26,6.11,10.42,,,EoN(2014-01-14) Electricity Aq 1yr
828,Flexirate 3,14,11,3,27,11.26,6.11,10.42,,,EoN(2014-01-14) Electricity Aq 1yr
828,Flexirate 3,15,11,4,27,11.26,6.11,10.42,,,EoN(2014-01-14) Electricity Aq 1yr
828,Flexirate 3,15,11,3,27,11.26,6.11,10.42,,,EoN(2014-01-14) Electricity Aq 1yr
828,Flexirate 3,17,11,4,27,11.26,6.11,10.42,,,EoN(2014-01-14) Electricity Aq 1yr
828,Flexirate 3,17,11,3,27,11.26,6.11,10.42,,,EoN(2014-01-14) Electricity Aq 1yr
828,Flexirate 3,28,11,4,27,11.26,6.11,10.42,,,EoN(2014-01-14) Electricity Aq 1yr
828,Flexirate 3,28,11,3,27,11.26,6.11,10.42,,,EoN(2014-01-14) Electricity Aq 1yr
828,Flexirate 3,34,11,4,27,11.26,6.11,10.42,,,EoN(2014-01-14) Electricity Aq 1yr
828,Flexirate 3,34,11,3,27,11.26,6.11,10.42,,,EoN(2014-01-14) Electricity Aq 1yr
828,Flexirate 3,37,11,4,27,11.26,6.11,10.42,,,EoN(2014-01-14) Electricity Aq 1yr
828,Flexirate 3,37,11,3,27,11.26,6.11,10.42,,,EoN(2014-01-14) Electricity Aq 1yr
828,Flexirate 3,42,11,4,27,11.26,6.11,10.42,,,EoN(2014-01-14) Electricity Aq 1yr
828,Flexirate 3,42,11,3,27,11.26,6.11,10.42,,,EoN(2014-01-14) Electricity Aq 1yr
828,Flexirate 3,44,11,4,27,11.26,6.11,10.42,,,EoN(2014-01-14) Electricity Aq 1yr
828,Flexirate 3,44,11,3,27,11.26,6.11,10.42,,,EoN(2014-01-14) Electricity Aq 1yr
828,Flexirate 3,48,11,4,27,11.26,6.11,10.42,,,EoN(2014-01-14) Electricity Aq 1yr
828,Flexirate 3,48,11,3,27,11.26,6.11,10.42,,,EoN(2014-01-14) Electricity Aq 1yr
828,Flexirate 3,52,11,4,27,11.26,6.11,10.42,,,EoN(2014-01-14) Electricity Aq 1yr
828,Flexirate 3,52,11,3,27,11.26,6.11,10.42,,,EoN(2014-01-14) Electricity Aq 1yr
828,Flexirate 3,113,11,4,27,11.26,6.11,10.42,,,EoN(2014-01-14) Electricity Aq 1yr
828,Flexirate 3,113,11,3,27,11.26,6.11,10.42,,,EoN(2014-01-14) Electricity Aq 1yr
829,Flexirate 3,28,11,4,27,11.26,6.11,10.42,,,EoN(2014-01-14) Electricity Aq 1yr
829,Flexirate 3,28,11,3,27,11.26,6.11,10.42,,,EoN(2014-01-14) Electricity Aq 1yr
828,Flexirate 3,134,11,4,27,11.26,6.11,10.42,,,EoN(2014-01-14) Electricity Aq 1yr
828,Flexirate 3,134,11,3,27,11.26,6.11,10.42,,,EoN(2014-01-14) Electricity Aq 1yr
828,Flexirate 3,149,11,4,27,11.26,6.11,10.42,,,EoN(2014-01-14) Electricity Aq 1yr
828,Flexirate 3,149,11,3,27,11.26,6.11,10.42,,,EoN(2014-01-14) Electricity Aq 1yr
829,Flexirate 3,12,11,4,27,11.26,6.11,10.42,,,EoN(2014-01-14) Electricity Aq 1yr
829,Flexirate 3,12,11,3,27,11.26,6.11,10.42,,,EoN(2014-01-14) Electricity Aq 1yr
829,Flexirate 3,13,11,4,27,11.26,6.11,10.42,,,EoN(2014-01-14) Electricity Aq 1yr
829,Flexirate 3,13,11,3,27,11.26,6.11,10.42,,,EoN(2014-01-14) Electricity Aq 1yr
829,Flexirate 3,14,11,4,27,11.26,6.11,10.42,,,EoN(2014-01-14) Electricity Aq 1yr
829,Flexirate 3,14,11,3,27,11.26,6.11,10.42,,,EoN(2014-01-14) Electricity Aq 1yr
829,Flexirate 3,15,11,4,27,11.26,6.11,10.42,,,EoN(2014-01-14) Electricity Aq 1yr
829,Flexirate 3,15,11,3,27,11.26,6.11,10.42,,,EoN(2014-01-14) Electricity Aq 1yr
829,Flexirate 3,17,11,4,27,11.26,6.11,10.42,,,EoN(2014-01-14) Electricity Aq 1yr
829,Flexirate 3,17,11,3,27,11.26,6.11,10.42,,,EoN(2014-01-14) Electricity Aq 1yr
828,Flexirate 3,50,11,4,27,11.26,6.11,10.42,,,EoN(2014-01-14) Electricity Aq 1yr
828,Flexirate 3,50,11,3,27,11.26,6.11,10.42,,,EoN(2014-01-14) Electricity Aq 1yr
25,Flexirate 3,53,11,4,27,11.26,6.11,10.42,,,EoN(2014-01-14) Electricity Aq 1yr
25,Flexirate 3,53,11,3,27,11.26,6.11,10.42,,,EoN(2014-01-14) Electricity Aq 1yr
25,Flexirate 3,113,11,4,27,11.26,6.11,10.42,,,EoN(2014-01-14) Electricity Aq 1yr
25,Flexirate 3,113,11,3,27,11.26,6.11,10.42,,,EoN(2014-01-14) Electricity Aq 1yr
25,Flexirate 3,131,11,4,27,11.26,6.11,10.42,,,EoN(2014-01-14) Electricity Aq 1yr
25,Flexirate 3,131,11,3,27,11.26,6.11,10.42,,,EoN(2014-01-14) Electricity Aq 1yr
546,Flexirate 3,37,11,4,27,11.26,6.11,10.42,,,EoN(2014-01-14) Electricity Aq 1yr
546,Flexirate 3,37,11,3,27,11.26,6.11,10.42,,,EoN(2014-01-14) Electricity Aq 1yr
552,Flexirate 3,37,11,4,27,11.26,6.11,10.42,,,EoN(2014-01-14) Electricity Aq 1yr
552,Flexirate 3,37,11,3,27,11.26,6.11,10.42,,,EoN(2014-01-14) Electricity Aq 1yr
552,Flexirate 3,45,11,4,27,11.26,6.11,10.42,,,EoN(2014-01-14) Electricity Aq 1yr
552,Flexirate 3,45,11,3,27,11.26,6.11,10.42,,,EoN(2014-01-14) Electricity Aq 1yr
552,Flexirate 3,47,11,4,27,11.26,6.11,10.42,,,EoN(2014-01-14) Electricity Aq 1yr
552,Flexirate 3,47,11,3,27,11.26,6.11,10.42,,,EoN(2014-01-14) Electricity Aq 1yr
546,Flexirate 3,31,11,4,27,11.26,6.11,10.42,,,EoN(2014-01-14) Electricity Aq 1yr
546,Flexirate 3,31,11,3,27,11.26,6.11,10.42,,,EoN(2014-01-14) Electricity Aq 1yr
25,Flexirate 3,134,11,4,27,11.26,6.11,10.42,,,EoN(2014-01-14) Electricity Aq 1yr
25,Flexirate 3,134,11,3,27,11.26,6.11,10.42,,,EoN(2014-01-14) Electricity Aq 1yr
546,Flexirate 3,15,11,4,27,11.26,6.11,10.42,,,EoN(2014-01-14) Electricity Aq 1yr
546,Flexirate 3,15,11,3,27,11.26,6.11,10.42,,,EoN(2014-01-14) Electricity Aq 1yr
546,Flexirate 3,14,11,4,27,11.26,6.11,10.42,,,EoN(2014-01-14) Electricity Aq 1yr
546,Flexirate 3,14,11,3,27,11.26,6.11,10.42,,,EoN(2014-01-14) Electricity Aq 1yr
25,Flexirate 3,152,11,4,27,11.26,6.11,10.42,,,EoN(2014-01-14) Electricity Aq 1yr
25,Flexirate 3,152,11,3,27,11.26,6.11,10.42,,,EoN(2014-01-14) Electricity Aq 1yr
552,Flexirate 3,134,11,4,27,11.26,6.11,10.42,,,EoN(2014-01-14) Electricity Aq 1yr
552,Flexirate 3,134,11,3,27,11.26,6.11,10.42,,,EoN(2014-01-14) Electricity Aq 1yr
25,Flexirate 3,52,11,4,27,11.26,6.11,10.42,,,EoN(2014-01-14) Electricity Aq 1yr
25,Flexirate 3,52,11,3,27,11.26,6.11,10.42,,,EoN(2014-01-14) Electricity Aq 1yr
552,Flexirate 3,13,11,4,27,11.26,6.11,10.42,,,EoN(2014-01-14) Electricity Aq 1yr
552,Flexirate 3,13,11,3,27,11.26,6.11,10.42,,,EoN(2014-01-14) Electricity Aq 1yr
546,Flexirate 3,34,11,4,27,11.26,6.11,10.42,,,EoN(2014-01-14) Electricity Aq 1yr
546,Flexirate 3,34,11,3,27,11.26,6.11,10.42,,,EoN(2014-01-14) Electricity Aq 1yr
552,Flexirate 3,12,11,4,27,11.26,6.11,10.42,,,EoN(2014-01-14) Electricity Aq 1yr
552,Flexirate 3,12,11,3,27,11.26,6.11,10.42,,,EoN(2014-01-14) Electricity Aq 1yr
25,Flexirate 3,14,11,4,27,11.26,6.11,10.42,,,EoN(2014-01-14) Electricity Aq 1yr
25,Flexirate 3,14,11,3,27,11.26,6.11,10.42,,,EoN(2014-01-14) Electricity Aq 1yr
25,Flexirate 3,12,11,4,27,11.26,6.11,10.42,,,EoN(2014-01-14) Electricity Aq 1yr
25,Flexirate 3,12,11,3,27,11.26,6.11,10.42,,,EoN(2014-01-14) Electricity Aq 1yr
546,Flexirate 3,45,11,4,27,11.26,6.11,10.42,,,EoN(2014-01-14) Electricity Aq 1yr
546,Flexirate 3,45,11,3,27,11.26,6.11,10.42,,,EoN(2014-01-14) Electricity Aq 1yr
546,Flexirate 3,17,11,4,27,11.26,6.11,10.42,,,EoN(2014-01-14) Electricity Aq 1yr
546,Flexirate 3,17,11,3,27,11.26,6.11,10.42,,,EoN(2014-01-14) Electricity Aq 1yr
25,Flexirate 3,15,11,4,27,11.26,6.11,10.42,,,EoN(2014-01-14) Electricity Aq 1yr
25,Flexirate 3,15,11,3,27,11.26,6.11,10.42,,,EoN(2014-01-14) Electricity Aq 1yr
25,Flexirate 3,17,11,4,27,11.26,6.11,10.42,,,EoN(2014-01-14) Electricity Aq 1yr
25,Flexirate 3,17,11,3,27,11.26,6.11,10.42,,,EoN(2014-01-14) Electricity Aq 1yr
25,Flexirate 3,31,11,4,27,11.26,6.11,10.42,,,EoN(2014-01-14) Electricity Aq 1yr
25,Flexirate 3,31,11,3,27,11.26,6.11,10.42,,,EoN(2014-01-14) Electricity Aq 1yr
552,Flexirate 3,31,11,4,27,11.26,6.11,10.42,,,EoN(2014-01-14) Electricity Aq 1yr
552,Flexirate 3,31,11,3,27,11.26,6.11,10.42,,,EoN(2014-01-14) Electricity Aq 1yr
552,Flexirate 3,51,11,4,27,11.26,6.11,10.42,,,EoN(2014-01-14) Electricity Aq 1yr
552,Flexirate 3,51,11,3,27,11.26,6.11,10.42,,,EoN(2014-01-14) Electricity Aq 1yr
552,Flexirate 3,17,11,4,27,11.26,6.11,10.42,,,EoN(2014-01-14) Electricity Aq 1yr
552,Flexirate 3,17,11,3,27,11.26,6.11,10.42,,,EoN(2014-01-14) Electricity Aq 1yr
25,Flexirate 3,51,11,4,27,11.26,6.11,10.42,,,EoN(2014-01-14) Electricity Aq 1yr
25,Flexirate 3,51,11,3,27,11.26,6.11,10.42,,,EoN(2014-01-14) Electricity Aq 1yr
25,Flexirate 3,34,11,4,27,11.26,6.11,10.42,,,EoN(2014-01-14) Electricity Aq 1yr
25,Flexirate 3,34,11,3,27,11.26,6.11,10.42,,,EoN(2014-01-14) Electricity Aq 1yr
25,Flexirate 3,37,11,4,27,11.26,6.11,10.42,,,EoN(2014-01-14) Electricity Aq 1yr
25,Flexirate 3,37,11,3,27,11.26,6.11,10.42,,,EoN(2014-01-14) Electricity Aq 1yr
25,Flexirate 3,45,11,4,27,11.26,6.11,10.42,,,EoN(2014-01-14) Electricity Aq 1yr
25,Flexirate 3,45,11,3,27,11.26,6.11,10.42,,,EoN(2014-01-14) Electricity Aq 1yr
25,Flexirate 3,13,11,4,27,11.26,6.11,10.42,,,EoN(2014-01-14) Electricity Aq 1yr
25,Flexirate 3,13,11,3,27,11.26,6.11,10.42,,,EoN(2014-01-14) Electricity Aq 1yr
552,Flexirate 3,52,11,4,27,11.26,6.11,10.42,,,EoN(2014-01-14) Electricity Aq 1yr
552,Flexirate 3,52,11,3,27,11.26,6.11,10.42,,,EoN(2014-01-14) Electricity Aq 1yr
546,Flexirate 3,12,11,4,27,11.26,6.11,10.42,,,EoN(2014-01-14) Electricity Aq 1yr
546,Flexirate 3,12,11,3,27,11.26,6.11,10.42,,,EoN(2014-01-14) Electricity Aq 1yr
546,Flexirate 3,13,11,4,27,11.26,6.11,10.42,,,EoN(2014-01-14) Electricity Aq 1yr
546,Flexirate 3,13,11,3,27,11.26,6.11,10.42,,,EoN(2014-01-14) Electricity Aq 1yr
25,Flexirate 3,47,11,4,27,11.26,6.11,10.42,,,EoN(2014-01-14) Electricity Aq 1yr
25,Flexirate 3,47,11,3,27,11.26,6.11,10.42,,,EoN(2014-01-14) Electricity Aq 1yr
552,Flexirate 3,34,11,4,27,11.26,6.11,10.42,,,EoN(2014-01-14) Electricity Aq 1yr
552,Flexirate 3,34,11,3,27,11.26,6.11,10.42,,,EoN(2014-01-14) Electricity Aq 1yr
28,Flexirate 3,47,11,4,27,11.26,6.11,10.42,,,EoN(2014-01-14) Electricity Aq 1yr
28,Flexirate 3,47,11,3,27,11.26,6.11,10.42,,,EoN(2014-01-14) Electricity Aq 1yr
28,Flexirate 3,13,11,4,27,11.26,6.11,10.42,,,EoN(2014-01-14) Electricity Aq 1yr
28,Flexirate 3,13,11,3,27,11.26,6.11,10.42,,,EoN(2014-01-14) Electricity Aq 1yr
28,Flexirate 3,14,11,4,27,11.26,6.11,10.42,,,EoN(2014-01-14) Electricity Aq 1yr
28,Flexirate 3,14,11,3,27,11.26,6.11,10.42,,,EoN(2014-01-14) Electricity Aq 1yr
28,Flexirate 3,15,11,4,27,11.26,6.11,10.42,,,EoN(2014-01-14) Electricity Aq 1yr
28,Flexirate 3,15,11,3,27,11.26,6.11,10.42,,,EoN(2014-01-14) Electricity Aq 1yr
28,Flexirate 3,17,11,4,27,11.26,6.11,10.42,,,EoN(2014-01-14) Electricity Aq 1yr
28,Flexirate 3,17,11,3,27,11.26,6.11,10.42,,,EoN(2014-01-14) Electricity Aq 1yr
28,Flexirate 3,31,11,4,27,11.26,6.11,10.42,,,EoN(2014-01-14) Electricity Aq 1yr
28,Flexirate 3,31,11,3,27,11.26,6.11,10.42,,,EoN(2014-01-14) Electricity Aq 1yr
28,Flexirate 3,34,11,4,27,11.26,6.11,10.42,,,EoN(2014-01-14) Electricity Aq 1yr
28,Flexirate 3,34,11,3,27,11.26,6.11,10.42,,,EoN(2014-01-14) Electricity Aq 1yr
28,Flexirate 3,12,11,4,27,11.26,6.11,10.42,,,EoN(2014-01-14) Electricity Aq 1yr
28,Flexirate 3,12,11,3,27,11.26,6.11,10.42,,,EoN(2014-01-14) Electricity Aq 1yr
28,Flexirate 3,45,11,4,27,11.26,6.11,10.42,,,EoN(2014-01-14) Electricity Aq 1yr
28,Flexirate 3,45,11,3,27,11.26,6.11,10.42,,,EoN(2014-01-14) Electricity Aq 1yr
28,Flexirate 3,51,11,4,27,11.26,6.11,10.42,,,EoN(2014-01-14) Electricity Aq 1yr
28,Flexirate 3,51,11,3,27,11.26,6.11,10.42,,,EoN(2014-01-14) Electricity Aq 1yr
28,Flexirate 3,52,11,4,27,11.26,6.11,10.42,,,EoN(2014-01-14) Electricity Aq 1yr
28,Flexirate 3,52,11,3,27,11.26,6.11,10.42,,,EoN(2014-01-14) Electricity Aq 1yr
28,Flexirate 3,113,11,4,27,11.26,6.11,10.42,,,EoN(2014-01-14) Electricity Aq 1yr
28,Flexirate 3,113,11,3,27,11.26,6.11,10.42,,,EoN(2014-01-14) Electricity Aq 1yr
28,Flexirate 3,131,11,4,27,11.26,6.11,10.42,,,EoN(2014-01-14) Electricity Aq 1yr
28,Flexirate 3,131,11,3,27,11.26,6.11,10.42,,,EoN(2014-01-14) Electricity Aq 1yr
28,Flexirate 3,134,11,4,27,11.26,6.11,10.42,,,EoN(2014-01-14) Electricity Aq 1yr
28,Flexirate 3,134,11,3,27,11.26,6.11,10.42,,,EoN(2014-01-14) Electricity Aq 1yr
28,Flexirate 3,152,11,4,27,11.26,6.11,10.42,,,EoN(2014-01-14) Electricity Aq 1yr
28,Flexirate 3,152,11,3,27,11.26,6.11,10.42,,,EoN(2014-01-14) Electricity Aq 1yr
546,Flexirate 3,47,11,4,27,11.26,6.11,10.42,,,EoN(2014-01-14) Electricity Aq 1yr
546,Flexirate 3,47,11,3,27,11.26,6.11,10.42,,,EoN(2014-01-14) Electricity Aq 1yr
28,Flexirate 3,37,11,4,27,11.26,6.11,10.42,,,EoN(2014-01-14) Electricity Aq 1yr
28,Flexirate 3,37,11,3,27,11.26,6.11,10.42,,,EoN(2014-01-14) Electricity Aq 1yr
552,Flexirate 3,15,11,4,27,11.26,6.11,10.42,,,EoN(2014-01-14) Electricity Aq 1yr
552,Flexirate 3,15,11,3,27,11.26,6.11,10.42,,,EoN(2014-01-14) Electricity Aq 1yr
552,Flexirate 3,152,11,4,27,11.26,6.11,10.42,,,EoN(2014-01-14) Electricity Aq 1yr
552,Flexirate 3,152,11,3,27,11.26,6.11,10.42,,,EoN(2014-01-14) Electricity Aq 1yr
28,Flexirate 3,53,11,4,27,11.26,6.11,10.42,,,EoN(2014-01-14) Electricity Aq 1yr
28,Flexirate 3,53,11,3,27,11.26,6.11,10.42,,,EoN(2014-01-14) Electricity Aq 1yr
546,Flexirate 3,131,11,4,27,11.26,6.11,10.42,,,EoN(2014-01-14) Electricity Aq 1yr
546,Flexirate 3,131,11,3,27,11.26,6.11,10.42,,,EoN(2014-01-14) Electricity Aq 1yr
546,Flexirate 3,134,11,4,27,11.26,6.11,10.42,,,EoN(2014-01-14) Electricity Aq 1yr
546,Flexirate 3,134,11,3,27,11.26,6.11,10.42,,,EoN(2014-01-14) Electricity Aq 1yr
546,Flexirate 3,52,11,4,27,11.26,6.11,10.42,,,EoN(2014-01-14) Electricity Aq 1yr
546,Flexirate 3,52,11,3,27,11.26,6.11,10.42,,,EoN(2014-01-14) Electricity Aq 1yr
546,Flexirate 3,53,11,4,27,11.26,6.11,10.42,,,EoN(2014-01-14) Electricity Aq 1yr
546,Flexirate 3,53,11,3,27,11.26,6.11,10.42,,,EoN(2014-01-14) Electricity Aq 1yr
546,Flexirate 3,113,11,4,27,11.26,6.11,10.42,,,EoN(2014-01-14) Electricity Aq 1yr
546,Flexirate 3,113,11,3,27,11.26,6.11,10.42,,,EoN(2014-01-14) Electricity Aq 1yr
552,Flexirate 3,131,11,4,27,11.26,6.11,10.42,,,EoN(2014-01-14) Electricity Aq 1yr
552,Flexirate 3,131,11,3,27,11.26,6.11,10.42,,,EoN(2014-01-14) Electricity Aq 1yr
552,Flexirate 3,14,11,4,27,11.26,6.11,10.42,,,EoN(2014-01-14) Electricity Aq 1yr
552,Flexirate 3,14,11,3,27,11.26,6.11,10.42,,,EoN(2014-01-14) Electricity Aq 1yr
552,Flexirate 3,113,11,4,27,11.26,6.11,10.42,,,EoN(2014-01-14) Electricity Aq 1yr
552,Flexirate 3,113,11,3,27,11.26,6.11,10.42,,,EoN(2014-01-14) Electricity Aq 1yr
552,Flexirate 3,53,11,4,27,11.26,6.11,10.42,,,EoN(2014-01-14) Electricity Aq 1yr
552,Flexirate 3,53,11,3,27,11.26,6.11,10.42,,,EoN(2014-01-14) Electricity Aq 1yr
546,Flexirate 3,51,11,4,27,11.26,6.11,10.42,,,EoN(2014-01-14) Electricity Aq 1yr
546,Flexirate 3,51,11,3,27,11.26,6.11,10.42,,,EoN(2014-01-14) Electricity Aq 1yr
546,Flexirate 3,152,11,4,27,11.26,6.11,10.42,,,EoN(2014-01-14) Electricity Aq 1yr
546,Flexirate 3,152,11,3,27,11.26,6.11,10.42,,,EoN(2014-01-14) Electricity Aq 1yr
152,Nightsaver,9,11,3,27,10.95,6.11,0,,,EoN(2014-01-14) Electricity Aq 1yr
152,Nightsaver,9,11,4,27,10.95,6.11,0,,,EoN(2014-01-14) Electricity Aq 1yr
112,Nightsaver,2,11,3,27,10.95,6.11,0,,,EoN(2014-01-14) Electricity Aq 1yr
112,Nightsaver,2,11,4,27,10.95,6.11,0,,,EoN(2014-01-14) Electricity Aq 1yr
544,Nightsaver,105,11,3,27,10.95,6.11,0,,,EoN(2014-01-14) Electricity Aq 1yr
544,Nightsaver,105,11,4,27,10.95,6.11,0,,,EoN(2014-01-14) Electricity Aq 1yr
108,Nightsaver,2,11,3,27,10.95,6.11,0,,,EoN(2014-01-14) Electricity Aq 1yr
108,Nightsaver,2,11,4,27,10.95,6.11,0,,,EoN(2014-01-14) Electricity Aq 1yr
650,Nightsaver,9,11,3,27,10.95,6.11,0,,,EoN(2014-01-14) Electricity Aq 1yr
650,Nightsaver,9,11,4,27,10.95,6.11,0,,,EoN(2014-01-14) Electricity Aq 1yr
23,Nightsaver,5,11,3,27,10.95,6.11,0,,,EoN(2014-01-14) Electricity Aq 1yr
23,Nightsaver,5,11,4,27,10.95,6.11,0,,,EoN(2014-01-14) Electricity Aq 1yr
615,Nightsaver,2,11,3,27,10.95,6.11,0,,,EoN(2014-01-14) Electricity Aq 1yr
615,Nightsaver,2,11,4,27,10.95,6.11,0,,,EoN(2014-01-14) Electricity Aq 1yr
26,Nightsaver,101,11,3,27,10.95,6.11,0,,,EoN(2014-01-14) Electricity Aq 1yr
26,Nightsaver,101,11,4,27,10.95,6.11,0,,,EoN(2014-01-14) Electricity Aq 1yr
26,Nightsaver,105,11,3,27,10.95,6.11,0,,,EoN(2014-01-14) Electricity Aq 1yr
26,Nightsaver,105,11,4,27,10.95,6.11,0,,,EoN(2014-01-14) Electricity Aq 1yr
108,Nightsaver,9,11,3,27,10.95,6.11,0,,,EoN(2014-01-14) Electricity Aq 1yr
108,Nightsaver,9,11,4,27,10.95,6.11,0,,,EoN(2014-01-14) Electricity Aq 1yr
26,Nightsaver,1,11,3,27,10.95,6.11,0,,,EoN(2014-01-14) Electricity Aq 1yr
26,Nightsaver,1,11,4,27,10.95,6.11,0,,,EoN(2014-01-14) Electricity Aq 1yr
26,Nightsaver,3,11,3,27,10.95,6.11,0,,,EoN(2014-01-14) Electricity Aq 1yr
26,Nightsaver,3,11,4,27,10.95,6.11,0,,,EoN(2014-01-14) Electricity Aq 1yr
550,Nightsaver,1,11,3,27,10.95,6.11,0,,,EoN(2014-01-14) Electricity Aq 1yr
550,Nightsaver,1,11,4,27,10.95,6.11,0,,,EoN(2014-01-14) Electricity Aq 1yr
112,Nightsaver,3,11,3,27,10.95,6.11,0,,,EoN(2014-01-14) Electricity Aq 1yr
112,Nightsaver,3,11,4,27,10.95,6.11,0,,,EoN(2014-01-14) Electricity Aq 1yr
615,Nightsaver,9,11,3,27,10.95,6.11,0,,,EoN(2014-01-14) Electricity Aq 1yr
615,Nightsaver,9,11,4,27,10.95,6.11,0,,,EoN(2014-01-14) Electricity Aq 1yr
650,Nightsaver,3,11,3,27,10.95,6.11,0,,,EoN(2014-01-14) Electricity Aq 1yr
650,Nightsaver,3,11,4,27,10.95,6.11,0,,,EoN(2014-01-14) Electricity Aq 1yr
544,Nightsaver,101,11,3,27,10.95,6.11,0,,,EoN(2014-01-14) Electricity Aq 1yr
544,Nightsaver,101,11,4,27,10.95,6.11,0,,,EoN(2014-01-14) Electricity Aq 1yr
544,Nightsaver,5,11,3,27,10.95,6.11,0,,,EoN(2014-01-14) Electricity Aq 1yr
544,Nightsaver,5,11,4,27,10.95,6.11,0,,,EoN(2014-01-14) Electricity Aq 1yr
23,Nightsaver,1,11,3,27,10.95,6.11,0,,,EoN(2014-01-14) Electricity Aq 1yr
23,Nightsaver,1,11,4,27,10.95,6.11,0,,,EoN(2014-01-14) Electricity Aq 1yr
23,Nightsaver,3,11,3,27,10.95,6.11,0,,,EoN(2014-01-14) Electricity Aq 1yr
23,Nightsaver,3,11,4,27,10.95,6.11,0,,,EoN(2014-01-14) Electricity Aq 1yr
544,Nightsaver,3,11,3,27,10.95,6.11,0,,,EoN(2014-01-14) Electricity Aq 1yr
544,Nightsaver,3,11,4,27,10.95,6.11,0,,,EoN(2014-01-14) Electricity Aq 1yr
544,Nightsaver,1,11,3,27,10.95,6.11,0,,,EoN(2014-01-14) Electricity Aq 1yr
544,Nightsaver,1,11,4,27,10.95,6.11,0,,,EoN(2014-01-14) Electricity Aq 1yr
152,Nightsaver,3,11,3,27,10.95,6.11,0,,,EoN(2014-01-14) Electricity Aq 1yr
152,Nightsaver,3,11,4,27,10.95,6.11,0,,,EoN(2014-01-14) Electricity Aq 1yr
152,Nightsaver,2,11,3,27,10.95,6.11,0,,,EoN(2014-01-14) Electricity Aq 1yr
152,Nightsaver,2,11,4,27,10.95,6.11,0,,,EoN(2014-01-14) Electricity Aq 1yr
23,Nightsaver,101,11,3,27,10.95,6.11,0,,,EoN(2014-01-14) Electricity Aq 1yr
23,Nightsaver,101,11,4,27,10.95,6.11,0,,,EoN(2014-01-14) Electricity Aq 1yr
23,Nightsaver,105,11,3,27,10.95,6.11,0,,,EoN(2014-01-14) Electricity Aq 1yr
23,Nightsaver,105,11,4,27,10.95,6.11,0,,,EoN(2014-01-14) Electricity Aq 1yr
655,Nightsaver,3,11,3,27,10.95,6.11,0,,,EoN(2014-01-14) Electricity Aq 1yr
655,Nightsaver,3,11,4,27,10.95,6.11,0,,,EoN(2014-01-14) Electricity Aq 1yr
655,Nightsaver,2,11,3,27,10.95,6.11,0,,,EoN(2014-01-14) Electricity Aq 1yr
655,Nightsaver,2,11,4,27,10.95,6.11,0,,,EoN(2014-01-14) Electricity Aq 1yr
615,Nightsaver,3,11,3,27,10.95,6.11,0,,,EoN(2014-01-14) Electricity Aq 1yr
615,Nightsaver,3,11,4,27,10.95,6.11,0,,,EoN(2014-01-14) Electricity Aq 1yr
610,Nightsaver,3,11,3,27,10.95,6.11,0,,,EoN(2014-01-14) Electricity Aq 1yr
610,Nightsaver,3,11,4,27,10.95,6.11,0,,,EoN(2014-01-14) Electricity Aq 1yr
650,Nightsaver,2,11,3,27,10.95,6.11,0,,,EoN(2014-01-14) Electricity Aq 1yr
650,Nightsaver,2,11,4,27,10.95,6.11,0,,,EoN(2014-01-14) Electricity Aq 1yr
148,Nightsaver,2,11,3,27,10.95,6.11,0,,,EoN(2014-01-14) Electricity Aq 1yr
148,Nightsaver,2,11,4,27,10.95,6.11,0,,,EoN(2014-01-14) Electricity Aq 1yr
655,Nightsaver,9,11,3,27,10.95,6.11,0,,,EoN(2014-01-14) Electricity Aq 1yr
655,Nightsaver,9,11,4,27,10.95,6.11,0,,,EoN(2014-01-14) Electricity Aq 1yr
148,Nightsaver,3,11,3,27,10.95,6.11,0,,,EoN(2014-01-14) Electricity Aq 1yr
148,Nightsaver,3,11,4,27,10.95,6.11,0,,,EoN(2014-01-14) Electricity Aq 1yr
610,Nightsaver,2,11,3,27,10.95,6.11,0,,,EoN(2014-01-14) Electricity Aq 1yr
610,Nightsaver,2,11,4,27,10.95,6.11,0,,,EoN(2014-01-14) Electricity Aq 1yr
550,Nightsaver,5,11,3,27,10.95,6.11,0,,,EoN(2014-01-14) Electricity Aq 1yr
550,Nightsaver,5,11,4,27,10.95,6.11,0,,,EoN(2014-01-14) Electricity Aq 1yr
610,Nightsaver,9,11,3,27,10.95,6.11,0,,,EoN(2014-01-14) Electricity Aq 1yr
610,Nightsaver,9,11,4,27,10.95,6.11,0,,,EoN(2014-01-14) Electricity Aq 1yr
550,Nightsaver,105,11,3,27,10.95,6.11,0,,,EoN(2014-01-14) Electricity Aq 1yr
550,Nightsaver,105,11,4,27,10.95,6.11,0,,,EoN(2014-01-14) Electricity Aq 1yr
112,Nightsaver,9,11,3,27,10.95,6.11,0,,,EoN(2014-01-14) Electricity Aq 1yr
112,Nightsaver,9,11,4,27,10.95,6.11,0,,,EoN(2014-01-14) Electricity Aq 1yr
26,Nightsaver,5,11,3,27,10.95,6.11,0,,,EoN(2014-01-14) Electricity Aq 1yr
26,Nightsaver,5,11,4,27,10.95,6.11,0,,,EoN(2014-01-14) Electricity Aq 1yr
550,Nightsaver,3,11,3,27,10.95,6.11,0,,,EoN(2014-01-14) Electricity Aq 1yr
550,Nightsaver,3,11,4,27,10.95,6.11,0,,,EoN(2014-01-14) Electricity Aq 1yr
108,Nightsaver,3,11,3,27,10.95,6.11,0,,,EoN(2014-01-14) Electricity Aq 1yr
108,Nightsaver,3,11,4,27,10.95,6.11,0,,,EoN(2014-01-14) Electricity Aq 1yr
550,Nightsaver,101,11,3,27,10.95,6.11,0,,,EoN(2014-01-14) Electricity Aq 1yr
550,Nightsaver,101,11,4,27,10.95,6.11,0,,,EoN(2014-01-14) Electricity Aq 1yr
148,Nightsaver,9,11,3,27,10.95,6.11,0,,,EoN(2014-01-14) Electricity Aq 1yr
148,Nightsaver,9,11,4,27,10.95,6.11,0,,,EoN(2014-01-14) Electricity Aq 1yr
24,Nightsaver,3,11,3,27,10.95,6.11,0,,,EoN(2014-01-14) Electricity Aq 1yr
24,Nightsaver,3,11,4,27,10.95,6.11,0,,,EoN(2014-01-14) Electricity Aq 1yr
153,Nightsaver,2,11,3,27,10.95,6.11,0,,,EoN(2014-01-14) Electricity Aq 1yr
153,Nightsaver,2,11,4,27,10.95,6.11,0,,,EoN(2014-01-14) Electricity Aq 1yr
545,Nightsaver,101,11,3,27,10.95,6.11,0,,,EoN(2014-01-14) Electricity Aq 1yr
545,Nightsaver,101,11,4,27,10.95,6.11,0,,,EoN(2014-01-14) Electricity Aq 1yr
545,Nightsaver,5,11,3,27,10.95,6.11,0,,,EoN(2014-01-14) Electricity Aq 1yr
545,Nightsaver,5,11,4,27,10.95,6.11,0,,,EoN(2014-01-14) Electricity Aq 1yr
545,Nightsaver,105,11,3,27,10.95,6.11,0,,,EoN(2014-01-14) Electricity Aq 1yr
545,Nightsaver,105,11,4,27,10.95,6.11,0,,,EoN(2014-01-14) Electricity Aq 1yr
545,Nightsaver,3,11,3,27,10.95,6.11,0,,,EoN(2014-01-14) Electricity Aq 1yr
545,Nightsaver,3,11,4,27,10.95,6.11,0,,,EoN(2014-01-14) Electricity Aq 1yr
545,Nightsaver,1,11,3,27,10.95,6.11,0,,,EoN(2014-01-14) Electricity Aq 1yr
545,Nightsaver,1,11,4,27,10.95,6.11,0,,,EoN(2014-01-14) Electricity Aq 1yr
611,Nightsaver,2,11,3,27,10.95,6.11,0,,,EoN(2014-01-14) Electricity Aq 1yr
611,Nightsaver,2,11,4,27,10.95,6.11,0,,,EoN(2014-01-14) Electricity Aq 1yr
611,Nightsaver,3,11,3,27,10.95,6.11,0,,,EoN(2014-01-14) Electricity Aq 1yr
611,Nightsaver,3,11,4,27,10.95,6.11,0,,,EoN(2014-01-14) Electricity Aq 1yr
24,Nightsaver,101,11,3,27,10.95,6.11,0,,,EoN(2014-01-14) Electricity Aq 1yr
24,Nightsaver,101,11,4,27,10.95,6.11,0,,,EoN(2014-01-14) Electricity Aq 1yr
24,Nightsaver,105,11,3,27,10.95,6.11,0,,,EoN(2014-01-14) Electricity Aq 1yr
24,Nightsaver,105,11,4,27,10.95,6.11,0,,,EoN(2014-01-14) Electricity Aq 1yr
27,Nightsaver,1,11,3,27,10.95,6.11,0,,,EoN(2014-01-14) Electricity Aq 1yr
27,Nightsaver,1,11,4,27,10.95,6.11,0,,,EoN(2014-01-14) Electricity Aq 1yr
113,Nightsaver,2,11,3,27,10.95,6.11,0,,,EoN(2014-01-14) Electricity Aq 1yr
113,Nightsaver,2,11,4,27,10.95,6.11,0,,,EoN(2014-01-14) Electricity Aq 1yr
113,Nightsaver,3,11,3,27,10.95,6.11,0,,,EoN(2014-01-14) Electricity Aq 1yr
113,Nightsaver,3,11,4,27,10.95,6.11,0,,,EoN(2014-01-14) Electricity Aq 1yr
24,Nightsaver,5,11,3,27,10.95,6.11,0,,,EoN(2014-01-14) Electricity Aq 1yr
24,Nightsaver,5,11,4,27,10.95,6.11,0,,,EoN(2014-01-14) Electricity Aq 1yr
27,Nightsaver,3,11,3,27,10.95,6.11,0,,,EoN(2014-01-14) Electricity Aq 1yr
27,Nightsaver,3,11,4,27,10.95,6.11,0,,,EoN(2014-01-14) Electricity Aq 1yr
616,Nightsaver,2,11,3,27,10.95,6.11,0,,,EoN(2014-01-14) Electricity Aq 1yr
616,Nightsaver,2,11,4,27,10.95,6.11,0,,,EoN(2014-01-14) Electricity Aq 1yr
616,Nightsaver,3,11,3,27,10.95,6.11,0,,,EoN(2014-01-14) Electricity Aq 1yr
616,Nightsaver,3,11,4,27,10.95,6.11,0,,,EoN(2014-01-14) Electricity Aq 1yr
616,Nightsaver,9,11,3,27,10.95,6.11,0,,,EoN(2014-01-14) Electricity Aq 1yr
616,Nightsaver,9,11,4,27,10.95,6.11,0,,,EoN(2014-01-14) Electricity Aq 1yr
611,Nightsaver,9,11,3,27,10.95,6.11,0,,,EoN(2014-01-14) Electricity Aq 1yr
611,Nightsaver,9,11,4,27,10.95,6.11,0,,,EoN(2014-01-14) Electricity Aq 1yr
551,Nightsaver,105,11,3,27,10.95,6.11,0,,,EoN(2014-01-14) Electricity Aq 1yr
551,Nightsaver,105,11,4,27,10.95,6.11,0,,,EoN(2014-01-14) Electricity Aq 1yr
149,Nightsaver,3,11,3,27,10.95,6.11,0,,,EoN(2014-01-14) Electricity Aq 1yr
149,Nightsaver,3,11,4,27,10.95,6.11,0,,,EoN(2014-01-14) Electricity Aq 1yr
109,Nightsaver,2,11,3,27,10.95,6.11,0,,,EoN(2014-01-14) Electricity Aq 1yr
109,Nightsaver,2,11,4,27,10.95,6.11,0,,,EoN(2014-01-14) Electricity Aq 1yr
149,Nightsaver,2,11,3,27,10.95,6.11,0,,,EoN(2014-01-14) Electricity Aq 1yr
149,Nightsaver,2,11,4,27,10.95,6.11,0,,,EoN(2014-01-14) Electricity Aq 1yr
651,Nightsaver,2,11,3,27,10.95,6.11,0,,,EoN(2014-01-14) Electricity Aq 1yr
651,Nightsaver,2,11,4,27,10.95,6.11,0,,,EoN(2014-01-14) Electricity Aq 1yr
149,Nightsaver,9,11,3,27,10.95,6.11,0,,,EoN(2014-01-14) Electricity Aq 1yr
149,Nightsaver,9,11,4,27,10.95,6.11,0,,,EoN(2014-01-14) Electricity Aq 1yr
656,Nightsaver,9,11,3,27,10.95,6.11,0,,,EoN(2014-01-14) Electricity Aq 1yr
656,Nightsaver,9,11,4,27,10.95,6.11,0,,,EoN(2014-01-14) Electricity Aq 1yr
656,Nightsaver,3,11,3,27,10.95,6.11,0,,,EoN(2014-01-14) Electricity Aq 1yr
656,Nightsaver,3,11,4,27,10.95,6.11,0,,,EoN(2014-01-14) Electricity Aq 1yr
651,Nightsaver,3,11,3,27,10.95,6.11,0,,,EoN(2014-01-14) Electricity Aq 1yr
651,Nightsaver,3,11,4,27,10.95,6.11,0,,,EoN(2014-01-14) Electricity Aq 1yr
551,Nightsaver,101,11,3,27,10.95,6.11,0,,,EoN(2014-01-14) Electricity Aq 1yr
551,Nightsaver,101,11,4,27,10.95,6.11,0,,,EoN(2014-01-14) Electricity Aq 1yr
109,Nightsaver,9,11,3,27,10.95,6.11,0,,,EoN(2014-01-14) Electricity Aq 1yr
109,Nightsaver,9,11,4,27,10.95,6.11,0,,,EoN(2014-01-14) Electricity Aq 1yr
27,Nightsaver,5,11,3,27,10.95,6.11,0,,,EoN(2014-01-14) Electricity Aq 1yr
27,Nightsaver,5,11,4,27,10.95,6.11,0,,,EoN(2014-01-14) Electricity Aq 1yr
551,Nightsaver,3,11,3,27,10.95,6.11,0,,,EoN(2014-01-14) Electricity Aq 1yr
551,Nightsaver,3,11,4,27,10.95,6.11,0,,,EoN(2014-01-14) Electricity Aq 1yr
109,Nightsaver,3,11,3,27,10.95,6.11,0,,,EoN(2014-01-14) Electricity Aq 1yr
109,Nightsaver,3,11,4,27,10.95,6.11,0,,,EoN(2014-01-14) Electricity Aq 1yr
651,Nightsaver,9,11,3,27,10.95,6.11,0,,,EoN(2014-01-14) Electricity Aq 1yr
651,Nightsaver,9,11,4,27,10.95,6.11,0,,,EoN(2014-01-14) Electricity Aq 1yr
113,Nightsaver,9,11,3,27,10.95,6.11,0,,,EoN(2014-01-14) Electricity Aq 1yr
113,Nightsaver,9,11,4,27,10.95,6.11,0,,,EoN(2014-01-14) Electricity Aq 1yr
551,Nightsaver,1,11,3,27,10.95,6.11,0,,,EoN(2014-01-14) Electricity Aq 1yr
551,Nightsaver,1,11,4,27,10.95,6.11,0,,,EoN(2014-01-14) Electricity Aq 1yr
27,Nightsaver,101,11,3,27,10.95,6.11,0,,,EoN(2014-01-14) Electricity Aq 1yr
27,Nightsaver,101,11,4,27,10.95,6.11,0,,,EoN(2014-01-14) Electricity Aq 1yr
551,Nightsaver,5,11,3,27,10.95,6.11,0,,,EoN(2014-01-14) Electricity Aq 1yr
551,Nightsaver,5,11,4,27,10.95,6.11,0,,,EoN(2014-01-14) Electricity Aq 1yr
27,Nightsaver,105,11,3,27,10.95,6.11,0,,,EoN(2014-01-14) Electricity Aq 1yr
27,Nightsaver,105,11,4,27,10.95,6.11,0,,,EoN(2014-01-14) Electricity Aq 1yr
24,Nightsaver,1,11,3,27,10.95,6.11,0,,,EoN(2014-01-14) Electricity Aq 1yr
24,Nightsaver,1,11,4,27,10.95,6.11,0,,,EoN(2014-01-14) Electricity Aq 1yr
153,Nightsaver,3,11,3,27,10.95,6.11,0,,,EoN(2014-01-14) Electricity Aq 1yr
153,Nightsaver,3,11,4,27,10.95,6.11,0,,,EoN(2014-01-14) Electricity Aq 1yr
153,Nightsaver,9,11,3,27,10.95,6.11,0,,,EoN(2014-01-14) Electricity Aq 1yr
153,Nightsaver,9,11,4,27,10.95,6.11,0,,,EoN(2014-01-14) Electricity Aq 1yr
656,Nightsaver,2,11,3,27,10.95,6.11,0,,,EoN(2014-01-14) Electricity Aq 1yr
656,Nightsaver,2,11,4,27,10.95,6.11,0,,,EoN(2014-01-14) Electricity Aq 1yr
500,Baserate,165,11,4,27,10.3,0,0,,,EoN(2014-01-14) Electricity Aq 1yr
500,Baserate,165,11,3,27,10.3,0,0,,,EoN(2014-01-14) Electricity Aq 1yr
500,Baserate,17,11,4,27,10.3,0,0,,,EoN(2014-01-14) Electricity Aq 1yr
500,Baserate,17,11,3,27,10.3,0,0,,,EoN(2014-01-14) Electricity Aq 1yr
500,Baserate,34,11,4,27,10.3,0,0,,,EoN(2014-01-14) Electricity Aq 1yr
500,Baserate,34,11,3,27,10.3,0,0,,,EoN(2014-01-14) Electricity Aq 1yr
500,Baserate,81,11,4,27,10.3,0,0,,,EoN(2014-01-14) Electricity Aq 1yr
500,Baserate,81,11,3,27,10.3,0,0,,,EoN(2014-01-14) Electricity Aq 1yr
500,Baserate,85,11,4,27,10.3,0,0,,,EoN(2014-01-14) Electricity Aq 1yr
500,Baserate,85,11,3,27,10.3,0,0,,,EoN(2014-01-14) Electricity Aq 1yr
500,Baserate,90,11,4,27,10.3,0,0,,,EoN(2014-01-14) Electricity Aq 1yr
500,Baserate,90,11,3,27,10.3,0,0,,,EoN(2014-01-14) Electricity Aq 1yr
500,Baserate,98,11,4,27,10.3,0,0,,,EoN(2014-01-14) Electricity Aq 1yr
500,Baserate,98,11,3,27,10.3,0,0,,,EoN(2014-01-14) Electricity Aq 1yr
500,Baserate,99,11,4,27,10.3,0,0,,,EoN(2014-01-14) Electricity Aq 1yr
500,Baserate,99,11,3,27,10.3,0,0,,,EoN(2014-01-14) Electricity Aq 1yr
500,Baserate,101,11,4,27,10.3,0,0,,,EoN(2014-01-14) Electricity Aq 1yr
500,Baserate,101,11,3,27,10.3,0,0,,,EoN(2014-01-14) Electricity Aq 1yr
500,Baserate,134,11,4,27,10.3,0,0,,,EoN(2014-01-14) Electricity Aq 1yr
500,Baserate,134,11,3,27,10.3,0,0,,,EoN(2014-01-14) Electricity Aq 1yr
500,Baserate,178,11,4,27,10.3,0,0,,,EoN(2014-01-14) Electricity Aq 1yr
500,Baserate,178,11,3,27,10.3,0,0,,,EoN(2014-01-14) Electricity Aq 1yr
500,Baserate,179,11,4,27,10.3,0,0,,,EoN(2014-01-14) Electricity Aq 1yr
500,Baserate,179,11,3,27,10.3,0,0,,,EoN(2014-01-14) Electricity Aq 1yr
500,Baserate,953,11,4,27,10.3,0,0,,,EoN(2014-01-14) Electricity Aq 1yr
500,Baserate,953,11,3,27,10.3,0,0,,,EoN(2014-01-14) Electricity Aq 1yr
500,Baserate,954,11,4,27,10.3,0,0,,,EoN(2014-01-14) Electricity Aq 1yr
500,Baserate,954,11,3,27,10.3,0,0,,,EoN(2014-01-14) Electricity Aq 1yr
500,Baserate,955,11,4,27,10.3,0,0,,,EoN(2014-01-14) Electricity Aq 1yr
500,Baserate,955,11,3,27,10.3,0,0,,,EoN(2014-01-14) Electricity Aq 1yr
500,Baserate,13,11,4,27,10.3,0,0,,,EoN(2014-01-14) Electricity Aq 1yr
500,Baserate,13,11,3,27,10.3,0,0,,,EoN(2014-01-14) Electricity Aq 1yr
500,Baserate,12,11,4,27,10.3,0,0,,,EoN(2014-01-14) Electricity Aq 1yr
500,Baserate,12,11,3,27,10.3,0,0,,,EoN(2014-01-14) Electricity Aq 1yr
500,Baserate,15,11,4,27,10.3,0,0,,,EoN(2014-01-14) Electricity Aq 1yr
500,Baserate,15,11,3,27,10.3,0,0,,,EoN(2014-01-14) Electricity Aq 1yr
500,Baserate,1,11,4,27,10.3,0,0,,,EoN(2014-01-14) Electricity Aq 1yr
500,Baserate,1,11,3,27,10.3,0,0,,,EoN(2014-01-14) Electricity Aq 1yr
500,Baserate,113,11,4,27,10.3,0,0,,,EoN(2014-01-14) Electricity Aq 1yr
500,Baserate,113,11,3,27,10.3,0,0,,,EoN(2014-01-14) Electricity Aq 1yr
500,Baserate,14,11,4,27,10.3,0,0,,,EoN(2014-01-14) Electricity Aq 1yr
500,Baserate,14,11,3,27,10.3,0,0,,,EoN(2014-01-14) Electricity Aq 1yr
661,Baserate,134,11,4,27,10.3,0,0,,,EoN(2014-01-14) Electricity Aq 1yr
661,Baserate,134,11,3,27,10.3,0,0,,,EoN(2014-01-14) Electricity Aq 1yr
661,Baserate,34,11,4,27,10.3,0,0,,,EoN(2014-01-14) Electricity Aq 1yr
661,Baserate,34,11,3,27,10.3,0,0,,,EoN(2014-01-14) Electricity Aq 1yr
661,Baserate,955,11,4,27,10.3,0,0,,,EoN(2014-01-14) Electricity Aq 1yr
661,Baserate,955,11,3,27,10.3,0,0,,,EoN(2014-01-14) Electricity Aq 1yr
661,Baserate,954,11,4,27,10.3,0,0,,,EoN(2014-01-14) Electricity Aq 1yr
661,Baserate,954,11,3,27,10.3,0,0,,,EoN(2014-01-14) Electricity Aq 1yr
661,Baserate,953,11,4,27,10.3,0,0,,,EoN(2014-01-14) Electricity Aq 1yr
661,Baserate,953,11,3,27,10.3,0,0,,,EoN(2014-01-14) Electricity Aq 1yr
661,Baserate,179,11,4,27,10.3,0,0,,,EoN(2014-01-14) Electricity Aq 1yr
661,Baserate,179,11,3,27,10.3,0,0,,,EoN(2014-01-14) Electricity Aq 1yr
661,Baserate,165,11,4,27,10.3,0,0,,,EoN(2014-01-14) Electricity Aq 1yr
661,Baserate,165,11,3,27,10.3,0,0,,,EoN(2014-01-14) Electricity Aq 1yr
661,Baserate,113,11,4,27,10.3,0,0,,,EoN(2014-01-14) Electricity Aq 1yr
661,Baserate,113,11,3,27,10.3,0,0,,,EoN(2014-01-14) Electricity Aq 1yr
661,Baserate,101,11,4,27,10.3,0,0,,,EoN(2014-01-14) Electricity Aq 1yr
661,Baserate,101,11,3,27,10.3,0,0,,,EoN(2014-01-14) Electricity Aq 1yr
661,Baserate,99,11,4,27,10.3,0,0,,,EoN(2014-01-14) Electricity Aq 1yr
661,Baserate,99,11,3,27,10.3,0,0,,,EoN(2014-01-14) Electricity Aq 1yr
661,Baserate,98,11,4,27,10.3,0,0,,,EoN(2014-01-14) Electricity Aq 1yr
661,Baserate,98,11,3,27,10.3,0,0,,,EoN(2014-01-14) Electricity Aq 1yr
661,Baserate,90,11,4,27,10.3,0,0,,,EoN(2014-01-14) Electricity Aq 1yr
661,Baserate,90,11,3,27,10.3,0,0,,,EoN(2014-01-14) Electricity Aq 1yr
661,Baserate,85,11,4,27,10.3,0,0,,,EoN(2014-01-14) Electricity Aq 1yr
661,Baserate,85,11,3,27,10.3,0,0,,,EoN(2014-01-14) Electricity Aq 1yr
22,Baserate,14,11,4,27,10.3,0,0,,,EoN(2014-01-14) Electricity Aq 1yr
22,Baserate,14,11,3,27,10.3,0,0,,,EoN(2014-01-14) Electricity Aq 1yr
661,Baserate,178,11,4,27,10.3,0,0,,,EoN(2014-01-14) Electricity Aq 1yr
661,Baserate,178,11,3,27,10.3,0,0,,,EoN(2014-01-14) Electricity Aq 1yr
22,Baserate,113,11,4,27,10.3,0,0,,,EoN(2014-01-14) Electricity Aq 1yr
22,Baserate,113,11,3,27,10.3,0,0,,,EoN(2014-01-14) Electricity Aq 1yr
22,Baserate,1,11,4,27,10.3,0,0,,,EoN(2014-01-14) Electricity Aq 1yr
22,Baserate,1,11,3,27,10.3,0,0,,,EoN(2014-01-14) Electricity Aq 1yr
22,Baserate,17,11,4,27,10.3,0,0,,,EoN(2014-01-14) Electricity Aq 1yr
22,Baserate,17,11,3,27,10.3,0,0,,,EoN(2014-01-14) Electricity Aq 1yr
22,Baserate,34,11,4,27,10.3,0,0,,,EoN(2014-01-14) Electricity Aq 1yr
22,Baserate,34,11,3,27,10.3,0,0,,,EoN(2014-01-14) Electricity Aq 1yr
22,Baserate,81,11,4,27,10.3,0,0,,,EoN(2014-01-14) Electricity Aq 1yr
22,Baserate,81,11,3,27,10.3,0,0,,,EoN(2014-01-14) Electricity Aq 1yr
22,Baserate,85,11,4,27,10.3,0,0,,,EoN(2014-01-14) Electricity Aq 1yr
22,Baserate,85,11,3,27,10.3,0,0,,,EoN(2014-01-14) Electricity Aq 1yr
22,Baserate,90,11,4,27,10.3,0,0,,,EoN(2014-01-14) Electricity Aq 1yr
22,Baserate,90,11,3,27,10.3,0,0,,,EoN(2014-01-14) Electricity Aq 1yr
22,Baserate,98,11,4,27,10.3,0,0,,,EoN(2014-01-14) Electricity Aq 1yr
22,Baserate,98,11,3,27,10.3,0,0,,,EoN(2014-01-14) Electricity Aq 1yr
22,Baserate,101,11,4,27,10.3,0,0,,,EoN(2014-01-14) Electricity Aq 1yr
22,Baserate,101,11,3,27,10.3,0,0,,,EoN(2014-01-14) Electricity Aq 1yr
661,Baserate,17,11,4,27,10.3,0,0,,,EoN(2014-01-14) Electricity Aq 1yr
661,Baserate,17,11,3,27,10.3,0,0,,,EoN(2014-01-14) Electricity Aq 1yr
22,Baserate,134,11,4,27,10.3,0,0,,,EoN(2014-01-14) Electricity Aq 1yr
22,Baserate,134,11,3,27,10.3,0,0,,,EoN(2014-01-14) Electricity Aq 1yr
22,Baserate,165,11,4,27,10.3,0,0,,,EoN(2014-01-14) Electricity Aq 1yr
22,Baserate,165,11,3,27,10.3,0,0,,,EoN(2014-01-14) Electricity Aq 1yr
22,Baserate,178,11,4,27,10.3,0,0,,,EoN(2014-01-14) Electricity Aq 1yr
22,Baserate,178,11,3,27,10.3,0,0,,,EoN(2014-01-14) Electricity Aq 1yr
22,Baserate,179,11,4,27,10.3,0,0,,,EoN(2014-01-14) Electricity Aq 1yr
22,Baserate,179,11,3,27,10.3,0,0,,,EoN(2014-01-14) Electricity Aq 1yr
22,Baserate,953,11,4,27,10.3,0,0,,,EoN(2014-01-14) Electricity Aq 1yr
22,Baserate,953,11,3,27,10.3,0,0,,,EoN(2014-01-14) Electricity Aq 1yr
22,Baserate,954,11,4,27,10.3,0,0,,,EoN(2014-01-14) Electricity Aq 1yr
22,Baserate,954,11,3,27,10.3,0,0,,,EoN(2014-01-14) Electricity Aq 1yr
22,Baserate,955,11,4,27,10.3,0,0,,,EoN(2014-01-14) Electricity Aq 1yr
22,Baserate,955,11,3,27,10.3,0,0,,,EoN(2014-01-14) Electricity Aq 1yr
22,Baserate,99,11,4,27,10.3,0,0,,,EoN(2014-01-14) Electricity Aq 1yr
22,Baserate,99,11,3,27,10.3,0,0,,,EoN(2014-01-14) Electricity Aq 1yr
659,Baserate,165,11,4,27,10.3,0,0,,,EoN(2014-01-14) Electricity Aq 1yr
659,Baserate,165,11,3,27,10.3,0,0,,,EoN(2014-01-14) Electricity Aq 1yr
661,Baserate,81,11,4,27,10.3,0,0,,,EoN(2014-01-14) Electricity Aq 1yr
661,Baserate,81,11,3,27,10.3,0,0,,,EoN(2014-01-14) Electricity Aq 1yr
659,Baserate,81,11,4,27,10.3,0,0,,,EoN(2014-01-14) Electricity Aq 1yr
659,Baserate,81,11,3,27,10.3,0,0,,,EoN(2014-01-14) Electricity Aq 1yr
659,Baserate,85,11,4,27,10.3,0,0,,,EoN(2014-01-14) Electricity Aq 1yr
659,Baserate,85,11,3,27,10.3,0,0,,,EoN(2014-01-14) Electricity Aq 1yr
659,Baserate,90,11,4,27,10.3,0,0,,,EoN(2014-01-14) Electricity Aq 1yr
659,Baserate,90,11,3,27,10.3,0,0,,,EoN(2014-01-14) Electricity Aq 1yr
659,Baserate,98,11,4,27,10.3,0,0,,,EoN(2014-01-14) Electricity Aq 1yr
659,Baserate,98,11,3,27,10.3,0,0,,,EoN(2014-01-14) Electricity Aq 1yr
659,Baserate,99,11,4,27,10.3,0,0,,,EoN(2014-01-14) Electricity Aq 1yr
659,Baserate,99,11,3,27,10.3,0,0,,,EoN(2014-01-14) Electricity Aq 1yr
659,Baserate,101,11,4,27,10.3,0,0,,,EoN(2014-01-14) Electricity Aq 1yr
659,Baserate,101,11,3,27,10.3,0,0,,,EoN(2014-01-14) Electricity Aq 1yr
659,Baserate,17,11,4,27,10.3,0,0,,,EoN(2014-01-14) Electricity Aq 1yr
659,Baserate,17,11,3,27,10.3,0,0,,,EoN(2014-01-14) Electricity Aq 1yr
659,Baserate,134,11,4,27,10.3,0,0,,,EoN(2014-01-14) Electricity Aq 1yr
659,Baserate,134,11,3,27,10.3,0,0,,,EoN(2014-01-14) Electricity Aq 1yr
659,Baserate,15,11,4,27,10.3,0,0,,,EoN(2014-01-14) Electricity Aq 1yr
659,Baserate,15,11,3,27,10.3,0,0,,,EoN(2014-01-14) Electricity Aq 1yr
659,Baserate,178,11,4,27,10.3,0,0,,,EoN(2014-01-14) Electricity Aq 1yr
659,Baserate,178,11,3,27,10.3,0,0,,,EoN(2014-01-14) Electricity Aq 1yr
659,Baserate,179,11,4,27,10.3,0,0,,,EoN(2014-01-14) Electricity Aq 1yr
659,Baserate,179,11,3,27,10.3,0,0,,,EoN(2014-01-14) Electricity Aq 1yr
659,Baserate,953,11,4,27,10.3,0,0,,,EoN(2014-01-14) Electricity Aq 1yr
659,Baserate,953,11,3,27,10.3,0,0,,,EoN(2014-01-14) Electricity Aq 1yr
659,Baserate,954,11,4,27,10.3,0,0,,,EoN(2014-01-14) Electricity Aq 1yr
659,Baserate,954,11,3,27,10.3,0,0,,,EoN(2014-01-14) Electricity Aq 1yr
659,Baserate,955,11,4,27,10.3,0,0,,,EoN(2014-01-14) Electricity Aq 1yr
659,Baserate,955,11,3,27,10.3,0,0,,,EoN(2014-01-14) Electricity Aq 1yr
660,Baserate,2,11,4,27,10.3,0,0,,,EoN(2014-01-14) Electricity Aq 1yr
660,Baserate,2,11,3,27,10.3,0,0,,,EoN(2014-01-14) Electricity Aq 1yr
660,Baserate,1,11,4,27,10.3,0,0,,,EoN(2014-01-14) Electricity Aq 1yr
660,Baserate,1,11,3,27,10.3,0,0,,,EoN(2014-01-14) Electricity Aq 1yr
659,Baserate,113,11,4,27,10.3,0,0,,,EoN(2014-01-14) Electricity Aq 1yr
659,Baserate,113,11,3,27,10.3,0,0,,,EoN(2014-01-14) Electricity Aq 1yr
658,Baserate,1,11,4,27,10.3,0,0,,,EoN(2014-01-14) Electricity Aq 1yr
658,Baserate,1,11,3,27,10.3,0,0,,,EoN(2014-01-14) Electricity Aq 1yr
661,Baserate,15,11,4,27,10.3,0,0,,,EoN(2014-01-14) Electricity Aq 1yr
661,Baserate,15,11,3,27,10.3,0,0,,,EoN(2014-01-14) Electricity Aq 1yr
661,Baserate,14,11,4,27,10.3,0,0,,,EoN(2014-01-14) Electricity Aq 1yr
661,Baserate,14,11,3,27,10.3,0,0,,,EoN(2014-01-14) Electricity Aq 1yr
661,Baserate,13,11,4,27,10.3,0,0,,,EoN(2014-01-14) Electricity Aq 1yr
661,Baserate,13,11,3,27,10.3,0,0,,,EoN(2014-01-14) Electricity Aq 1yr
661,Baserate,12,11,4,27,10.3,0,0,,,EoN(2014-01-14) Electricity Aq 1yr
661,Baserate,12,11,3,27,10.3,0,0,,,EoN(2014-01-14) Electricity Aq 1yr
661,Baserate,1,11,4,27,10.3,0,0,,,EoN(2014-01-14) Electricity Aq 1yr
661,Baserate,1,11,3,27,10.3,0,0,,,EoN(2014-01-14) Electricity Aq 1yr
659,Baserate,34,11,4,27,10.3,0,0,,,EoN(2014-01-14) Electricity Aq 1yr
659,Baserate,34,11,3,27,10.3,0,0,,,EoN(2014-01-14) Electricity Aq 1yr
22,Baserate,13,11,4,27,10.3,0,0,,,EoN(2014-01-14) Electricity Aq 1yr
22,Baserate,13,11,3,27,10.3,0,0,,,EoN(2014-01-14) Electricity Aq 1yr
658,Baserate,2,11,4,27,10.3,0,0,,,EoN(2014-01-14) Electricity Aq 1yr
658,Baserate,2,11,3,27,10.3,0,0,,,EoN(2014-01-14) Electricity Aq 1yr
659,Baserate,1,11,4,27,10.3,0,0,,,EoN(2014-01-14) Electricity Aq 1yr
659,Baserate,1,11,3,27,10.3,0,0,,,EoN(2014-01-14) Electricity Aq 1yr
659,Baserate,12,11,4,27,10.3,0,0,,,EoN(2014-01-14) Electricity Aq 1yr
659,Baserate,12,11,3,27,10.3,0,0,,,EoN(2014-01-14) Electricity Aq 1yr
659,Baserate,13,11,4,27,10.3,0,0,,,EoN(2014-01-14) Electricity Aq 1yr
659,Baserate,13,11,3,27,10.3,0,0,,,EoN(2014-01-14) Electricity Aq 1yr
659,Baserate,14,11,4,27,10.3,0,0,,,EoN(2014-01-14) Electricity Aq 1yr
659,Baserate,14,11,3,27,10.3,0,0,,,EoN(2014-01-14) Electricity Aq 1yr
156,Baserate,98,11,4,27,10.3,0,0,,,EoN(2014-01-14) Electricity Aq 1yr
156,Baserate,98,11,3,27,10.3,0,0,,,EoN(2014-01-14) Electricity Aq 1yr
156,Baserate,13,11,4,27,10.3,0,0,,,EoN(2014-01-14) Electricity Aq 1yr
156,Baserate,13,11,3,27,10.3,0,0,,,EoN(2014-01-14) Electricity Aq 1yr
156,Baserate,953,11,4,27,10.3,0,0,,,EoN(2014-01-14) Electricity Aq 1yr
156,Baserate,953,11,3,27,10.3,0,0,,,EoN(2014-01-14) Electricity Aq 1yr
156,Baserate,179,11,4,27,10.3,0,0,,,EoN(2014-01-14) Electricity Aq 1yr
156,Baserate,179,11,3,27,10.3,0,0,,,EoN(2014-01-14) Electricity Aq 1yr
156,Baserate,178,11,4,27,10.3,0,0,,,EoN(2014-01-14) Electricity Aq 1yr
156,Baserate,178,11,3,27,10.3,0,0,,,EoN(2014-01-14) Electricity Aq 1yr
156,Baserate,165,11,4,27,10.3,0,0,,,EoN(2014-01-14) Electricity Aq 1yr
156,Baserate,165,11,3,27,10.3,0,0,,,EoN(2014-01-14) Electricity Aq 1yr
156,Baserate,134,11,4,27,10.3,0,0,,,EoN(2014-01-14) Electricity Aq 1yr
156,Baserate,134,11,3,27,10.3,0,0,,,EoN(2014-01-14) Electricity Aq 1yr
156,Baserate,113,11,4,27,10.3,0,0,,,EoN(2014-01-14) Electricity Aq 1yr
156,Baserate,113,11,3,27,10.3,0,0,,,EoN(2014-01-14) Electricity Aq 1yr
156,Baserate,955,11,4,27,10.3,0,0,,,EoN(2014-01-14) Electricity Aq 1yr
156,Baserate,955,11,3,27,10.3,0,0,,,EoN(2014-01-14) Electricity Aq 1yr
156,Baserate,99,11,4,27,10.3,0,0,,,EoN(2014-01-14) Electricity Aq 1yr
156,Baserate,99,11,3,27,10.3,0,0,,,EoN(2014-01-14) Electricity Aq 1yr
156,Baserate,90,11,4,27,10.3,0,0,,,EoN(2014-01-14) Electricity Aq 1yr
156,Baserate,90,11,3,27,10.3,0,0,,,EoN(2014-01-14) Electricity Aq 1yr
156,Baserate,85,11,4,27,10.3,0,0,,,EoN(2014-01-14) Electricity Aq 1yr
156,Baserate,85,11,3,27,10.3,0,0,,,EoN(2014-01-14) Electricity Aq 1yr
156,Baserate,81,11,4,27,10.3,0,0,,,EoN(2014-01-14) Electricity Aq 1yr
156,Baserate,81,11,3,27,10.3,0,0,,,EoN(2014-01-14) Electricity Aq 1yr
156,Baserate,34,11,4,27,10.3,0,0,,,EoN(2014-01-14) Electricity Aq 1yr
156,Baserate,34,11,3,27,10.3,0,0,,,EoN(2014-01-14) Electricity Aq 1yr
156,Baserate,17,11,4,27,10.3,0,0,,,EoN(2014-01-14) Electricity Aq 1yr
156,Baserate,17,11,3,27,10.3,0,0,,,EoN(2014-01-14) Electricity Aq 1yr
156,Baserate,15,11,4,27,10.3,0,0,,,EoN(2014-01-14) Electricity Aq 1yr
156,Baserate,15,11,3,27,10.3,0,0,,,EoN(2014-01-14) Electricity Aq 1yr
22,Baserate,15,11,4,27,10.3,0,0,,,EoN(2014-01-14) Electricity Aq 1yr
22,Baserate,15,11,3,27,10.3,0,0,,,EoN(2014-01-14) Electricity Aq 1yr
156,Baserate,101,11,4,27,10.3,0,0,,,EoN(2014-01-14) Electricity Aq 1yr
156,Baserate,101,11,3,27,10.3,0,0,,,EoN(2014-01-14) Electricity Aq 1yr
156,Baserate,954,11,4,27,10.3,0,0,,,EoN(2014-01-14) Electricity Aq 1yr
156,Baserate,954,11,3,27,10.3,0,0,,,EoN(2014-01-14) Electricity Aq 1yr
156,Baserate,12,11,4,27,10.3,0,0,,,EoN(2014-01-14) Electricity Aq 1yr
156,Baserate,12,11,3,27,10.3,0,0,,,EoN(2014-01-14) Electricity Aq 1yr
15,Baserate,178,11,4,27,10.3,0,0,,,EoN(2014-01-14) Electricity Aq 1yr
15,Baserate,178,11,3,27,10.3,0,0,,,EoN(2014-01-14) Electricity Aq 1yr
156,Baserate,14,11,4,27,10.3,0,0,,,EoN(2014-01-14) Electricity Aq 1yr
156,Baserate,14,11,3,27,10.3,0,0,,,EoN(2014-01-14) Electricity Aq 1yr
15,Baserate,99,11,4,27,10.3,0,0,,,EoN(2014-01-14) Electricity Aq 1yr
15,Baserate,99,11,3,27,10.3,0,0,,,EoN(2014-01-14) Electricity Aq 1yr
115,Baserate,2,11,4,27,10.3,0,0,,,EoN(2014-01-14) Electricity Aq 1yr
115,Baserate,2,11,3,27,10.3,0,0,,,EoN(2014-01-14) Electricity Aq 1yr
115,Baserate,1,11,4,27,10.3,0,0,,,EoN(2014-01-14) Electricity Aq 1yr
115,Baserate,1,11,3,27,10.3,0,0,,,EoN(2014-01-14) Electricity Aq 1yr
15,Baserate,101,11,4,27,10.3,0,0,,,EoN(2014-01-14) Electricity Aq 1yr
15,Baserate,101,11,3,27,10.3,0,0,,,EoN(2014-01-14) Electricity Aq 1yr
15,Baserate,113,11,4,27,10.3,0,0,,,EoN(2014-01-14) Electricity Aq 1yr
15,Baserate,113,11,3,27,10.3,0,0,,,EoN(2014-01-14) Electricity Aq 1yr
15,Baserate,90,11,4,27,10.3,0,0,,,EoN(2014-01-14) Electricity Aq 1yr
15,Baserate,90,11,3,27,10.3,0,0,,,EoN(2014-01-14) Electricity Aq 1yr
15,Baserate,165,11,4,27,10.3,0,0,,,EoN(2014-01-14) Electricity Aq 1yr
15,Baserate,165,11,3,27,10.3,0,0,,,EoN(2014-01-14) Electricity Aq 1yr
15,Baserate,85,11,4,27,10.3,0,0,,,EoN(2014-01-14) Electricity Aq 1yr
15,Baserate,85,11,3,27,10.3,0,0,,,EoN(2014-01-14) Electricity Aq 1yr
15,Baserate,179,11,4,27,10.3,0,0,,,EoN(2014-01-14) Electricity Aq 1yr
15,Baserate,179,11,3,27,10.3,0,0,,,EoN(2014-01-14) Electricity Aq 1yr
15,Baserate,953,11,4,27,10.3,0,0,,,EoN(2014-01-14) Electricity Aq 1yr
15,Baserate,953,11,3,27,10.3,0,0,,,EoN(2014-01-14) Electricity Aq 1yr
15,Baserate,954,11,4,27,10.3,0,0,,,EoN(2014-01-14) Electricity Aq 1yr
15,Baserate,954,11,3,27,10.3,0,0,,,EoN(2014-01-14) Electricity Aq 1yr
15,Baserate,955,11,4,27,10.3,0,0,,,EoN(2014-01-14) Electricity Aq 1yr
15,Baserate,955,11,3,27,10.3,0,0,,,EoN(2014-01-14) Electricity Aq 1yr
114,Baserate,2,11,4,27,10.3,0,0,,,EoN(2014-01-14) Electricity Aq 1yr
114,Baserate,2,11,3,27,10.3,0,0,,,EoN(2014-01-14) Electricity Aq 1yr
114,Baserate,1,11,4,27,10.3,0,0,,,EoN(2014-01-14) Electricity Aq 1yr
114,Baserate,1,11,3,27,10.3,0,0,,,EoN(2014-01-14) Electricity Aq 1yr
22,Baserate,12,11,4,27,10.3,0,0,,,EoN(2014-01-14) Electricity Aq 1yr
22,Baserate,12,11,3,27,10.3,0,0,,,EoN(2014-01-14) Electricity Aq 1yr
15,Baserate,134,11,4,27,10.3,0,0,,,EoN(2014-01-14) Electricity Aq 1yr
15,Baserate,134,11,3,27,10.3,0,0,,,EoN(2014-01-14) Electricity Aq 1yr
15,Baserate,1,11,4,27,10.3,0,0,,,EoN(2014-01-14) Electricity Aq 1yr
15,Baserate,1,11,3,27,10.3,0,0,,,EoN(2014-01-14) Electricity Aq 1yr
156,Baserate,1,11,4,27,10.3,0,0,,,EoN(2014-01-14) Electricity Aq 1yr
156,Baserate,1,11,3,27,10.3,0,0,,,EoN(2014-01-14) Electricity Aq 1yr
155,Baserate,13,11,4,27,10.3,0,0,,,EoN(2014-01-14) Electricity Aq 1yr
155,Baserate,13,11,3,27,10.3,0,0,,,EoN(2014-01-14) Electricity Aq 1yr
155,Baserate,2,11,4,27,10.3,0,0,,,EoN(2014-01-14) Electricity Aq 1yr
155,Baserate,2,11,3,27,10.3,0,0,,,EoN(2014-01-14) Electricity Aq 1yr
155,Baserate,1,11,4,27,10.3,0,0,,,EoN(2014-01-14) Electricity Aq 1yr
155,Baserate,1,11,3,27,10.3,0,0,,,EoN(2014-01-14) Electricity Aq 1yr
154,Baserate,2,11,4,27,10.3,0,0,,,EoN(2014-01-14) Electricity Aq 1yr
154,Baserate,2,11,3,27,10.3,0,0,,,EoN(2014-01-14) Electricity Aq 1yr
154,Baserate,1,11,4,27,10.3,0,0,,,EoN(2014-01-14) Electricity Aq 1yr
154,Baserate,1,11,3,27,10.3,0,0,,,EoN(2014-01-14) Electricity Aq 1yr
15,Baserate,98,11,4,27,10.3,0,0,,,EoN(2014-01-14) Electricity Aq 1yr
15,Baserate,98,11,3,27,10.3,0,0,,,EoN(2014-01-14) Electricity Aq 1yr
15,Baserate,12,11,4,27,10.3,0,0,,,EoN(2014-01-14) Electricity Aq 1yr
15,Baserate,12,11,3,27,10.3,0,0,,,EoN(2014-01-14) Electricity Aq 1yr
15,Baserate,13,11,4,27,10.3,0,0,,,EoN(2014-01-14) Electricity Aq 1yr
15,Baserate,13,11,3,27,10.3,0,0,,,EoN(2014-01-14) Electricity Aq 1yr
15,Baserate,14,11,4,27,10.3,0,0,,,EoN(2014-01-14) Electricity Aq 1yr
15,Baserate,14,11,3,27,10.3,0,0,,,EoN(2014-01-14) Electricity Aq 1yr
15,Baserate,15,11,4,27,10.3,0,0,,,EoN(2014-01-14) Electricity Aq 1yr
15,Baserate,15,11,3,27,10.3,0,0,,,EoN(2014-01-14) Electricity Aq 1yr
15,Baserate,17,11,4,27,10.3,0,0,,,EoN(2014-01-14) Electricity Aq 1yr
15,Baserate,17,11,3,27,10.3,0,0,,,EoN(2014-01-14) Electricity Aq 1yr
15,Baserate,34,11,4,27,10.3,0,0,,,EoN(2014-01-14) Electricity Aq 1yr
15,Baserate,34,11,3,27,10.3,0,0,,,EoN(2014-01-14) Electricity Aq 1yr
15,Baserate,81,11,4,27,10.3,0,0,,,EoN(2014-01-14) Electricity Aq 1yr
15,Baserate,81,11,3,27,10.3,0,0,,,EoN(2014-01-14) Electricity Aq 1yr
618,Baserate,1,11,4,27,10.3,0,0,,,EoN(2014-01-14) Electricity Aq 1yr
618,Baserate,1,11,3,27,10.3,0,0,,,EoN(2014-01-14) Electricity Aq 1yr
603,Baserate,1,11,4,27,10.3,0,0,,,EoN(2014-01-14) Electricity Aq 1yr
603,Baserate,1,11,3,27,10.3,0,0,,,EoN(2014-01-14) Electricity Aq 1yr
603,Baserate,2,11,4,27,10.3,0,0,,,EoN(2014-01-14) Electricity Aq 1yr
603,Baserate,2,11,3,27,10.3,0,0,,,EoN(2014-01-14) Electricity Aq 1yr
643,Baserate,1,11,4,27,10.3,0,0,,,EoN(2014-01-14) Electricity Aq 1yr
643,Baserate,1,11,3,27,10.3,0,0,,,EoN(2014-01-14) Electricity Aq 1yr
643,Baserate,2,11,4,27,10.3,0,0,,,EoN(2014-01-14) Electricity Aq 1yr
643,Baserate,2,11,3,27,10.3,0,0,,,EoN(2014-01-14) Electricity Aq 1yr
618,Baserate,2,11,4,27,10.3,0,0,,,EoN(2014-01-14) Electricity Aq 1yr
618,Baserate,2,11,3,27,10.3,0,0,,,EoN(2014-01-14) Electricity Aq 1yr
607,Baserate,2,11,4,27,10.3,0,0,,,EoN(2014-01-14) Electricity Aq 1yr
607,Baserate,2,11,3,27,10.3,0,0,,,EoN(2014-01-14) Electricity Aq 1yr
647,Baserate,1,11,4,27,10.3,0,0,,,EoN(2014-01-14) Electricity Aq 1yr
647,Baserate,1,11,3,27,10.3,0,0,,,EoN(2014-01-14) Electricity Aq 1yr
647,Baserate,2,11,4,27,10.3,0,0,,,EoN(2014-01-14) Electricity Aq 1yr
647,Baserate,2,11,3,27,10.3,0,0,,,EoN(2014-01-14) Electricity Aq 1yr
532,Baserate,955,11,4,27,10.3,0,0,,,EoN(2014-01-14) Electricity Aq 1yr
532,Baserate,955,11,3,27,10.3,0,0,,,EoN(2014-01-14) Electricity Aq 1yr
532,Baserate,954,11,4,27,10.3,0,0,,,EoN(2014-01-14) Electricity Aq 1yr
532,Baserate,954,11,3,27,10.3,0,0,,,EoN(2014-01-14) Electricity Aq 1yr
532,Baserate,953,11,4,27,10.3,0,0,,,EoN(2014-01-14) Electricity Aq 1yr
532,Baserate,953,11,3,27,10.3,0,0,,,EoN(2014-01-14) Electricity Aq 1yr
532,Baserate,179,11,4,27,10.3,0,0,,,EoN(2014-01-14) Electricity Aq 1yr
532,Baserate,179,11,3,27,10.3,0,0,,,EoN(2014-01-14) Electricity Aq 1yr
532,Baserate,178,11,4,27,10.3,0,0,,,EoN(2014-01-14) Electricity Aq 1yr
532,Baserate,178,11,3,27,10.3,0,0,,,EoN(2014-01-14) Electricity Aq 1yr
532,Baserate,113,11,4,27,10.3,0,0,,,EoN(2014-01-14) Electricity Aq 1yr
532,Baserate,113,11,3,27,10.3,0,0,,,EoN(2014-01-14) Electricity Aq 1yr
532,Baserate,165,11,4,27,10.3,0,0,,,EoN(2014-01-14) Electricity Aq 1yr
532,Baserate,165,11,3,27,10.3,0,0,,,EoN(2014-01-14) Electricity Aq 1yr
532,Baserate,101,11,4,27,10.3,0,0,,,EoN(2014-01-14) Electricity Aq 1yr
532,Baserate,101,11,3,27,10.3,0,0,,,EoN(2014-01-14) Electricity Aq 1yr
532,Baserate,99,11,4,27,10.3,0,0,,,EoN(2014-01-14) Electricity Aq 1yr
532,Baserate,99,11,3,27,10.3,0,0,,,EoN(2014-01-14) Electricity Aq 1yr
532,Baserate,98,11,4,27,10.3,0,0,,,EoN(2014-01-14) Electricity Aq 1yr
532,Baserate,98,11,3,27,10.3,0,0,,,EoN(2014-01-14) Electricity Aq 1yr
532,Baserate,90,11,4,27,10.3,0,0,,,EoN(2014-01-14) Electricity Aq 1yr
532,Baserate,90,11,3,27,10.3,0,0,,,EoN(2014-01-14) Electricity Aq 1yr
532,Baserate,85,11,4,27,10.3,0,0,,,EoN(2014-01-14) Electricity Aq 1yr
532,Baserate,85,11,3,27,10.3,0,0,,,EoN(2014-01-14) Electricity Aq 1yr
532,Baserate,81,11,4,27,10.3,0,0,,,EoN(2014-01-14) Electricity Aq 1yr
532,Baserate,81,11,3,27,10.3,0,0,,,EoN(2014-01-14) Electricity Aq 1yr
532,Baserate,17,11,4,27,10.3,0,0,,,EoN(2014-01-14) Electricity Aq 1yr
532,Baserate,17,11,3,27,10.3,0,0,,,EoN(2014-01-14) Electricity Aq 1yr
532,Baserate,134,11,4,27,10.3,0,0,,,EoN(2014-01-14) Electricity Aq 1yr
532,Baserate,134,11,3,27,10.3,0,0,,,EoN(2014-01-14) Electricity Aq 1yr
532,Baserate,15,11,4,27,10.3,0,0,,,EoN(2014-01-14) Electricity Aq 1yr
532,Baserate,15,11,3,27,10.3,0,0,,,EoN(2014-01-14) Electricity Aq 1yr
532,Baserate,14,11,4,27,10.3,0,0,,,EoN(2014-01-14) Electricity Aq 1yr
532,Baserate,14,11,3,27,10.3,0,0,,,EoN(2014-01-14) Electricity Aq 1yr
532,Baserate,13,11,4,27,10.3,0,0,,,EoN(2014-01-14) Electricity Aq 1yr
532,Baserate,13,11,3,27,10.3,0,0,,,EoN(2014-01-14) Electricity Aq 1yr
532,Baserate,12,11,4,27,10.3,0,0,,,EoN(2014-01-14) Electricity Aq 1yr
532,Baserate,12,11,3,27,10.3,0,0,,,EoN(2014-01-14) Electricity Aq 1yr
532,Baserate,1,11,4,27,10.3,0,0,,,EoN(2014-01-14) Electricity Aq 1yr
532,Baserate,1,11,3,27,10.3,0,0,,,EoN(2014-01-14) Electricity Aq 1yr
532,Baserate,34,11,4,27,10.3,0,0,,,EoN(2014-01-14) Electricity Aq 1yr
532,Baserate,34,11,3,27,10.3,0,0,,,EoN(2014-01-14) Electricity Aq 1yr
541,Baserate,15,11,4,27,10.3,0,0,,,EoN(2014-01-14) Electricity Aq 1yr
541,Baserate,15,11,3,27,10.3,0,0,,,EoN(2014-01-14) Electricity Aq 1yr
541,Baserate,98,11,4,27,10.3,0,0,,,EoN(2014-01-14) Electricity Aq 1yr
541,Baserate,98,11,3,27,10.3,0,0,,,EoN(2014-01-14) Electricity Aq 1yr
541,Baserate,178,11,4,27,10.3,0,0,,,EoN(2014-01-14) Electricity Aq 1yr
541,Baserate,178,11,3,27,10.3,0,0,,,EoN(2014-01-14) Electricity Aq 1yr
541,Baserate,165,11,4,27,10.3,0,0,,,EoN(2014-01-14) Electricity Aq 1yr
541,Baserate,165,11,3,27,10.3,0,0,,,EoN(2014-01-14) Electricity Aq 1yr
541,Baserate,134,11,4,27,10.3,0,0,,,EoN(2014-01-14) Electricity Aq 1yr
541,Baserate,134,11,3,27,10.3,0,0,,,EoN(2014-01-14) Electricity Aq 1yr
541,Baserate,113,11,4,27,10.3,0,0,,,EoN(2014-01-14) Electricity Aq 1yr
541,Baserate,113,11,3,27,10.3,0,0,,,EoN(2014-01-14) Electricity Aq 1yr
541,Baserate,953,11,4,27,10.3,0,0,,,EoN(2014-01-14) Electricity Aq 1yr
541,Baserate,953,11,3,27,10.3,0,0,,,EoN(2014-01-14) Electricity Aq 1yr
541,Baserate,99,11,4,27,10.3,0,0,,,EoN(2014-01-14) Electricity Aq 1yr
541,Baserate,99,11,3,27,10.3,0,0,,,EoN(2014-01-14) Electricity Aq 1yr
541,Baserate,90,11,4,27,10.3,0,0,,,EoN(2014-01-14) Electricity Aq 1yr
541,Baserate,90,11,3,27,10.3,0,0,,,EoN(2014-01-14) Electricity Aq 1yr
541,Baserate,85,11,4,27,10.3,0,0,,,EoN(2014-01-14) Electricity Aq 1yr
541,Baserate,85,11,3,27,10.3,0,0,,,EoN(2014-01-14) Electricity Aq 1yr
541,Baserate,81,11,4,27,10.3,0,0,,,EoN(2014-01-14) Electricity Aq 1yr
541,Baserate,81,11,3,27,10.3,0,0,,,EoN(2014-01-14) Electricity Aq 1yr
541,Baserate,34,11,4,27,10.3,0,0,,,EoN(2014-01-14) Electricity Aq 1yr
541,Baserate,34,11,3,27,10.3,0,0,,,EoN(2014-01-14) Electricity Aq 1yr
541,Baserate,17,11,4,27,10.3,0,0,,,EoN(2014-01-14) Electricity Aq 1yr
541,Baserate,17,11,3,27,10.3,0,0,,,EoN(2014-01-14) Electricity Aq 1yr
541,Baserate,101,11,4,27,10.3,0,0,,,EoN(2014-01-14) Electricity Aq 1yr
541,Baserate,101,11,3,27,10.3,0,0,,,EoN(2014-01-14) Electricity Aq 1yr
541,Baserate,179,11,4,27,10.3,0,0,,,EoN(2014-01-14) Electricity Aq 1yr
541,Baserate,179,11,3,27,10.3,0,0,,,EoN(2014-01-14) Electricity Aq 1yr
541,Baserate,955,11,4,27,10.3,0,0,,,EoN(2014-01-14) Electricity Aq 1yr
541,Baserate,955,11,3,27,10.3,0,0,,,EoN(2014-01-14) Electricity Aq 1yr
541,Baserate,954,11,4,27,10.3,0,0,,,EoN(2014-01-14) Electricity Aq 1yr
541,Baserate,954,11,3,27,10.3,0,0,,,EoN(2014-01-14) Electricity Aq 1yr
619,Baserate,2,11,4,27,10.3,0,0,,,EoN(2014-01-14) Electricity Aq 1yr
619,Baserate,2,11,3,27,10.3,0,0,,,EoN(2014-01-14) Electricity Aq 1yr
619,Baserate,1,11,4,27,10.3,0,0,,,EoN(2014-01-14) Electricity Aq 1yr
619,Baserate,1,11,3,27,10.3,0,0,,,EoN(2014-01-14) Electricity Aq 1yr
607,Baserate,1,11,4,27,10.3,0,0,,,EoN(2014-01-14) Electricity Aq 1yr
607,Baserate,1,11,3,27,10.3,0,0,,,EoN(2014-01-14) Electricity Aq 1yr
501,Baserate,165,11,4,27,10.3,0,0,,,EoN(2014-01-14) Electricity Aq 1yr
501,Baserate,165,11,3,27,10.3,0,0,,,EoN(2014-01-14) Electricity Aq 1yr
501,Baserate,34,11,4,27,10.3,0,0,,,EoN(2014-01-14) Electricity Aq 1yr
501,Baserate,34,11,3,27,10.3,0,0,,,EoN(2014-01-14) Electricity Aq 1yr
501,Baserate,81,11,4,27,10.3,0,0,,,EoN(2014-01-14) Electricity Aq 1yr
501,Baserate,81,11,3,27,10.3,0,0,,,EoN(2014-01-14) Electricity Aq 1yr
501,Baserate,85,11,4,27,10.3,0,0,,,EoN(2014-01-14) Electricity Aq 1yr
501,Baserate,85,11,3,27,10.3,0,0,,,EoN(2014-01-14) Electricity Aq 1yr
501,Baserate,90,11,4,27,10.3,0,0,,,EoN(2014-01-14) Electricity Aq 1yr
501,Baserate,90,11,3,27,10.3,0,0,,,EoN(2014-01-14) Electricity Aq 1yr
501,Baserate,98,11,4,27,10.3,0,0,,,EoN(2014-01-14) Electricity Aq 1yr
501,Baserate,98,11,3,27,10.3,0,0,,,EoN(2014-01-14) Electricity Aq 1yr
501,Baserate,99,11,4,27,10.3,0,0,,,EoN(2014-01-14) Electricity Aq 1yr
501,Baserate,99,11,3,27,10.3,0,0,,,EoN(2014-01-14) Electricity Aq 1yr
501,Baserate,101,11,4,27,10.3,0,0,,,EoN(2014-01-14) Electricity Aq 1yr
501,Baserate,101,11,3,27,10.3,0,0,,,EoN(2014-01-14) Electricity Aq 1yr
501,Baserate,134,11,4,27,10.3,0,0,,,EoN(2014-01-14) Electricity Aq 1yr
501,Baserate,134,11,3,27,10.3,0,0,,,EoN(2014-01-14) Electricity Aq 1yr
501,Baserate,14,11,4,27,10.3,0,0,,,EoN(2014-01-14) Electricity Aq 1yr
501,Baserate,14,11,3,27,10.3,0,0,,,EoN(2014-01-14) Electricity Aq 1yr
501,Baserate,178,11,4,27,10.3,0,0,,,EoN(2014-01-14) Electricity Aq 1yr
501,Baserate,178,11,3,27,10.3,0,0,,,EoN(2014-01-14) Electricity Aq 1yr
501,Baserate,179,11,4,27,10.3,0,0,,,EoN(2014-01-14) Electricity Aq 1yr
501,Baserate,179,11,3,27,10.3,0,0,,,EoN(2014-01-14) Electricity Aq 1yr
501,Baserate,953,11,4,27,10.3,0,0,,,EoN(2014-01-14) Electricity Aq 1yr
501,Baserate,953,11,3,27,10.3,0,0,,,EoN(2014-01-14) Electricity Aq 1yr
501,Baserate,954,11,4,27,10.3,0,0,,,EoN(2014-01-14) Electricity Aq 1yr
501,Baserate,954,11,3,27,10.3,0,0,,,EoN(2014-01-14) Electricity Aq 1yr
501,Baserate,955,11,4,27,10.3,0,0,,,EoN(2014-01-14) Electricity Aq 1yr
501,Baserate,955,11,3,27,10.3,0,0,,,EoN(2014-01-14) Electricity Aq 1yr
501,Baserate,113,11,4,27,10.3,0,0,,,EoN(2014-01-14) Electricity Aq 1yr
501,Baserate,113,11,3,27,10.3,0,0,,,EoN(2014-01-14) Electricity Aq 1yr
541,Baserate,14,11,4,27,10.3,0,0,,,EoN(2014-01-14) Electricity Aq 1yr
541,Baserate,14,11,3,27,10.3,0,0,,,EoN(2014-01-14) Electricity Aq 1yr
501,Baserate,17,11,4,27,10.3,0,0,,,EoN(2014-01-14) Electricity Aq 1yr
501,Baserate,17,11,3,27,10.3,0,0,,,EoN(2014-01-14) Electricity Aq 1yr
501,Baserate,15,11,4,27,10.3,0,0,,,EoN(2014-01-14) Electricity Aq 1yr
501,Baserate,15,11,3,27,10.3,0,0,,,EoN(2014-01-14) Electricity Aq 1yr
501,Baserate,1,11,4,27,10.3,0,0,,,EoN(2014-01-14) Electricity Aq 1yr
501,Baserate,1,11,3,27,10.3,0,0,,,EoN(2014-01-14) Electricity Aq 1yr
501,Baserate,12,11,4,27,10.3,0,0,,,EoN(2014-01-14) Electricity Aq 1yr
501,Baserate,12,11,3,27,10.3,0,0,,,EoN(2014-01-14) Electricity Aq 1yr
501,Baserate,13,11,4,27,10.3,0,0,,,EoN(2014-01-14) Electricity Aq 1yr
501,Baserate,13,11,3,27,10.3,0,0,,,EoN(2014-01-14) Electricity Aq 1yr
541,Baserate,13,11,4,27,10.3,0,0,,,EoN(2014-01-14) Electricity Aq 1yr
541,Baserate,13,11,3,27,10.3,0,0,,,EoN(2014-01-14) Electricity Aq 1yr
541,Baserate,12,11,4,27,10.3,0,0,,,EoN(2014-01-14) Electricity Aq 1yr
541,Baserate,12,11,3,27,10.3,0,0,,,EoN(2014-01-14) Electricity Aq 1yr
541,Baserate,1,11,4,27,10.3,0,0,,,EoN(2014-01-14) Electricity Aq 1yr
541,Baserate,1,11,3,27,10.3,0,0,,,EoN(2014-01-14) Electricity Aq 1yr
837,Baserate,13,11,4,27,10.3,0,0,,,EoN(2014-01-14) Electricity Aq 1yr
837,Baserate,13,11,3,27,10.3,0,0,,,EoN(2014-01-14) Electricity Aq 1yr
833,Baserate,954,11,4,27,10.3,0,0,,,EoN(2014-01-14) Electricity Aq 1yr
833,Baserate,954,11,3,27,10.3,0,0,,,EoN(2014-01-14) Electricity Aq 1yr
833,Baserate,99,11,4,27,10.3,0,0,,,EoN(2014-01-14) Electricity Aq 1yr
833,Baserate,99,11,3,27,10.3,0,0,,,EoN(2014-01-14) Electricity Aq 1yr
833,Baserate,101,11,4,27,10.3,0,0,,,EoN(2014-01-14) Electricity Aq 1yr
833,Baserate,101,11,3,27,10.3,0,0,,,EoN(2014-01-14) Electricity Aq 1yr
833,Baserate,113,11,4,27,10.3,0,0,,,EoN(2014-01-14) Electricity Aq 1yr
833,Baserate,113,11,3,27,10.3,0,0,,,EoN(2014-01-14) Electricity Aq 1yr
833,Baserate,134,11,4,27,10.3,0,0,,,EoN(2014-01-14) Electricity Aq 1yr
833,Baserate,134,11,3,27,10.3,0,0,,,EoN(2014-01-14) Electricity Aq 1yr
833,Baserate,165,11,4,27,10.3,0,0,,,EoN(2014-01-14) Electricity Aq 1yr
833,Baserate,165,11,3,27,10.3,0,0,,,EoN(2014-01-14) Electricity Aq 1yr
833,Baserate,178,11,4,27,10.3,0,0,,,EoN(2014-01-14) Electricity Aq 1yr
833,Baserate,178,11,3,27,10.3,0,0,,,EoN(2014-01-14) Electricity Aq 1yr
833,Baserate,953,11,4,27,10.3,0,0,,,EoN(2014-01-14) Electricity Aq 1yr
833,Baserate,953,11,3,27,10.3,0,0,,,EoN(2014-01-14) Electricity Aq 1yr
833,Baserate,85,11,4,27,10.3,0,0,,,EoN(2014-01-14) Electricity Aq 1yr
833,Baserate,85,11,3,27,10.3,0,0,,,EoN(2014-01-14) Electricity Aq 1yr
833,Baserate,955,11,4,27,10.3,0,0,,,EoN(2014-01-14) Electricity Aq 1yr
833,Baserate,955,11,3,27,10.3,0,0,,,EoN(2014-01-14) Electricity Aq 1yr
833,Baserate,179,11,4,27,10.3,0,0,,,EoN(2014-01-14) Electricity Aq 1yr
833,Baserate,179,11,3,27,10.3,0,0,,,EoN(2014-01-14) Electricity Aq 1yr
833,Baserate,12,11,4,27,10.3,0,0,,,EoN(2014-01-14) Electricity Aq 1yr
833,Baserate,12,11,3,27,10.3,0,0,,,EoN(2014-01-14) Electricity Aq 1yr
833,Baserate,98,11,4,27,10.3,0,0,,,EoN(2014-01-14) Electricity Aq 1yr
833,Baserate,98,11,3,27,10.3,0,0,,,EoN(2014-01-14) Electricity Aq 1yr
833,Baserate,1,11,4,27,10.3,0,0,,,EoN(2014-01-14) Electricity Aq 1yr
833,Baserate,1,11,3,27,10.3,0,0,,,EoN(2014-01-14) Electricity Aq 1yr
833,Baserate,90,11,4,27,10.3,0,0,,,EoN(2014-01-14) Electricity Aq 1yr
833,Baserate,90,11,3,27,10.3,0,0,,,EoN(2014-01-14) Electricity Aq 1yr
833,Baserate,13,11,4,27,10.3,0,0,,,EoN(2014-01-14) Electricity Aq 1yr
833,Baserate,13,11,3,27,10.3,0,0,,,EoN(2014-01-14) Electricity Aq 1yr
833,Baserate,14,11,4,27,10.3,0,0,,,EoN(2014-01-14) Electricity Aq 1yr
833,Baserate,14,11,3,27,10.3,0,0,,,EoN(2014-01-14) Electricity Aq 1yr
833,Baserate,15,11,4,27,10.3,0,0,,,EoN(2014-01-14) Electricity Aq 1yr
833,Baserate,15,11,3,27,10.3,0,0,,,EoN(2014-01-14) Electricity Aq 1yr
833,Baserate,17,11,4,27,10.3,0,0,,,EoN(2014-01-14) Electricity Aq 1yr
833,Baserate,17,11,3,27,10.3,0,0,,,EoN(2014-01-14) Electricity Aq 1yr
833,Baserate,34,11,4,27,10.3,0,0,,,EoN(2014-01-14) Electricity Aq 1yr
833,Baserate,34,11,3,27,10.3,0,0,,,EoN(2014-01-14) Electricity Aq 1yr
833,Baserate,81,11,4,27,10.3,0,0,,,EoN(2014-01-14) Electricity Aq 1yr
833,Baserate,81,11,3,27,10.3,0,0,,,EoN(2014-01-14) Electricity Aq 1yr
835,Baserate,13,11,4,27,10.3,0,0,,,EoN(2014-01-14) Electricity Aq 1yr
835,Baserate,13,11,3,27,10.3,0,0,,,EoN(2014-01-14) Electricity Aq 1yr
835,Baserate,1,11,4,27,10.3,0,0,,,EoN(2014-01-14) Electricity Aq 1yr
835,Baserate,1,11,3,27,10.3,0,0,,,EoN(2014-01-14) Electricity Aq 1yr
835,Baserate,101,11,4,27,10.3,0,0,,,EoN(2014-01-14) Electricity Aq 1yr
835,Baserate,101,11,3,27,10.3,0,0,,,EoN(2014-01-14) Electricity Aq 1yr
835,Baserate,113,11,4,27,10.3,0,0,,,EoN(2014-01-14) Electricity Aq 1yr
835,Baserate,113,11,3,27,10.3,0,0,,,EoN(2014-01-14) Electricity Aq 1yr
837,Baserate,1,11,4,27,10.3,0,0,,,EoN(2014-01-14) Electricity Aq 1yr
837,Baserate,1,11,3,27,10.3,0,0,,,EoN(2014-01-14) Electricity Aq 1yr
802,Baserate,954,11,4,27,10.3,0,0,,,EoN(2014-01-14) Electricity Aq 1yr
802,Baserate,954,11,3,27,10.3,0,0,,,EoN(2014-01-14) Electricity Aq 1yr
802,Baserate,98,11,4,27,10.3,0,0,,,EoN(2014-01-14) Electricity Aq 1yr
802,Baserate,98,11,3,27,10.3,0,0,,,EoN(2014-01-14) Electricity Aq 1yr
802,Baserate,12,11,4,27,10.3,0,0,,,EoN(2014-01-14) Electricity Aq 1yr
802,Baserate,12,11,3,27,10.3,0,0,,,EoN(2014-01-14) Electricity Aq 1yr
802,Baserate,13,11,4,27,10.3,0,0,,,EoN(2014-01-14) Electricity Aq 1yr
802,Baserate,13,11,3,27,10.3,0,0,,,EoN(2014-01-14) Electricity Aq 1yr
802,Baserate,14,11,4,27,10.3,0,0,,,EoN(2014-01-14) Electricity Aq 1yr
802,Baserate,14,11,3,27,10.3,0,0,,,EoN(2014-01-14) Electricity Aq 1yr
802,Baserate,15,11,4,27,10.3,0,0,,,EoN(2014-01-14) Electricity Aq 1yr
802,Baserate,15,11,3,27,10.3,0,0,,,EoN(2014-01-14) Electricity Aq 1yr
802,Baserate,17,11,4,27,10.3,0,0,,,EoN(2014-01-14) Electricity Aq 1yr
802,Baserate,17,11,3,27,10.3,0,0,,,EoN(2014-01-14) Electricity Aq 1yr
802,Baserate,34,11,4,27,10.3,0,0,,,EoN(2014-01-14) Electricity Aq 1yr
802,Baserate,34,11,3,27,10.3,0,0,,,EoN(2014-01-14) Electricity Aq 1yr
802,Baserate,81,11,4,27,10.3,0,0,,,EoN(2014-01-14) Electricity Aq 1yr
802,Baserate,81,11,3,27,10.3,0,0,,,EoN(2014-01-14) Electricity Aq 1yr
802,Baserate,90,11,4,27,10.3,0,0,,,EoN(2014-01-14) Electricity Aq 1yr
802,Baserate,90,11,3,27,10.3,0,0,,,EoN(2014-01-14) Electricity Aq 1yr
802,Baserate,99,11,4,27,10.3,0,0,,,EoN(2014-01-14) Electricity Aq 1yr
802,Baserate,99,11,3,27,10.3,0,0,,,EoN(2014-01-14) Electricity Aq 1yr
802,Baserate,101,11,4,27,10.3,0,0,,,EoN(2014-01-14) Electricity Aq 1yr
802,Baserate,101,11,3,27,10.3,0,0,,,EoN(2014-01-14) Electricity Aq 1yr
802,Baserate,113,11,4,27,10.3,0,0,,,EoN(2014-01-14) Electricity Aq 1yr
802,Baserate,113,11,3,27,10.3,0,0,,,EoN(2014-01-14) Electricity Aq 1yr
802,Baserate,134,11,4,27,10.3,0,0,,,EoN(2014-01-14) Electricity Aq 1yr
802,Baserate,134,11,3,27,10.3,0,0,,,EoN(2014-01-14) Electricity Aq 1yr
802,Baserate,165,11,4,27,10.3,0,0,,,EoN(2014-01-14) Electricity Aq 1yr
802,Baserate,165,11,3,27,10.3,0,0,,,EoN(2014-01-14) Electricity Aq 1yr
802,Baserate,178,11,4,27,10.3,0,0,,,EoN(2014-01-14) Electricity Aq 1yr
802,Baserate,178,11,3,27,10.3,0,0,,,EoN(2014-01-14) Electricity Aq 1yr
802,Baserate,179,11,4,27,10.3,0,0,,,EoN(2014-01-14) Electricity Aq 1yr
802,Baserate,179,11,3,27,10.3,0,0,,,EoN(2014-01-14) Electricity Aq 1yr
802,Baserate,953,11,4,27,10.3,0,0,,,EoN(2014-01-14) Electricity Aq 1yr
802,Baserate,953,11,3,27,10.3,0,0,,,EoN(2014-01-14) Electricity Aq 1yr
802,Baserate,85,11,4,27,10.3,0,0,,,EoN(2014-01-14) Electricity Aq 1yr
802,Baserate,85,11,3,27,10.3,0,0,,,EoN(2014-01-14) Electricity Aq 1yr
802,Baserate,1,11,4,27,10.3,0,0,,,EoN(2014-01-14) Electricity Aq 1yr
802,Baserate,1,11,3,27,10.3,0,0,,,EoN(2014-01-14) Electricity Aq 1yr
802,Baserate,955,11,4,27,10.3,0,0,,,EoN(2014-01-14) Electricity Aq 1yr
802,Baserate,955,11,3,27,10.3,0,0,,,EoN(2014-01-14) Electricity Aq 1yr
801,Baserate,179,11,4,27,10.3,0,0,,,EoN(2014-01-14) Electricity Aq 1yr
801,Baserate,179,11,3,27,10.3,0,0,,,EoN(2014-01-14) Electricity Aq 1yr
801,Baserate,85,11,4,27,10.3,0,0,,,EoN(2014-01-14) Electricity Aq 1yr
801,Baserate,85,11,3,27,10.3,0,0,,,EoN(2014-01-14) Electricity Aq 1yr
801,Baserate,90,11,4,27,10.3,0,0,,,EoN(2014-01-14) Electricity Aq 1yr
801,Baserate,90,11,3,27,10.3,0,0,,,EoN(2014-01-14) Electricity Aq 1yr
801,Baserate,98,11,4,27,10.3,0,0,,,EoN(2014-01-14) Electricity Aq 1yr
801,Baserate,98,11,3,27,10.3,0,0,,,EoN(2014-01-14) Electricity Aq 1yr
801,Baserate,99,11,4,27,10.3,0,0,,,EoN(2014-01-14) Electricity Aq 1yr
801,Baserate,99,11,3,27,10.3,0,0,,,EoN(2014-01-14) Electricity Aq 1yr
801,Baserate,101,11,4,27,10.3,0,0,,,EoN(2014-01-14) Electricity Aq 1yr
801,Baserate,101,11,3,27,10.3,0,0,,,EoN(2014-01-14) Electricity Aq 1yr
801,Baserate,113,11,4,27,10.3,0,0,,,EoN(2014-01-14) Electricity Aq 1yr
801,Baserate,113,11,3,27,10.3,0,0,,,EoN(2014-01-14) Electricity Aq 1yr
801,Baserate,134,11,4,27,10.3,0,0,,,EoN(2014-01-14) Electricity Aq 1yr
801,Baserate,134,11,3,27,10.3,0,0,,,EoN(2014-01-14) Electricity Aq 1yr
801,Baserate,34,11,4,27,10.3,0,0,,,EoN(2014-01-14) Electricity Aq 1yr
801,Baserate,34,11,3,27,10.3,0,0,,,EoN(2014-01-14) Electricity Aq 1yr
801,Baserate,178,11,4,27,10.3,0,0,,,EoN(2014-01-14) Electricity Aq 1yr
801,Baserate,178,11,3,27,10.3,0,0,,,EoN(2014-01-14) Electricity Aq 1yr
801,Baserate,17,11,4,27,10.3,0,0,,,EoN(2014-01-14) Electricity Aq 1yr
801,Baserate,17,11,3,27,10.3,0,0,,,EoN(2014-01-14) Electricity Aq 1yr
801,Baserate,953,11,4,27,10.3,0,0,,,EoN(2014-01-14) Electricity Aq 1yr
801,Baserate,953,11,3,27,10.3,0,0,,,EoN(2014-01-14) Electricity Aq 1yr
801,Baserate,954,11,4,27,10.3,0,0,,,EoN(2014-01-14) Electricity Aq 1yr
801,Baserate,954,11,3,27,10.3,0,0,,,EoN(2014-01-14) Electricity Aq 1yr
801,Baserate,955,11,4,27,10.3,0,0,,,EoN(2014-01-14) Electricity Aq 1yr
801,Baserate,955,11,3,27,10.3,0,0,,,EoN(2014-01-14) Electricity Aq 1yr
801,Baserate,165,11,4,27,10.3,0,0,,,EoN(2014-01-14) Electricity Aq 1yr
801,Baserate,165,11,3,27,10.3,0,0,,,EoN(2014-01-14) Electricity Aq 1yr
801,Baserate,81,11,4,27,10.3,0,0,,,EoN(2014-01-14) Electricity Aq 1yr
801,Baserate,81,11,3,27,10.3,0,0,,,EoN(2014-01-14) Electricity Aq 1yr
801,Baserate,1,11,4,27,10.3,0,0,,,EoN(2014-01-14) Electricity Aq 1yr
801,Baserate,1,11,3,27,10.3,0,0,,,EoN(2014-01-14) Electricity Aq 1yr
801,Baserate,12,11,4,27,10.3,0,0,,,EoN(2014-01-14) Electricity Aq 1yr
801,Baserate,12,11,3,27,10.3,0,0,,,EoN(2014-01-14) Electricity Aq 1yr
801,Baserate,13,11,4,27,10.3,0,0,,,EoN(2014-01-14) Electricity Aq 1yr
801,Baserate,13,11,3,27,10.3,0,0,,,EoN(2014-01-14) Electricity Aq 1yr
801,Baserate,14,11,4,27,10.3,0,0,,,EoN(2014-01-14) Electricity Aq 1yr
801,Baserate,14,11,3,27,10.3,0,0,,,EoN(2014-01-14) Electricity Aq 1yr
801,Baserate,15,11,4,27,10.3,0,0,,,EoN(2014-01-14) Electricity Aq 1yr
801,Baserate,15,11,3,27,10.3,0,0,,,EoN(2014-01-14) Electricity Aq 1yr
839,Baserate,2,11,4,27,10.3,0,0,,,EoN(2014-01-14) Electricity Aq 1yr
839,Baserate,2,11,3,27,10.3,0,0,,,EoN(2014-01-14) Electricity Aq 1yr
839,Baserate,1,11,4,27,10.3,0,0,,,EoN(2014-01-14) Electricity Aq 1yr
839,Baserate,1,11,3,27,10.3,0,0,,,EoN(2014-01-14) Electricity Aq 1yr
840,Baserate,2,11,4,27,10.3,0,0,,,EoN(2014-01-14) Electricity Aq 1yr
840,Baserate,2,11,3,27,10.3,0,0,,,EoN(2014-01-14) Electricity Aq 1yr
838,Baserate,13,11,4,27,10.3,0,0,,,EoN(2014-01-14) Electricity Aq 1yr
838,Baserate,13,11,3,27,10.3,0,0,,,EoN(2014-01-14) Electricity Aq 1yr
838,Baserate,2,11,4,27,10.3,0,0,,,EoN(2014-01-14) Electricity Aq 1yr
838,Baserate,2,11,3,27,10.3,0,0,,,EoN(2014-01-14) Electricity Aq 1yr
838,Baserate,1,11,4,27,10.3,0,0,,,EoN(2014-01-14) Electricity Aq 1yr
838,Baserate,1,11,3,27,10.3,0,0,,,EoN(2014-01-14) Electricity Aq 1yr
840,Baserate,1,11,4,27,10.3,0,0,,,EoN(2014-01-14) Electricity Aq 1yr
840,Baserate,1,11,3,27,10.3,0,0,,,EoN(2014-01-14) Electricity Aq 1yr
873,Baserate,13,11,4,27,10.3,0,0,,,EoN(2014-01-14) Electricity Aq 1yr
873,Baserate,13,11,3,27,10.3,0,0,,,EoN(2014-01-14) Electricity Aq 1yr
837,Baserate,2,11,4,27,10.3,0,0,,,EoN(2014-01-14) Electricity Aq 1yr
837,Baserate,2,11,3,27,10.3,0,0,,,EoN(2014-01-14) Electricity Aq 1yr
34,Nightsaver,21,11,3,27,10.95,6.11,0,,,EoN(2014-01-14) Electricity Aq 1yr
34,Nightsaver,21,11,4,27,10.95,6.11,0,,,EoN(2014-01-14) Electricity Aq 1yr
556,Nightsaver,17,11,3,27,10.95,6.11,0,,,EoN(2014-01-14) Electricity Aq 1yr
556,Nightsaver,17,11,4,27,10.95,6.11,0,,,EoN(2014-01-14) Electricity Aq 1yr
556,Nightsaver,21,11,3,27,10.95,6.11,0,,,EoN(2014-01-14) Electricity Aq 1yr
556,Nightsaver,21,11,4,27,10.95,6.11,0,,,EoN(2014-01-14) Electricity Aq 1yr
556,Nightsaver,23,11,3,27,10.95,6.11,0,,,EoN(2014-01-14) Electricity Aq 1yr
556,Nightsaver,23,11,4,27,10.95,6.11,0,,,EoN(2014-01-14) Electricity Aq 1yr
556,Nightsaver,27,11,3,27,10.95,6.11,0,,,EoN(2014-01-14) Electricity Aq 1yr
556,Nightsaver,27,11,4,27,10.95,6.11,0,,,EoN(2014-01-14) Electricity Aq 1yr
556,Nightsaver,29,11,3,27,10.95,6.11,0,,,EoN(2014-01-14) Electricity Aq 1yr
556,Nightsaver,29,11,4,27,10.95,6.11,0,,,EoN(2014-01-14) Electricity Aq 1yr
33,Nightsaver,140,11,3,27,10.95,6.11,0,,,EoN(2014-01-14) Electricity Aq 1yr
33,Nightsaver,140,11,4,27,10.95,6.11,0,,,EoN(2014-01-14) Electricity Aq 1yr
557,Nightsaver,140,11,3,27,10.95,6.11,0,,,EoN(2014-01-14) Electricity Aq 1yr
557,Nightsaver,140,11,4,27,10.95,6.11,0,,,EoN(2014-01-14) Electricity Aq 1yr
34,Nightsaver,1,11,3,27,10.95,6.11,0,,,EoN(2014-01-14) Electricity Aq 1yr
34,Nightsaver,1,11,4,27,10.95,6.11,0,,,EoN(2014-01-14) Electricity Aq 1yr
557,Nightsaver,119,11,3,27,10.95,6.11,0,,,EoN(2014-01-14) Electricity Aq 1yr
557,Nightsaver,119,11,4,27,10.95,6.11,0,,,EoN(2014-01-14) Electricity Aq 1yr
34,Nightsaver,19,11,3,27,10.95,6.11,0,,,EoN(2014-01-14) Electricity Aq 1yr
34,Nightsaver,19,11,4,27,10.95,6.11,0,,,EoN(2014-01-14) Electricity Aq 1yr
556,Nightsaver,15,11,3,27,10.95,6.11,0,,,EoN(2014-01-14) Electricity Aq 1yr
556,Nightsaver,15,11,4,27,10.95,6.11,0,,,EoN(2014-01-14) Electricity Aq 1yr
33,Nightsaver,27,11,3,27,10.95,6.11,0,,,EoN(2014-01-14) Electricity Aq 1yr
33,Nightsaver,27,11,4,27,10.95,6.11,0,,,EoN(2014-01-14) Electricity Aq 1yr
33,Nightsaver,3,11,3,27,10.95,6.11,0,,,EoN(2014-01-14) Electricity Aq 1yr
33,Nightsaver,3,11,4,27,10.95,6.11,0,,,EoN(2014-01-14) Electricity Aq 1yr
557,Nightsaver,40,11,3,27,10.95,6.11,0,,,EoN(2014-01-14) Electricity Aq 1yr
557,Nightsaver,40,11,4,27,10.95,6.11,0,,,EoN(2014-01-14) Electricity Aq 1yr
557,Nightsaver,101,11,3,27,10.95,6.11,0,,,EoN(2014-01-14) Electricity Aq 1yr
557,Nightsaver,101,11,4,27,10.95,6.11,0,,,EoN(2014-01-14) Electricity Aq 1yr
557,Nightsaver,103,11,3,27,10.95,6.11,0,,,EoN(2014-01-14) Electricity Aq 1yr
557,Nightsaver,103,11,4,27,10.95,6.11,0,,,EoN(2014-01-14) Electricity Aq 1yr
557,Nightsaver,113,11,3,27,10.95,6.11,0,,,EoN(2014-01-14) Electricity Aq 1yr
557,Nightsaver,113,11,4,27,10.95,6.11,0,,,EoN(2014-01-14) Electricity Aq 1yr
557,Nightsaver,134,11,3,27,10.95,6.11,0,,,EoN(2014-01-14) Electricity Aq 1yr
557,Nightsaver,134,11,4,27,10.95,6.11,0,,,EoN(2014-01-14) Electricity Aq 1yr
556,Nightsaver,1,11,3,27,10.95,6.11,0,,,EoN(2014-01-14) Electricity Aq 1yr
556,Nightsaver,1,11,4,27,10.95,6.11,0,,,EoN(2014-01-14) Electricity Aq 1yr
34,Nightsaver,140,11,3,27,10.95,6.11,0,,,EoN(2014-01-14) Electricity Aq 1yr
34,Nightsaver,140,11,4,27,10.95,6.11,0,,,EoN(2014-01-14) Electricity Aq 1yr
33,Nightsaver,103,11,3,27,10.95,6.11,0,,,EoN(2014-01-14) Electricity Aq 1yr
33,Nightsaver,103,11,4,27,10.95,6.11,0,,,EoN(2014-01-14) Electricity Aq 1yr
33,Nightsaver,37,11,3,27,10.95,6.11,0,,,EoN(2014-01-14) Electricity Aq 1yr
33,Nightsaver,37,11,4,27,10.95,6.11,0,,,EoN(2014-01-14) Electricity Aq 1yr
33,Nightsaver,34,11,3,27,10.95,6.11,0,,,EoN(2014-01-14) Electricity Aq 1yr
33,Nightsaver,34,11,4,27,10.95,6.11,0,,,EoN(2014-01-14) Electricity Aq 1yr
33,Nightsaver,29,11,3,27,10.95,6.11,0,,,EoN(2014-01-14) Electricity Aq 1yr
33,Nightsaver,29,11,4,27,10.95,6.11,0,,,EoN(2014-01-14) Electricity Aq 1yr
33,Nightsaver,113,11,3,27,10.95,6.11,0,,,EoN(2014-01-14) Electricity Aq 1yr
33,Nightsaver,113,11,4,27,10.95,6.11,0,,,EoN(2014-01-14) Electricity Aq 1yr
33,Nightsaver,119,11,3,27,10.95,6.11,0,,,EoN(2014-01-14) Electricity Aq 1yr
33,Nightsaver,119,11,4,27,10.95,6.11,0,,,EoN(2014-01-14) Electricity Aq 1yr
556,Nightsaver,12,11,3,27,10.95,6.11,0,,,EoN(2014-01-14) Electricity Aq 1yr
556,Nightsaver,12,11,4,27,10.95,6.11,0,,,EoN(2014-01-14) Electricity Aq 1yr
33,Nightsaver,134,11,3,27,10.95,6.11,0,,,EoN(2014-01-14) Electricity Aq 1yr
33,Nightsaver,134,11,4,27,10.95,6.11,0,,,EoN(2014-01-14) Electricity Aq 1yr
556,Nightsaver,14,11,3,27,10.95,6.11,0,,,EoN(2014-01-14) Electricity Aq 1yr
556,Nightsaver,14,11,4,27,10.95,6.11,0,,,EoN(2014-01-14) Electricity Aq 1yr
556,Nightsaver,2,11,3,27,10.95,6.11,0,,,EoN(2014-01-14) Electricity Aq 1yr
556,Nightsaver,2,11,4,27,10.95,6.11,0,,,EoN(2014-01-14) Electricity Aq 1yr
556,Nightsaver,3,11,3,27,10.95,6.11,0,,,EoN(2014-01-14) Electricity Aq 1yr
556,Nightsaver,3,11,4,27,10.95,6.11,0,,,EoN(2014-01-14) Electricity Aq 1yr
33,Nightsaver,1,11,3,27,10.95,6.11,0,,,EoN(2014-01-14) Electricity Aq 1yr
33,Nightsaver,1,11,4,27,10.95,6.11,0,,,EoN(2014-01-14) Electricity Aq 1yr
556,Nightsaver,40,11,3,27,10.95,6.11,0,,,EoN(2014-01-14) Electricity Aq 1yr
556,Nightsaver,40,11,4,27,10.95,6.11,0,,,EoN(2014-01-14) Electricity Aq 1yr
556,Nightsaver,7,11,3,27,10.95,6.11,0,,,EoN(2014-01-14) Electricity Aq 1yr
556,Nightsaver,7,11,4,27,10.95,6.11,0,,,EoN(2014-01-14) Electricity Aq 1yr
557,Nightsaver,37,11,3,27,10.95,6.11,0,,,EoN(2014-01-14) Electricity Aq 1yr
557,Nightsaver,37,11,4,27,10.95,6.11,0,,,EoN(2014-01-14) Electricity Aq 1yr
556,Nightsaver,13,11,3,27,10.95,6.11,0,,,EoN(2014-01-14) Electricity Aq 1yr
556,Nightsaver,13,11,4,27,10.95,6.11,0,,,EoN(2014-01-14) Electricity Aq 1yr
34,Nightsaver,3,11,3,27,10.95,6.11,0,,,EoN(2014-01-14) Electricity Aq 1yr
34,Nightsaver,3,11,4,27,10.95,6.11,0,,,EoN(2014-01-14) Electricity Aq 1yr
33,Nightsaver,19,11,3,27,10.95,6.11,0,,,EoN(2014-01-14) Electricity Aq 1yr
33,Nightsaver,19,11,4,27,10.95,6.11,0,,,EoN(2014-01-14) Electricity Aq 1yr
557,Nightsaver,2,11,3,27,10.95,6.11,0,,,EoN(2014-01-14) Electricity Aq 1yr
557,Nightsaver,2,11,4,27,10.95,6.11,0,,,EoN(2014-01-14) Electricity Aq 1yr
557,Nightsaver,1,11,3,27,10.95,6.11,0,,,EoN(2014-01-14) Electricity Aq 1yr
557,Nightsaver,1,11,4,27,10.95,6.11,0,,,EoN(2014-01-14) Electricity Aq 1yr
556,Nightsaver,119,11,3,27,10.95,6.11,0,,,EoN(2014-01-14) Electricity Aq 1yr
556,Nightsaver,119,11,4,27,10.95,6.11,0,,,EoN(2014-01-14) Electricity Aq 1yr
34,Nightsaver,12,11,3,27,10.95,6.11,0,,,EoN(2014-01-14) Electricity Aq 1yr
34,Nightsaver,12,11,4,27,10.95,6.11,0,,,EoN(2014-01-14) Electricity Aq 1yr
556,Nightsaver,134,11,3,27,10.95,6.11,0,,,EoN(2014-01-14) Electricity Aq 1yr
556,Nightsaver,134,11,4,27,10.95,6.11,0,,,EoN(2014-01-14) Electricity Aq 1yr
34,Nightsaver,13,11,3,27,10.95,6.11,0,,,EoN(2014-01-14) Electricity Aq 1yr
34,Nightsaver,13,11,4,27,10.95,6.11,0,,,EoN(2014-01-14) Electricity Aq 1yr
556,Nightsaver,140,11,3,27,10.95,6.11,0,,,EoN(2014-01-14) Electricity Aq 1yr
556,Nightsaver,140,11,4,27,10.95,6.11,0,,,EoN(2014-01-14) Electricity Aq 1yr
556,Nightsaver,34,11,3,27,10.95,6.11,0,,,EoN(2014-01-14) Electricity Aq 1yr
556,Nightsaver,34,11,4,27,10.95,6.11,0,,,EoN(2014-01-14) Electricity Aq 1yr
33,Nightsaver,21,11,3,27,10.95,6.11,0,,,EoN(2014-01-14) Electricity Aq 1yr
33,Nightsaver,21,11,4,27,10.95,6.11,0,,,EoN(2014-01-14) Electricity Aq 1yr
556,Nightsaver,103,11,3,27,10.95,6.11,0,,,EoN(2014-01-14) Electricity Aq 1yr
556,Nightsaver,103,11,4,27,10.95,6.11,0,,,EoN(2014-01-14) Electricity Aq 1yr
34,Nightsaver,17,11,3,27,10.95,6.11,0,,,EoN(2014-01-14) Electricity Aq 1yr
34,Nightsaver,17,11,4,27,10.95,6.11,0,,,EoN(2014-01-14) Electricity Aq 1yr
34,Nightsaver,15,11,3,27,10.95,6.11,0,,,EoN(2014-01-14) Electricity Aq 1yr
34,Nightsaver,15,11,4,27,10.95,6.11,0,,,EoN(2014-01-14) Electricity Aq 1yr
33,Nightsaver,17,11,3,27,10.95,6.11,0,,,EoN(2014-01-14) Electricity Aq 1yr
33,Nightsaver,17,11,4,27,10.95,6.11,0,,,EoN(2014-01-14) Electricity Aq 1yr
33,Nightsaver,15,11,3,27,10.95,6.11,0,,,EoN(2014-01-14) Electricity Aq 1yr
33,Nightsaver,15,11,4,27,10.95,6.11,0,,,EoN(2014-01-14) Electricity Aq 1yr
33,Nightsaver,14,11,3,27,10.95,6.11,0,,,EoN(2014-01-14) Electricity Aq 1yr
33,Nightsaver,14,11,4,27,10.95,6.11,0,,,EoN(2014-01-14) Electricity Aq 1yr
34,Nightsaver,14,11,3,27,10.95,6.11,0,,,EoN(2014-01-14) Electricity Aq 1yr
34,Nightsaver,14,11,4,27,10.95,6.11,0,,,EoN(2014-01-14) Electricity Aq 1yr
33,Nightsaver,13,11,3,27,10.95,6.11,0,,,EoN(2014-01-14) Electricity Aq 1yr
33,Nightsaver,13,11,4,27,10.95,6.11,0,,,EoN(2014-01-14) Electricity Aq 1yr
33,Nightsaver,23,11,3,27,10.95,6.11,0,,,EoN(2014-01-14) Electricity Aq 1yr
33,Nightsaver,23,11,4,27,10.95,6.11,0,,,EoN(2014-01-14) Electricity Aq 1yr
557,Nightsaver,15,11,3,27,10.95,6.11,0,,,EoN(2014-01-14) Electricity Aq 1yr
557,Nightsaver,15,11,4,27,10.95,6.11,0,,,EoN(2014-01-14) Electricity Aq 1yr
557,Nightsaver,29,11,3,27,10.95,6.11,0,,,EoN(2014-01-14) Electricity Aq 1yr
557,Nightsaver,29,11,4,27,10.95,6.11,0,,,EoN(2014-01-14) Electricity Aq 1yr
557,Nightsaver,27,11,3,27,10.95,6.11,0,,,EoN(2014-01-14) Electricity Aq 1yr
557,Nightsaver,27,11,4,27,10.95,6.11,0,,,EoN(2014-01-14) Electricity Aq 1yr
34,Nightsaver,134,11,3,27,10.95,6.11,0,,,EoN(2014-01-14) Electricity Aq 1yr
34,Nightsaver,134,11,4,27,10.95,6.11,0,,,EoN(2014-01-14) Electricity Aq 1yr
556,Nightsaver,37,11,3,27,10.95,6.11,0,,,EoN(2014-01-14) Electricity Aq 1yr
556,Nightsaver,37,11,4,27,10.95,6.11,0,,,EoN(2014-01-14) Electricity Aq 1yr
556,Nightsaver,19,11,3,27,10.95,6.11,0,,,EoN(2014-01-14) Electricity Aq 1yr
556,Nightsaver,19,11,4,27,10.95,6.11,0,,,EoN(2014-01-14) Electricity Aq 1yr
557,Nightsaver,23,11,3,27,10.95,6.11,0,,,EoN(2014-01-14) Electricity Aq 1yr
557,Nightsaver,23,11,4,27,10.95,6.11,0,,,EoN(2014-01-14) Electricity Aq 1yr
557,Nightsaver,21,11,3,27,10.95,6.11,0,,,EoN(2014-01-14) Electricity Aq 1yr
557,Nightsaver,21,11,4,27,10.95,6.11,0,,,EoN(2014-01-14) Electricity Aq 1yr
556,Nightsaver,113,11,3,27,10.95,6.11,0,,,EoN(2014-01-14) Electricity Aq 1yr
556,Nightsaver,113,11,4,27,10.95,6.11,0,,,EoN(2014-01-14) Electricity Aq 1yr
557,Nightsaver,17,11,3,27,10.95,6.11,0,,,EoN(2014-01-14) Electricity Aq 1yr
557,Nightsaver,17,11,4,27,10.95,6.11,0,,,EoN(2014-01-14) Electricity Aq 1yr
33,Nightsaver,12,11,3,27,10.95,6.11,0,,,EoN(2014-01-14) Electricity Aq 1yr
33,Nightsaver,12,11,4,27,10.95,6.11,0,,,EoN(2014-01-14) Electricity Aq 1yr
556,Nightsaver,101,11,3,27,10.95,6.11,0,,,EoN(2014-01-14) Electricity Aq 1yr
556,Nightsaver,101,11,4,27,10.95,6.11,0,,,EoN(2014-01-14) Electricity Aq 1yr
557,Nightsaver,14,11,3,27,10.95,6.11,0,,,EoN(2014-01-14) Electricity Aq 1yr
557,Nightsaver,14,11,4,27,10.95,6.11,0,,,EoN(2014-01-14) Electricity Aq 1yr
557,Nightsaver,13,11,3,27,10.95,6.11,0,,,EoN(2014-01-14) Electricity Aq 1yr
557,Nightsaver,13,11,4,27,10.95,6.11,0,,,EoN(2014-01-14) Electricity Aq 1yr
557,Nightsaver,12,11,3,27,10.95,6.11,0,,,EoN(2014-01-14) Electricity Aq 1yr
557,Nightsaver,12,11,4,27,10.95,6.11,0,,,EoN(2014-01-14) Electricity Aq 1yr
557,Nightsaver,7,11,3,27,10.95,6.11,0,,,EoN(2014-01-14) Electricity Aq 1yr
557,Nightsaver,7,11,4,27,10.95,6.11,0,,,EoN(2014-01-14) Electricity Aq 1yr
557,Nightsaver,3,11,3,27,10.95,6.11,0,,,EoN(2014-01-14) Electricity Aq 1yr
557,Nightsaver,3,11,4,27,10.95,6.11,0,,,EoN(2014-01-14) Electricity Aq 1yr
33,Nightsaver,40,11,3,27,10.95,6.11,0,,,EoN(2014-01-14) Electricity Aq 1yr
33,Nightsaver,40,11,4,27,10.95,6.11,0,,,EoN(2014-01-14) Electricity Aq 1yr
557,Nightsaver,34,11,3,27,10.95,6.11,0,,,EoN(2014-01-14) Electricity Aq 1yr
557,Nightsaver,34,11,4,27,10.95,6.11,0,,,EoN(2014-01-14) Electricity Aq 1yr
557,Nightsaver,19,11,3,27,10.95,6.11,0,,,EoN(2014-01-14) Electricity Aq 1yr
557,Nightsaver,19,11,4,27,10.95,6.11,0,,,EoN(2014-01-14) Electricity Aq 1yr
34,Nightsaver,34,11,3,27,10.95,6.11,0,,,EoN(2014-01-14) Electricity Aq 1yr
34,Nightsaver,34,11,4,27,10.95,6.11,0,,,EoN(2014-01-14) Electricity Aq 1yr
33,Nightsaver,101,11,3,27,10.95,6.11,0,,,EoN(2014-01-14) Electricity Aq 1yr
33,Nightsaver,101,11,4,27,10.95,6.11,0,,,EoN(2014-01-14) Electricity Aq 1yr
34,Nightsaver,23,11,3,27,10.95,6.11,0,,,EoN(2014-01-14) Electricity Aq 1yr
34,Nightsaver,23,11,4,27,10.95,6.11,0,,,EoN(2014-01-14) Electricity Aq 1yr
34,Nightsaver,27,11,3,27,10.95,6.11,0,,,EoN(2014-01-14) Electricity Aq 1yr
34,Nightsaver,27,11,4,27,10.95,6.11,0,,,EoN(2014-01-14) Electricity Aq 1yr
34,Nightsaver,29,11,3,27,10.95,6.11,0,,,EoN(2014-01-14) Electricity Aq 1yr
34,Nightsaver,29,11,4,27,10.95,6.11,0,,,EoN(2014-01-14) Electricity Aq 1yr
34,Nightsaver,37,11,3,27,10.95,6.11,0,,,EoN(2014-01-14) Electricity Aq 1yr
34,Nightsaver,37,11,4,27,10.95,6.11,0,,,EoN(2014-01-14) Electricity Aq 1yr
34,Nightsaver,40,11,3,27,10.95,6.11,0,,,EoN(2014-01-14) Electricity Aq 1yr
34,Nightsaver,40,11,4,27,10.95,6.11,0,,,EoN(2014-01-14) Electricity Aq 1yr
34,Nightsaver,101,11,3,27,10.95,6.11,0,,,EoN(2014-01-14) Electricity Aq 1yr
34,Nightsaver,101,11,4,27,10.95,6.11,0,,,EoN(2014-01-14) Electricity Aq 1yr
34,Nightsaver,103,11,3,27,10.95,6.11,0,,,EoN(2014-01-14) Electricity Aq 1yr
34,Nightsaver,103,11,4,27,10.95,6.11,0,,,EoN(2014-01-14) Electricity Aq 1yr
34,Nightsaver,113,11,3,27,10.95,6.11,0,,,EoN(2014-01-14) Electricity Aq 1yr
34,Nightsaver,113,11,4,27,10.95,6.11,0,,,EoN(2014-01-14) Electricity Aq 1yr
34,Nightsaver,119,11,3,27,10.95,6.11,0,,,EoN(2014-01-14) Electricity Aq 1yr
34,Nightsaver,119,11,4,27,10.95,6.11,0,,,EoN(2014-01-14) Electricity Aq 1yr
29,Flexirate 2,33,11,4,27,10.95,0,9.64,,,EoN(2014-01-14) Electricity Aq 1yr
29,Flexirate 2,33,11,3,27,10.95,0,9.64,,,EoN(2014-01-14) Electricity Aq 1yr
30,Flexirate 2,14,11,4,27,10.95,0,9.64,,,EoN(2014-01-14) Electricity Aq 1yr
30,Flexirate 2,14,11,3,27,10.95,0,9.64,,,EoN(2014-01-14) Electricity Aq 1yr
29,Flexirate 2,41,11,4,27,10.95,0,9.64,,,EoN(2014-01-14) Electricity Aq 1yr
29,Flexirate 2,41,11,3,27,10.95,0,9.64,,,EoN(2014-01-14) Electricity Aq 1yr
29,Flexirate 2,39,11,4,27,10.95,0,9.64,,,EoN(2014-01-14) Electricity Aq 1yr
29,Flexirate 2,39,11,3,27,10.95,0,9.64,,,EoN(2014-01-14) Electricity Aq 1yr
30,Flexirate 2,13,11,4,27,10.95,0,9.64,,,EoN(2014-01-14) Electricity Aq 1yr
30,Flexirate 2,13,11,3,27,10.95,0,9.64,,,EoN(2014-01-14) Electricity Aq 1yr
29,Flexirate 2,34,11,4,27,10.95,0,9.64,,,EoN(2014-01-14) Electricity Aq 1yr
29,Flexirate 2,34,11,3,27,10.95,0,9.64,,,EoN(2014-01-14) Electricity Aq 1yr
29,Flexirate 2,25,11,4,27,10.95,0,9.64,,,EoN(2014-01-14) Electricity Aq 1yr
29,Flexirate 2,25,11,3,27,10.95,0,9.64,,,EoN(2014-01-14) Electricity Aq 1yr
29,Flexirate 2,17,11,4,27,10.95,0,9.64,,,EoN(2014-01-14) Electricity Aq 1yr
29,Flexirate 2,17,11,3,27,10.95,0,9.64,,,EoN(2014-01-14) Electricity Aq 1yr
30,Flexirate 2,15,11,4,27,10.95,0,9.64,,,EoN(2014-01-14) Electricity Aq 1yr
30,Flexirate 2,15,11,3,27,10.95,0,9.64,,,EoN(2014-01-14) Electricity Aq 1yr
30,Flexirate 2,17,11,4,27,10.95,0,9.64,,,EoN(2014-01-14) Electricity Aq 1yr
30,Flexirate 2,17,11,3,27,10.95,0,9.64,,,EoN(2014-01-14) Electricity Aq 1yr
29,Flexirate 2,35,11,4,27,10.95,0,9.64,,,EoN(2014-01-14) Electricity Aq 1yr
29,Flexirate 2,35,11,3,27,10.95,0,9.64,,,EoN(2014-01-14) Electricity Aq 1yr
30,Flexirate 2,46,11,4,27,10.95,0,9.64,,,EoN(2014-01-14) Electricity Aq 1yr
30,Flexirate 2,46,11,3,27,10.95,0,9.64,,,EoN(2014-01-14) Electricity Aq 1yr
30,Flexirate 2,134,11,4,27,10.95,0,9.64,,,EoN(2014-01-14) Electricity Aq 1yr
30,Flexirate 2,134,11,3,27,10.95,0,9.64,,,EoN(2014-01-14) Electricity Aq 1yr
30,Flexirate 2,146,11,4,27,10.95,0,9.64,,,EoN(2014-01-14) Electricity Aq 1yr
30,Flexirate 2,146,11,3,27,10.95,0,9.64,,,EoN(2014-01-14) Electricity Aq 1yr
29,Flexirate 2,15,11,4,27,10.95,0,9.64,,,EoN(2014-01-14) Electricity Aq 1yr
29,Flexirate 2,15,11,3,27,10.95,0,9.64,,,EoN(2014-01-14) Electricity Aq 1yr
30,Flexirate 2,12,11,4,27,10.95,0,9.64,,,EoN(2014-01-14) Electricity Aq 1yr
30,Flexirate 2,12,11,3,27,10.95,0,9.64,,,EoN(2014-01-14) Electricity Aq 1yr
559,Flexirate 2,125,11,4,27,10.95,0,9.64,,,EoN(2014-01-14) Electricity Aq 1yr
559,Flexirate 2,125,11,3,27,10.95,0,9.64,,,EoN(2014-01-14) Electricity Aq 1yr
30,Flexirate 2,113,11,4,27,10.95,0,9.64,,,EoN(2014-01-14) Electricity Aq 1yr
30,Flexirate 2,113,11,3,27,10.95,0,9.64,,,EoN(2014-01-14) Electricity Aq 1yr
559,Flexirate 2,146,11,4,27,10.95,0,9.64,,,EoN(2014-01-14) Electricity Aq 1yr
559,Flexirate 2,146,11,3,27,10.95,0,9.64,,,EoN(2014-01-14) Electricity Aq 1yr
30,Flexirate 2,125,11,4,27,10.95,0,9.64,,,EoN(2014-01-14) Electricity Aq 1yr
30,Flexirate 2,125,11,3,27,10.95,0,9.64,,,EoN(2014-01-14) Electricity Aq 1yr
559,Flexirate 2,13,11,4,27,10.95,0,9.64,,,EoN(2014-01-14) Electricity Aq 1yr
559,Flexirate 2,13,11,3,27,10.95,0,9.64,,,EoN(2014-01-14) Electricity Aq 1yr
29,Flexirate 2,13,11,4,27,10.95,0,9.64,,,EoN(2014-01-14) Electricity Aq 1yr
29,Flexirate 2,13,11,3,27,10.95,0,9.64,,,EoN(2014-01-14) Electricity Aq 1yr
30,Flexirate 2,25,11,4,27,10.95,0,9.64,,,EoN(2014-01-14) Electricity Aq 1yr
30,Flexirate 2,25,11,3,27,10.95,0,9.64,,,EoN(2014-01-14) Electricity Aq 1yr
558,Flexirate 2,146,11,4,27,10.95,0,9.64,,,EoN(2014-01-14) Electricity Aq 1yr
558,Flexirate 2,146,11,3,27,10.95,0,9.64,,,EoN(2014-01-14) Electricity Aq 1yr
29,Flexirate 2,12,11,4,27,10.95,0,9.64,,,EoN(2014-01-14) Electricity Aq 1yr
29,Flexirate 2,12,11,3,27,10.95,0,9.64,,,EoN(2014-01-14) Electricity Aq 1yr
559,Flexirate 2,46,11,4,27,10.95,0,9.64,,,EoN(2014-01-14) Electricity Aq 1yr
559,Flexirate 2,46,11,3,27,10.95,0,9.64,,,EoN(2014-01-14) Electricity Aq 1yr
559,Flexirate 2,43,11,4,27,10.95,0,9.64,,,EoN(2014-01-14) Electricity Aq 1yr
559,Flexirate 2,43,11,3,27,10.95,0,9.64,,,EoN(2014-01-14) Electricity Aq 1yr
559,Flexirate 2,35,11,4,27,10.95,0,9.64,,,EoN(2014-01-14) Electricity Aq 1yr
559,Flexirate 2,35,11,3,27,10.95,0,9.64,,,EoN(2014-01-14) Electricity Aq 1yr
559,Flexirate 2,39,11,4,27,10.95,0,9.64,,,EoN(2014-01-14) Electricity Aq 1yr
559,Flexirate 2,39,11,3,27,10.95,0,9.64,,,EoN(2014-01-14) Electricity Aq 1yr
558,Flexirate 2,46,11,4,27,10.95,0,9.64,,,EoN(2014-01-14) Electricity Aq 1yr
558,Flexirate 2,46,11,3,27,10.95,0,9.64,,,EoN(2014-01-14) Electricity Aq 1yr
30,Flexirate 2,35,11,4,27,10.95,0,9.64,,,EoN(2014-01-14) Electricity Aq 1yr
30,Flexirate 2,35,11,3,27,10.95,0,9.64,,,EoN(2014-01-14) Electricity Aq 1yr
558,Flexirate 2,43,11,4,27,10.95,0,9.64,,,EoN(2014-01-14) Electricity Aq 1yr
558,Flexirate 2,43,11,3,27,10.95,0,9.64,,,EoN(2014-01-14) Electricity Aq 1yr
30,Flexirate 2,39,11,4,27,10.95,0,9.64,,,EoN(2014-01-14) Electricity Aq 1yr
30,Flexirate 2,39,11,3,27,10.95,0,9.64,,,EoN(2014-01-14) Electricity Aq 1yr
30,Flexirate 2,41,11,4,27,10.95,0,9.64,,,EoN(2014-01-14) Electricity Aq 1yr
30,Flexirate 2,41,11,3,27,10.95,0,9.64,,,EoN(2014-01-14) Electricity Aq 1yr
30,Flexirate 2,43,11,4,27,10.95,0,9.64,,,EoN(2014-01-14) Electricity Aq 1yr
30,Flexirate 2,43,11,3,27,10.95,0,9.64,,,EoN(2014-01-14) Electricity Aq 1yr
559,Flexirate 2,41,11,4,27,10.95,0,9.64,,,EoN(2014-01-14) Electricity Aq 1yr
559,Flexirate 2,41,11,3,27,10.95,0,9.64,,,EoN(2014-01-14) Electricity Aq 1yr
558,Flexirate 2,33,11,4,27,10.95,0,9.64,,,EoN(2014-01-14) Electricity Aq 1yr
558,Flexirate 2,33,11,3,27,10.95,0,9.64,,,EoN(2014-01-14) Electricity Aq 1yr
559,Flexirate 2,25,11,4,27,10.95,0,9.64,,,EoN(2014-01-14) Electricity Aq 1yr
559,Flexirate 2,25,11,3,27,10.95,0,9.64,,,EoN(2014-01-14) Electricity Aq 1yr
559,Flexirate 2,33,11,4,27,10.95,0,9.64,,,EoN(2014-01-14) Electricity Aq 1yr
559,Flexirate 2,33,11,3,27,10.95,0,9.64,,,EoN(2014-01-14) Electricity Aq 1yr
30,Flexirate 2,34,11,4,27,10.95,0,9.64,,,EoN(2014-01-14) Electricity Aq 1yr
30,Flexirate 2,34,11,3,27,10.95,0,9.64,,,EoN(2014-01-14) Electricity Aq 1yr
558,Flexirate 2,125,11,4,27,10.95,0,9.64,,,EoN(2014-01-14) Electricity Aq 1yr
558,Flexirate 2,125,11,3,27,10.95,0,9.64,,,EoN(2014-01-14) Electricity Aq 1yr
558,Flexirate 2,25,11,4,27,10.95,0,9.64,,,EoN(2014-01-14) Electricity Aq 1yr
558,Flexirate 2,25,11,3,27,10.95,0,9.64,,,EoN(2014-01-14) Electricity Aq 1yr
30,Flexirate 2,33,11,4,27,10.95,0,9.64,,,EoN(2014-01-14) Electricity Aq 1yr
30,Flexirate 2,33,11,3,27,10.95,0,9.64,,,EoN(2014-01-14) Electricity Aq 1yr
29,Flexirate 2,14,11,4,27,10.95,0,9.64,,,EoN(2014-01-14) Electricity Aq 1yr
29,Flexirate 2,14,11,3,27,10.95,0,9.64,,,EoN(2014-01-14) Electricity Aq 1yr
558,Flexirate 2,35,11,4,27,10.95,0,9.64,,,EoN(2014-01-14) Electricity Aq 1yr
558,Flexirate 2,35,11,3,27,10.95,0,9.64,,,EoN(2014-01-14) Electricity Aq 1yr
558,Flexirate 2,39,11,4,27,10.95,0,9.64,,,EoN(2014-01-14) Electricity Aq 1yr
558,Flexirate 2,39,11,3,27,10.95,0,9.64,,,EoN(2014-01-14) Electricity Aq 1yr
558,Flexirate 2,41,11,4,27,10.95,0,9.64,,,EoN(2014-01-14) Electricity Aq 1yr
558,Flexirate 2,41,11,3,27,10.95,0,9.64,,,EoN(2014-01-14) Electricity Aq 1yr
558,Flexirate 2,13,11,4,27,10.95,0,9.64,,,EoN(2014-01-14) Electricity Aq 1yr
558,Flexirate 2,13,11,3,27,10.95,0,9.64,,,EoN(2014-01-14) Electricity Aq 1yr
29,Flexirate 2,134,11,4,27,10.95,0,9.64,,,EoN(2014-01-14) Electricity Aq 1yr
29,Flexirate 2,134,11,3,27,10.95,0,9.64,,,EoN(2014-01-14) Electricity Aq 1yr
29,Flexirate 2,125,11,4,27,10.95,0,9.64,,,EoN(2014-01-14) Electricity Aq 1yr
29,Flexirate 2,125,11,3,27,10.95,0,9.64,,,EoN(2014-01-14) Electricity Aq 1yr
29,Flexirate 2,113,11,4,27,10.95,0,9.64,,,EoN(2014-01-14) Electricity Aq 1yr
29,Flexirate 2,113,11,3,27,10.95,0,9.64,,,EoN(2014-01-14) Electricity Aq 1yr
29,Flexirate 2,46,11,4,27,10.95,0,9.64,,,EoN(2014-01-14) Electricity Aq 1yr
29,Flexirate 2,46,11,3,27,10.95,0,9.64,,,EoN(2014-01-14) Electricity Aq 1yr
29,Flexirate 2,146,11,4,27,10.95,0,9.64,,,EoN(2014-01-14) Electricity Aq 1yr
29,Flexirate 2,146,11,3,27,10.95,0,9.64,,,EoN(2014-01-14) Electricity Aq 1yr
29,Flexirate 2,43,11,4,27,10.95,0,9.64,,,EoN(2014-01-14) Electricity Aq 1yr
29,Flexirate 2,43,11,3,27,10.95,0,9.64,,,EoN(2014-01-14) Electricity Aq 1yr
31,Flexirate 3,152,11,4,27,11.26,6.11,10.42,,,EoN(2014-01-14) Electricity Aq 1yr
31,Flexirate 3,152,11,3,27,11.26,6.11,10.42,,,EoN(2014-01-14) Electricity Aq 1yr
561,Flexirate 3,131,11,4,27,11.26,6.11,10.42,,,EoN(2014-01-14) Electricity Aq 1yr
561,Flexirate 3,131,11,3,27,11.26,6.11,10.42,,,EoN(2014-01-14) Electricity Aq 1yr
561,Flexirate 3,53,11,4,27,11.26,6.11,10.42,,,EoN(2014-01-14) Electricity Aq 1yr
561,Flexirate 3,53,11,3,27,11.26,6.11,10.42,,,EoN(2014-01-14) Electricity Aq 1yr
561,Flexirate 3,52,11,4,27,11.26,6.11,10.42,,,EoN(2014-01-14) Electricity Aq 1yr
561,Flexirate 3,52,11,3,27,11.26,6.11,10.42,,,EoN(2014-01-14) Electricity Aq 1yr
561,Flexirate 3,51,11,4,27,11.26,6.11,10.42,,,EoN(2014-01-14) Electricity Aq 1yr
561,Flexirate 3,51,11,3,27,11.26,6.11,10.42,,,EoN(2014-01-14) Electricity Aq 1yr
561,Flexirate 3,47,11,4,27,11.26,6.11,10.42,,,EoN(2014-01-14) Electricity Aq 1yr
561,Flexirate 3,47,11,3,27,11.26,6.11,10.42,,,EoN(2014-01-14) Electricity Aq 1yr
561,Flexirate 3,45,11,4,27,11.26,6.11,10.42,,,EoN(2014-01-14) Electricity Aq 1yr
561,Flexirate 3,45,11,3,27,11.26,6.11,10.42,,,EoN(2014-01-14) Electricity Aq 1yr
31,Flexirate 3,17,11,4,27,11.26,6.11,10.42,,,EoN(2014-01-14) Electricity Aq 1yr
31,Flexirate 3,17,11,3,27,11.26,6.11,10.42,,,EoN(2014-01-14) Electricity Aq 1yr
561,Flexirate 3,31,11,4,27,11.26,6.11,10.42,,,EoN(2014-01-14) Electricity Aq 1yr
561,Flexirate 3,31,11,3,27,11.26,6.11,10.42,,,EoN(2014-01-14) Electricity Aq 1yr
32,Flexirate 3,13,11,4,27,11.26,6.11,10.42,,,EoN(2014-01-14) Electricity Aq 1yr
32,Flexirate 3,13,11,3,27,11.26,6.11,10.42,,,EoN(2014-01-14) Electricity Aq 1yr
32,Flexirate 3,37,11,4,27,11.26,6.11,10.42,,,EoN(2014-01-14) Electricity Aq 1yr
32,Flexirate 3,37,11,3,27,11.26,6.11,10.42,,,EoN(2014-01-14) Electricity Aq 1yr
31,Flexirate 3,31,11,4,27,11.26,6.11,10.42,,,EoN(2014-01-14) Electricity Aq 1yr
31,Flexirate 3,31,11,3,27,11.26,6.11,10.42,,,EoN(2014-01-14) Electricity Aq 1yr
560,Flexirate 3,45,11,4,27,11.26,6.11,10.42,,,EoN(2014-01-14) Electricity Aq 1yr
560,Flexirate 3,45,11,3,27,11.26,6.11,10.42,,,EoN(2014-01-14) Electricity Aq 1yr
32,Flexirate 3,17,11,4,27,11.26,6.11,10.42,,,EoN(2014-01-14) Electricity Aq 1yr
32,Flexirate 3,17,11,3,27,11.26,6.11,10.42,,,EoN(2014-01-14) Electricity Aq 1yr
31,Flexirate 3,37,11,4,27,11.26,6.11,10.42,,,EoN(2014-01-14) Electricity Aq 1yr
31,Flexirate 3,37,11,3,27,11.26,6.11,10.42,,,EoN(2014-01-14) Electricity Aq 1yr
561,Flexirate 3,37,11,4,27,11.26,6.11,10.42,,,EoN(2014-01-14) Electricity Aq 1yr
561,Flexirate 3,37,11,3,27,11.26,6.11,10.42,,,EoN(2014-01-14) Electricity Aq 1yr
32,Flexirate 3,131,11,4,27,11.26,6.11,10.42,,,EoN(2014-01-14) Electricity Aq 1yr
32,Flexirate 3,131,11,3,27,11.26,6.11,10.42,,,EoN(2014-01-14) Electricity Aq 1yr
31,Flexirate 3,51,11,4,27,11.26,6.11,10.42,,,EoN(2014-01-14) Electricity Aq 1yr
31,Flexirate 3,51,11,3,27,11.26,6.11,10.42,,,EoN(2014-01-14) Electricity Aq 1yr
560,Flexirate 3,152,11,4,27,11.26,6.11,10.42,,,EoN(2014-01-14) Electricity Aq 1yr
560,Flexirate 3,152,11,3,27,11.26,6.11,10.42,,,EoN(2014-01-14) Electricity Aq 1yr
32,Flexirate 3,52,11,4,27,11.26,6.11,10.42,,,EoN(2014-01-14) Electricity Aq 1yr
32,Flexirate 3,52,11,3,27,11.26,6.11,10.42,,,EoN(2014-01-14) Electricity Aq 1yr
31,Flexirate 3,14,11,4,27,11.26,6.11,10.42,,,EoN(2014-01-14) Electricity Aq 1yr
31,Flexirate 3,14,11,3,27,11.26,6.11,10.42,,,EoN(2014-01-14) Electricity Aq 1yr
32,Flexirate 3,51,11,4,27,11.26,6.11,10.42,,,EoN(2014-01-14) Electricity Aq 1yr
32,Flexirate 3,51,11,3,27,11.26,6.11,10.42,,,EoN(2014-01-14) Electricity Aq 1yr
32,Flexirate 3,15,11,4,27,11.26,6.11,10.42,,,EoN(2014-01-14) Electricity Aq 1yr
32,Flexirate 3,15,11,3,27,11.26,6.11,10.42,,,EoN(2014-01-14) Electricity Aq 1yr
560,Flexirate 3,131,11,4,27,11.26,6.11,10.42,,,EoN(2014-01-14) Electricity Aq 1yr
560,Flexirate 3,131,11,3,27,11.26,6.11,10.42,,,EoN(2014-01-14) Electricity Aq 1yr
32,Flexirate 3,47,11,4,27,11.26,6.11,10.42,,,EoN(2014-01-14) Electricity Aq 1yr
32,Flexirate 3,47,11,3,27,11.26,6.11,10.42,,,EoN(2014-01-14) Electricity Aq 1yr
32,Flexirate 3,152,11,4,27,11.26,6.11,10.42,,,EoN(2014-01-14) Electricity Aq 1yr
32,Flexirate 3,152,11,3,27,11.26,6.11,10.42,,,EoN(2014-01-14) Electricity Aq 1yr
31,Flexirate 3,45,11,4,27,11.26,6.11,10.42,,,EoN(2014-01-14) Electricity Aq 1yr
31,Flexirate 3,45,11,3,27,11.26,6.11,10.42,,,EoN(2014-01-14) Electricity Aq 1yr
32,Flexirate 3,14,11,4,27,11.26,6.11,10.42,,,EoN(2014-01-14) Electricity Aq 1yr
32,Flexirate 3,14,11,3,27,11.26,6.11,10.42,,,EoN(2014-01-14) Electricity Aq 1yr
31,Flexirate 3,47,11,4,27,11.26,6.11,10.42,,,EoN(2014-01-14) Electricity Aq 1yr
31,Flexirate 3,47,11,3,27,11.26,6.11,10.42,,,EoN(2014-01-14) Electricity Aq 1yr
31,Flexirate 3,34,11,4,27,11.26,6.11,10.42,,,EoN(2014-01-14) Electricity Aq 1yr
31,Flexirate 3,34,11,3,27,11.26,6.11,10.42,,,EoN(2014-01-14) Electricity Aq 1yr
31,Flexirate 3,13,11,4,27,11.26,6.11,10.42,,,EoN(2014-01-14) Electricity Aq 1yr
31,Flexirate 3,13,11,3,27,11.26,6.11,10.42,,,EoN(2014-01-14) Electricity Aq 1yr
32,Flexirate 3,34,11,4,27,11.26,6.11,10.42,,,EoN(2014-01-14) Electricity Aq 1yr
32,Flexirate 3,34,11,3,27,11.26,6.11,10.42,,,EoN(2014-01-14) Electricity Aq 1yr
31,Flexirate 3,15,11,4,27,11.26,6.11,10.42,,,EoN(2014-01-14) Electricity Aq 1yr
31,Flexirate 3,15,11,3,27,11.26,6.11,10.42,,,EoN(2014-01-14) Electricity Aq 1yr
32,Flexirate 3,134,11,4,27,11.26,6.11,10.42,,,EoN(2014-01-14) Electricity Aq 1yr
32,Flexirate 3,134,11,3,27,11.26,6.11,10.42,,,EoN(2014-01-14) Electricity Aq 1yr
32,Flexirate 3,12,11,4,27,11.26,6.11,10.42,,,EoN(2014-01-14) Electricity Aq 1yr
32,Flexirate 3,12,11,3,27,11.26,6.11,10.42,,,EoN(2014-01-14) Electricity Aq 1yr
32,Flexirate 3,53,11,4,27,11.26,6.11,10.42,,,EoN(2014-01-14) Electricity Aq 1yr
32,Flexirate 3,53,11,3,27,11.26,6.11,10.42,,,EoN(2014-01-14) Electricity Aq 1yr
560,Flexirate 3,53,11,4,27,11.26,6.11,10.42,,,EoN(2014-01-14) Electricity Aq 1yr
560,Flexirate 3,53,11,3,27,11.26,6.11,10.42,,,EoN(2014-01-14) Electricity Aq 1yr
31,Flexirate 3,131,11,4,27,11.26,6.11,10.42,,,EoN(2014-01-14) Electricity Aq 1yr
31,Flexirate 3,131,11,3,27,11.26,6.11,10.42,,,EoN(2014-01-14) Electricity Aq 1yr
32,Flexirate 3,113,11,4,27,11.26,6.11,10.42,,,EoN(2014-01-14) Electricity Aq 1yr
32,Flexirate 3,113,11,3,27,11.26,6.11,10.42,,,EoN(2014-01-14) Electricity Aq 1yr
31,Flexirate 3,12,11,4,27,11.26,6.11,10.42,,,EoN(2014-01-14) Electricity Aq 1yr
31,Flexirate 3,12,11,3,27,11.26,6.11,10.42,,,EoN(2014-01-14) Electricity Aq 1yr
560,Flexirate 3,51,11,4,27,11.26,6.11,10.42,,,EoN(2014-01-14) Electricity Aq 1yr
560,Flexirate 3,51,11,3,27,11.26,6.11,10.42,,,EoN(2014-01-14) Electricity Aq 1yr
31,Flexirate 3,113,11,4,27,11.26,6.11,10.42,,,EoN(2014-01-14) Electricity Aq 1yr
31,Flexirate 3,113,11,3,27,11.26,6.11,10.42,,,EoN(2014-01-14) Electricity Aq 1yr
560,Flexirate 3,52,11,4,27,11.26,6.11,10.42,,,EoN(2014-01-14) Electricity Aq 1yr
560,Flexirate 3,52,11,3,27,11.26,6.11,10.42,,,EoN(2014-01-14) Electricity Aq 1yr
31,Flexirate 3,53,11,4,27,11.26,6.11,10.42,,,EoN(2014-01-14) Electricity Aq 1yr
31,Flexirate 3,53,11,3,27,11.26,6.11,10.42,,,EoN(2014-01-14) Electricity Aq 1yr
31,Flexirate 3,52,11,4,27,11.26,6.11,10.42,,,EoN(2014-01-14) Electricity Aq 1yr
31,Flexirate 3,52,11,3,27,11.26,6.11,10.42,,,EoN(2014-01-14) Electricity Aq 1yr
31,Flexirate 3,134,11,4,27,11.26,6.11,10.42,,,EoN(2014-01-14) Electricity Aq 1yr
31,Flexirate 3,134,11,3,27,11.26,6.11,10.42,,,EoN(2014-01-14) Electricity Aq 1yr
561,Flexirate 3,152,11,4,27,11.26,6.11,10.42,,,EoN(2014-01-14) Electricity Aq 1yr
561,Flexirate 3,152,11,3,27,11.26,6.11,10.42,,,EoN(2014-01-14) Electricity Aq 1yr
560,Flexirate 3,31,11,4,27,11.26,6.11,10.42,,,EoN(2014-01-14) Electricity Aq 1yr
560,Flexirate 3,31,11,3,27,11.26,6.11,10.42,,,EoN(2014-01-14) Electricity Aq 1yr
560,Flexirate 3,37,11,4,27,11.26,6.11,10.42,,,EoN(2014-01-14) Electricity Aq 1yr
560,Flexirate 3,37,11,3,27,11.26,6.11,10.42,,,EoN(2014-01-14) Electricity Aq 1yr
32,Flexirate 3,31,11,4,27,11.26,6.11,10.42,,,EoN(2014-01-14) Electricity Aq 1yr
32,Flexirate 3,31,11,3,27,11.26,6.11,10.42,,,EoN(2014-01-14) Electricity Aq 1yr
32,Flexirate 3,45,11,4,27,11.26,6.11,10.42,,,EoN(2014-01-14) Electricity Aq 1yr
32,Flexirate 3,45,11,3,27,11.26,6.11,10.42,,,EoN(2014-01-14) Electricity Aq 1yr
560,Flexirate 3,47,11,4,27,11.26,6.11,10.42,,,EoN(2014-01-14) Electricity Aq 1yr
560,Flexirate 3,47,11,3,27,11.26,6.11,10.42,,,EoN(2014-01-14) Electricity Aq 1yr
865,Nightsaver,3,11,3,27,10.95,6.11,0,,,EoN(2014-01-14) Electricity Aq 1yr
865,Nightsaver,3,11,4,27,10.95,6.11,0,,,EoN(2014-01-14) Electricity Aq 1yr
865,Nightsaver,11,11,3,27,10.95,6.11,0,,,EoN(2014-01-14) Electricity Aq 1yr
865,Nightsaver,11,11,4,27,10.95,6.11,0,,,EoN(2014-01-14) Electricity Aq 1yr
875,Nightsaver,3,11,3,27,10.95,6.11,0,,,EoN(2014-01-14) Electricity Aq 1yr
875,Nightsaver,3,11,4,27,10.95,6.11,0,,,EoN(2014-01-14) Electricity Aq 1yr
864,Nightsaver,11,11,3,27,10.95,6.11,0,,,EoN(2014-01-14) Electricity Aq 1yr
864,Nightsaver,11,11,4,27,10.95,6.11,0,,,EoN(2014-01-14) Electricity Aq 1yr
864,Nightsaver,3,11,3,27,10.95,6.11,0,,,EoN(2014-01-14) Electricity Aq 1yr
864,Nightsaver,3,11,4,27,10.95,6.11,0,,,EoN(2014-01-14) Electricity Aq 1yr
876,Nightsaver,3,11,3,27,10.95,6.11,0,,,EoN(2014-01-14) Electricity Aq 1yr
876,Nightsaver,3,11,4,27,10.95,6.11,0,,,EoN(2014-01-14) Electricity Aq 1yr
510,RHT,37,11,4,0,7.33,0,0,,,EoN(2014-01-14) Electricity Aq 1yr
510,RHT,901,11,4,0,7.33,0,0,,,EoN(2014-01-14) Electricity Aq 1yr
510,RHT,900,11,4,0,7.33,0,0,,,EoN(2014-01-14) Electricity Aq 1yr
510,RHT,190,11,4,0,7.33,0,0,,,EoN(2014-01-14) Electricity Aq 1yr
510,RHT,3,11,4,0,7.33,0,0,,,EoN(2014-01-14) Electricity Aq 1yr
510,RHT,918,11,4,0,7.33,0,0,,,EoN(2014-01-14) Electricity Aq 1yr
510,RHT,191,11,4,0,7.33,0,0,,,EoN(2014-01-14) Electricity Aq 1yr
511,RHT,190,11,4,0,7.33,0,0,,,EoN(2014-01-14) Electricity Aq 1yr
511,RHT,918,11,4,0,7.33,0,0,,,EoN(2014-01-14) Electricity Aq 1yr
511,RHT,901,11,4,0,7.33,0,0,,,EoN(2014-01-14) Electricity Aq 1yr
511,RHT,191,11,4,0,7.33,0,0,,,EoN(2014-01-14) Electricity Aq 1yr
511,RHT,37,11,4,0,7.33,0,0,,,EoN(2014-01-14) Electricity Aq 1yr
511,RHT,3,11,4,0,7.33,0,0,,,EoN(2014-01-14) Electricity Aq 1yr
511,RHT,900,11,4,0,7.33,0,0,,,EoN(2014-01-14) Electricity Aq 1yr
513,RHT,3,11,4,0,7.33,0,0,,,EoN(2014-01-14) Electricity Aq 1yr
513,RHT,918,11,4,0,7.33,0,0,,,EoN(2014-01-14) Electricity Aq 1yr
513,RHT,901,11,4,0,7.33,0,0,,,EoN(2014-01-14) Electricity Aq 1yr
513,RHT,900,11,4,0,7.33,0,0,,,EoN(2014-01-14) Electricity Aq 1yr
513,RHT,191,11,4,0,7.33,0,0,,,EoN(2014-01-14) Electricity Aq 1yr
513,RHT,190,11,4,0,7.33,0,0,,,EoN(2014-01-14) Electricity Aq 1yr
513,RHT,37,11,4,0,7.33,0,0,,,EoN(2014-01-14) Electricity Aq 1yr
514,RHT,901,11,4,0,7.33,0,0,,,EoN(2014-01-14) Electricity Aq 1yr
514,RHT,918,11,4,0,7.33,0,0,,,EoN(2014-01-14) Electricity Aq 1yr
514,RHT,900,11,4,0,7.33,0,0,,,EoN(2014-01-14) Electricity Aq 1yr
514,RHT,3,11,4,0,7.33,0,0,,,EoN(2014-01-14) Electricity Aq 1yr
514,RHT,191,11,4,0,7.33,0,0,,,EoN(2014-01-14) Electricity Aq 1yr
514,RHT,190,11,4,0,7.33,0,0,,,EoN(2014-01-14) Electricity Aq 1yr
514,RHT,37,11,4,0,7.33,0,0,,,EoN(2014-01-14) Electricity Aq 1yr
516,RHT,37,11,4,0,7.33,0,0,,,EoN(2014-01-14) Electricity Aq 1yr
516,RHT,190,11,4,0,7.33,0,0,,,EoN(2014-01-14) Electricity Aq 1yr
516,RHT,191,11,4,0,7.33,0,0,,,EoN(2014-01-14) Electricity Aq 1yr
516,RHT,900,11,4,0,7.33,0,0,,,EoN(2014-01-14) Electricity Aq 1yr
516,RHT,3,11,4,0,7.33,0,0,,,EoN(2014-01-14) Electricity Aq 1yr
516,RHT,918,11,4,0,7.33,0,0,,,EoN(2014-01-14) Electricity Aq 1yr
516,RHT,901,11,4,0,7.33,0,0,,,EoN(2014-01-14) Electricity Aq 1yr
518,RHT,901,11,4,0,7.33,0,0,,,EoN(2014-01-14) Electricity Aq 1yr
518,RHT,3,11,4,0,7.33,0,0,,,EoN(2014-01-14) Electricity Aq 1yr
518,RHT,37,11,4,0,7.33,0,0,,,EoN(2014-01-14) Electricity Aq 1yr
518,RHT,190,11,4,0,7.33,0,0,,,EoN(2014-01-14) Electricity Aq 1yr
518,RHT,900,11,4,0,7.33,0,0,,,EoN(2014-01-14) Electricity Aq 1yr
518,RHT,918,11,4,0,7.33,0,0,,,EoN(2014-01-14) Electricity Aq 1yr
518,RHT,191,11,4,0,7.33,0,0,,,EoN(2014-01-14) Electricity Aq 1yr
519,RHT,191,11,4,0,7.33,0,0,,,EoN(2014-01-14) Electricity Aq 1yr
519,RHT,900,11,4,0,7.33,0,0,,,EoN(2014-01-14) Electricity Aq 1yr
519,RHT,901,11,4,0,7.33,0,0,,,EoN(2014-01-14) Electricity Aq 1yr
519,RHT,918,11,4,0,7.33,0,0,,,EoN(2014-01-14) Electricity Aq 1yr
519,RHT,190,11,4,0,7.33,0,0,,,EoN(2014-01-14) Electricity Aq 1yr
519,RHT,3,11,4,0,7.33,0,0,,,EoN(2014-01-14) Electricity Aq 1yr
519,RHT,37,11,4,0,7.33,0,0,,,EoN(2014-01-14) Electricity Aq 1yr
521,RHT,918,11,4,0,7.33,0,0,,,EoN(2014-01-14) Electricity Aq 1yr
521,RHT,190,11,4,0,7.33,0,0,,,EoN(2014-01-14) Electricity Aq 1yr
521,RHT,191,11,4,0,7.33,0,0,,,EoN(2014-01-14) Electricity Aq 1yr
521,RHT,37,11,4,0,7.33,0,0,,,EoN(2014-01-14) Electricity Aq 1yr
521,RHT,901,11,4,0,7.33,0,0,,,EoN(2014-01-14) Electricity Aq 1yr
521,RHT,900,11,4,0,7.33,0,0,,,EoN(2014-01-14) Electricity Aq 1yr
521,RHT,3,11,4,0,7.33,0,0,,,EoN(2014-01-14) Electricity Aq 1yr
526,RHT,900,11,4,0,7.33,0,0,,,EoN(2014-01-14) Electricity Aq 1yr
526,RHT,901,11,4,0,7.33,0,0,,,EoN(2014-01-14) Electricity Aq 1yr
526,RHT,918,11,4,0,7.33,0,0,,,EoN(2014-01-14) Electricity Aq 1yr
526,RHT,190,11,4,0,7.33,0,0,,,EoN(2014-01-14) Electricity Aq 1yr
526,RHT,37,11,4,0,7.33,0,0,,,EoN(2014-01-14) Electricity Aq 1yr
526,RHT,3,11,4,0,7.33,0,0,,,EoN(2014-01-14) Electricity Aq 1yr
526,RHT,191,11,4,0,7.33,0,0,,,EoN(2014-01-14) Electricity Aq 1yr
527,RHT,900,11,4,0,7.33,0,0,,,EoN(2014-01-14) Electricity Aq 1yr
527,RHT,3,11,4,0,7.33,0,0,,,EoN(2014-01-14) Electricity Aq 1yr
527,RHT,37,11,4,0,7.33,0,0,,,EoN(2014-01-14) Electricity Aq 1yr
527,RHT,191,11,4,0,7.33,0,0,,,EoN(2014-01-14) Electricity Aq 1yr
527,RHT,901,11,4,0,7.33,0,0,,,EoN(2014-01-14) Electricity Aq 1yr
527,RHT,918,11,4,0,7.33,0,0,,,EoN(2014-01-14) Electricity Aq 1yr
527,RHT,190,11,4,0,7.33,0,0,,,EoN(2014-01-14) Electricity Aq 1yr
528,RHT,901,11,4,0,7.33,0,0,,,EoN(2014-01-14) Electricity Aq 1yr
528,RHT,37,11,4,0,7.33,0,0,,,EoN(2014-01-14) Electricity Aq 1yr
528,RHT,900,11,4,0,7.33,0,0,,,EoN(2014-01-14) Electricity Aq 1yr
528,RHT,3,11,4,0,7.33,0,0,,,EoN(2014-01-14) Electricity Aq 1yr
528,RHT,918,11,4,0,7.33,0,0,,,EoN(2014-01-14) Electricity Aq 1yr
528,RHT,191,11,4,0,7.33,0,0,,,EoN(2014-01-14) Electricity Aq 1yr
528,RHT,190,11,4,0,7.33,0,0,,,EoN(2014-01-14) Electricity Aq 1yr
517,RHT,918,11,4,0,7.33,0,0,,,EoN(2014-01-14) Electricity Aq 1yr
517,RHT,190,11,4,0,7.33,0,0,,,EoN(2014-01-14) Electricity Aq 1yr
517,RHT,191,11,4,0,7.33,0,0,,,EoN(2014-01-14) Electricity Aq 1yr
517,RHT,3,11,4,0,7.33,0,0,,,EoN(2014-01-14) Electricity Aq 1yr
517,RHT,900,11,4,0,7.33,0,0,,,EoN(2014-01-14) Electricity Aq 1yr
517,RHT,37,11,4,0,7.33,0,0,,,EoN(2014-01-14) Electricity Aq 1yr
517,RHT,901,11,4,0,7.33,0,0,,,EoN(2014-01-14) Electricity Aq 1yr
646,RHT,11,11,4,0,7.33,0,0,,,EoN(2014-01-14) Electricity Aq 1yr
642,RHT,11,11,4,0,7.33,0,0,,,EoN(2014-01-14) Electricity Aq 1yr
606,RHT,11,11,4,0,7.33,0,0,,,EoN(2014-01-14) Electricity Aq 1yr
642,RHT,111,11,4,0,7.33,0,0,,,EoN(2014-01-14) Electricity Aq 1yr
540,RHT,11,11,4,0,7.33,0,0,,,EoN(2014-01-14) Electricity Aq 1yr
540,RHT,111,11,4,0,7.33,0,0,,,EoN(2014-01-14) Electricity Aq 1yr
646,RHT,111,11,4,0,7.33,0,0,,,EoN(2014-01-14) Electricity Aq 1yr
606,RHT,111,11,4,0,7.33,0,0,,,EoN(2014-01-14) Electricity Aq 1yr
602,RHT,11,11,4,0,7.33,0,0,,,EoN(2014-01-14) Electricity Aq 1yr
531,RHT,111,11,4,0,7.33,0,0,,,EoN(2014-01-14) Electricity Aq 1yr
531,RHT,11,11,4,0,7.33,0,0,,,EoN(2014-01-14) Electricity Aq 1yr
602,RHT,111,11,4,0,7.33,0,0,,,EoN(2014-01-14) Electricity Aq 1yr
657,RHT,11,11,4,0,7.33,0,0,,,EoN(2014-01-14) Electricity Aq 1yr
652,RHT,111,11,4,0,7.33,0,0,,,EoN(2014-01-14) Electricity Aq 1yr
553,RHT,11,11,4,0,7.33,0,0,,,EoN(2014-01-14) Electricity Aq 1yr
617,RHT,11,11,4,0,7.33,0,0,,,EoN(2014-01-14) Electricity Aq 1yr
617,RHT,111,11,4,0,7.33,0,0,,,EoN(2014-01-14) Electricity Aq 1yr
612,RHT,11,11,4,0,7.33,0,0,,,EoN(2014-01-14) Electricity Aq 1yr
547,RHT,111,11,4,0,7.33,0,0,,,EoN(2014-01-14) Electricity Aq 1yr
612,RHT,111,11,4,0,7.33,0,0,,,EoN(2014-01-14) Electricity Aq 1yr
657,RHT,111,11,4,0,7.33,0,0,,,EoN(2014-01-14) Electricity Aq 1yr
652,RHT,11,11,4,0,7.33,0,0,,,EoN(2014-01-14) Electricity Aq 1yr
547,RHT,11,11,4,0,7.33,0,0,,,EoN(2014-01-14) Electricity Aq 1yr
553,RHT,111,11,4,0,7.33,0,0,,,EoN(2014-01-14) Electricity Aq 1yr
657,RHT,11,11,4,0,7.33,0,0,,,EoN(2014-01-14) Electricity Aq 1yr
553,RHT,11,11,4,0,7.33,0,0,,,EoN(2014-01-14) Electricity Aq 1yr
547,RHT,111,11,4,0,7.33,0,0,,,EoN(2014-01-14) Electricity Aq 1yr
547,RHT,11,11,4,0,7.33,0,0,,,EoN(2014-01-14) Electricity Aq 1yr
617,RHT,111,11,4,0,7.33,0,0,,,EoN(2014-01-14) Electricity Aq 1yr
617,RHT,11,11,4,0,7.33,0,0,,,EoN(2014-01-14) Electricity Aq 1yr
553,RHT,111,11,4,0,7.33,0,0,,,EoN(2014-01-14) Electricity Aq 1yr
612,RHT,11,11,4,0,7.33,0,0,,,EoN(2014-01-14) Electricity Aq 1yr
652,RHT,111,11,4,0,7.33,0,0,,,EoN(2014-01-14) Electricity Aq 1yr
652,RHT,11,11,4,0,7.33,0,0,,,EoN(2014-01-14) Electricity Aq 1yr
612,RHT,111,11,4,0,7.33,0,0,,,EoN(2014-01-14) Electricity Aq 1yr
657,RHT,111,11,4,0,7.33,0,0,,,EoN(2014-01-14) Electricity Aq 1yr
547,RHT,11,11,4,0,7.33,0,0,,,EoN(2014-01-14) Electricity Aq 1yr
553,RHT,11,11,4,0,7.33,0,0,,,EoN(2014-01-14) Electricity Aq 1yr
652,RHT,111,11,4,0,7.33,0,0,,,EoN(2014-01-14) Electricity Aq 1yr
652,RHT,11,11,4,0,7.33,0,0,,,EoN(2014-01-14) Electricity Aq 1yr
547,RHT,111,11,4,0,7.33,0,0,,,EoN(2014-01-14) Electricity Aq 1yr
617,RHT,111,11,4,0,7.33,0,0,,,EoN(2014-01-14) Electricity Aq 1yr
553,RHT,111,11,4,0,7.33,0,0,,,EoN(2014-01-14) Electricity Aq 1yr
612,RHT,11,11,4,0,7.33,0,0,,,EoN(2014-01-14) Electricity Aq 1yr
612,RHT,111,11,4,0,7.33,0,0,,,EoN(2014-01-14) Electricity Aq 1yr
657,RHT,11,11,4,0,7.33,0,0,,,EoN(2014-01-14) Electricity Aq 1yr
617,RHT,11,11,4,0,7.33,0,0,,,EoN(2014-01-14) Electricity Aq 1yr
657,RHT,111,11,4,0,7.33,0,0,,,EoN(2014-01-14) Electricity Aq 1yr
547,RHT,11,11,4,0,7.33,0,0,,,EoN(2014-01-14) Electricity Aq 1yr
617,RHT,111,11,4,0,7.33,0,0,,,EoN(2014-01-14) Electricity Aq 1yr
617,RHT,11,11,4,0,7.33,0,0,,,EoN(2014-01-14) Electricity Aq 1yr
553,RHT,111,11,4,0,7.33,0,0,,,EoN(2014-01-14) Electricity Aq 1yr
657,RHT,111,11,4,0,7.33,0,0,,,EoN(2014-01-14) Electricity Aq 1yr
553,RHT,11,11,4,0,7.33,0,0,,,EoN(2014-01-14) Electricity Aq 1yr
652,RHT,111,11,4,0,7.33,0,0,,,EoN(2014-01-14) Electricity Aq 1yr
547,RHT,111,11,4,0,7.33,0,0,,,EoN(2014-01-14) Electricity Aq 1yr
612,RHT,11,11,4,0,7.33,0,0,,,EoN(2014-01-14) Electricity Aq 1yr
612,RHT,111,11,4,0,7.33,0,0,,,EoN(2014-01-14) Electricity Aq 1yr
657,RHT,11,11,4,0,7.33,0,0,,,EoN(2014-01-14) Electricity Aq 1yr
652,RHT,11,11,4,0,7.33,0,0,,,EoN(2014-01-14) Electricity Aq 1yr
657,RHT,111,11,4,0,7.33,0,0,,,EoN(2014-01-14) Electricity Aq 1yr
553,RHT,111,11,4,0,7.33,0,0,,,EoN(2014-01-14) Electricity Aq 1yr
652,RHT,11,11,4,0,7.33,0,0,,,EoN(2014-01-14) Electricity Aq 1yr
652,RHT,111,11,4,0,7.33,0,0,,,EoN(2014-01-14) Electricity Aq 1yr
617,RHT,111,11,4,0,7.33,0,0,,,EoN(2014-01-14) Electricity Aq 1yr
547,RHT,11,11,4,0,7.33,0,0,,,EoN(2014-01-14) Electricity Aq 1yr
612,RHT,111,11,4,0,7.33,0,0,,,EoN(2014-01-14) Electricity Aq 1yr
612,RHT,11,11,4,0,7.33,0,0,,,EoN(2014-01-14) Electricity Aq 1yr
657,RHT,11,11,4,0,7.33,0,0,,,EoN(2014-01-14) Electricity Aq 1yr
547,RHT,111,11,4,0,7.33,0,0,,,EoN(2014-01-14) Electricity Aq 1yr
617,RHT,11,11,4,0,7.33,0,0,,,EoN(2014-01-14) Electricity Aq 1yr
553,RHT,11,11,4,0,7.33,0,0,,,EoN(2014-01-14) Electricity Aq 1yr
553,RHT,11,11,4,0,7.33,0,0,,,EoN(2014-01-14) Electricity Aq 1yr
617,RHT,11,11,4,0,7.33,0,0,,,EoN(2014-01-14) Electricity Aq 1yr
547,RHT,111,11,4,0,7.33,0,0,,,EoN(2014-01-14) Electricity Aq 1yr
617,RHT,111,11,4,0,7.33,0,0,,,EoN(2014-01-14) Electricity Aq 1yr
612,RHT,111,11,4,0,7.33,0,0,,,EoN(2014-01-14) Electricity Aq 1yr
657,RHT,111,11,4,0,7.33,0,0,,,EoN(2014-01-14) Electricity Aq 1yr
553,RHT,111,11,4,0,7.33,0,0,,,EoN(2014-01-14) Electricity Aq 1yr
547,RHT,11,11,4,0,7.33,0,0,,,EoN(2014-01-14) Electricity Aq 1yr
612,RHT,11,11,4,0,7.33,0,0,,,EoN(2014-01-14) Electricity Aq 1yr
652,RHT,11,11,4,0,7.33,0,0,,,EoN(2014-01-14) Electricity Aq 1yr
652,RHT,111,11,4,0,7.33,0,0,,,EoN(2014-01-14) Electricity Aq 1yr
657,RHT,11,11,4,0,7.33,0,0,,,EoN(2014-01-14) Electricity Aq 1yr
612,RHT,11,11,4,0,7.33,0,0,,,EoN(2014-01-14) Electricity Aq 1yr
657,RHT,11,11,4,0,7.33,0,0,,,EoN(2014-01-14) Electricity Aq 1yr
617,RHT,11,11,4,0,7.33,0,0,,,EoN(2014-01-14) Electricity Aq 1yr
657,RHT,111,11,4,0,7.33,0,0,,,EoN(2014-01-14) Electricity Aq 1yr
617,RHT,111,11,4,0,7.33,0,0,,,EoN(2014-01-14) Electricity Aq 1yr
652,RHT,111,11,4,0,7.33,0,0,,,EoN(2014-01-14) Electricity Aq 1yr
553,RHT,111,11,4,0,7.33,0,0,,,EoN(2014-01-14) Electricity Aq 1yr
553,RHT,11,11,4,0,7.33,0,0,,,EoN(2014-01-14) Electricity Aq 1yr
547,RHT,11,11,4,0,7.33,0,0,,,EoN(2014-01-14) Electricity Aq 1yr
547,RHT,111,11,4,0,7.33,0,0,,,EoN(2014-01-14) Electricity Aq 1yr
612,RHT,111,11,4,0,7.33,0,0,,,EoN(2014-01-14) Electricity Aq 1yr
652,RHT,11,11,4,0,7.33,0,0,,,EoN(2014-01-14) Electricity Aq 1yr
547,RHT,11,11,4,0,7.33,0,0,,,EoN(2014-01-14) Electricity Aq 1yr
547,RHT,111,11,4,0,7.33,0,0,,,EoN(2014-01-14) Electricity Aq 1yr
612,RHT,11,11,4,0,7.33,0,0,,,EoN(2014-01-14) Electricity Aq 1yr
652,RHT,111,11,4,0,7.33,0,0,,,EoN(2014-01-14) Electricity Aq 1yr
652,RHT,11,11,4,0,7.33,0,0,,,EoN(2014-01-14) Electricity Aq 1yr
553,RHT,111,11,4,0,7.33,0,0,,,EoN(2014-01-14) Electricity Aq 1yr
553,RHT,11,11,4,0,7.33,0,0,,,EoN(2014-01-14) Electricity Aq 1yr
657,RHT,11,11,4,0,7.33,0,0,,,EoN(2014-01-14) Electricity Aq 1yr
612,RHT,111,11,4,0,7.33,0,0,,,EoN(2014-01-14) Electricity Aq 1yr
617,RHT,111,11,4,0,7.33,0,0,,,EoN(2014-01-14) Electricity Aq 1yr
617,RHT,11,11,4,0,7.33,0,0,,,EoN(2014-01-14) Electricity Aq 1yr
657,RHT,111,11,4,0,7.33,0,0,,,EoN(2014-01-14) Electricity Aq 1yr
617,RHT,111,11,4,0,7.33,0,0,,,EoN(2014-01-14) Electricity Aq 1yr
617,RHT,11,11,4,0,7.33,0,0,,,EoN(2014-01-14) Electricity Aq 1yr
553,RHT,111,11,4,0,7.33,0,0,,,EoN(2014-01-14) Electricity Aq 1yr
612,RHT,11,11,4,0,7.33,0,0,,,EoN(2014-01-14) Electricity Aq 1yr
612,RHT,111,11,4,0,7.33,0,0,,,EoN(2014-01-14) Electricity Aq 1yr
657,RHT,11,11,4,0,7.33,0,0,,,EoN(2014-01-14) Electricity Aq 1yr
652,RHT,111,11,4,0,7.33,0,0,,,EoN(2014-01-14) Electricity Aq 1yr
652,RHT,11,11,4,0,7.33,0,0,,,EoN(2014-01-14) Electricity Aq 1yr
547,RHT,111,11,4,0,7.33,0,0,,,EoN(2014-01-14) Electricity Aq 1yr
547,RHT,11,11,4,0,7.33,0,0,,,EoN(2014-01-14) Electricity Aq 1yr
657,RHT,111,11,4,0,7.33,0,0,,,EoN(2014-01-14) Electricity Aq 1yr
553,RHT,11,11,4,0,7.33,0,0,,,EoN(2014-01-14) Electricity Aq 1yr
553,RHT,111,11,4,0,7.33,0,0,,,EoN(2014-01-14) Electricity Aq 1yr
547,RHT,11,11,4,0,7.33,0,0,,,EoN(2014-01-14) Electricity Aq 1yr
652,RHT,111,11,4,0,7.33,0,0,,,EoN(2014-01-14) Electricity Aq 1yr
553,RHT,11,11,4,0,7.33,0,0,,,EoN(2014-01-14) Electricity Aq 1yr
612,RHT,11,11,4,0,7.33,0,0,,,EoN(2014-01-14) Electricity Aq 1yr
617,RHT,11,11,4,0,7.33,0,0,,,EoN(2014-01-14) Electricity Aq 1yr
657,RHT,11,11,4,0,7.33,0,0,,,EoN(2014-01-14) Electricity Aq 1yr
652,RHT,11,11,4,0,7.33,0,0,,,EoN(2014-01-14) Electricity Aq 1yr
547,RHT,111,11,4,0,7.33,0,0,,,EoN(2014-01-14) Electricity Aq 1yr
612,RHT,111,11,4,0,7.33,0,0,,,EoN(2014-01-14) Electricity Aq 1yr
617,RHT,111,11,4,0,7.33,0,0,,,EoN(2014-01-14) Electricity Aq 1yr
657,RHT,111,11,4,0,7.33,0,0,,,EoN(2014-01-14) Electricity Aq 1yr
657,RHT,111,11,4,0,7.33,0,0,,,EoN(2014-01-14) Electricity Aq 1yr
657,RHT,11,11,4,0,7.33,0,0,,,EoN(2014-01-14) Electricity Aq 1yr
553,RHT,111,11,4,0,7.33,0,0,,,EoN(2014-01-14) Electricity Aq 1yr
547,RHT,111,11,4,0,7.33,0,0,,,EoN(2014-01-14) Electricity Aq 1yr
617,RHT,111,11,4,0,7.33,0,0,,,EoN(2014-01-14) Electricity Aq 1yr
612,RHT,111,11,4,0,7.33,0,0,,,EoN(2014-01-14) Electricity Aq 1yr
617,RHT,11,11,4,0,7.33,0,0,,,EoN(2014-01-14) Electricity Aq 1yr
612,RHT,11,11,4,0,7.33,0,0,,,EoN(2014-01-14) Electricity Aq 1yr
553,RHT,11,11,4,0,7.33,0,0,,,EoN(2014-01-14) Electricity Aq 1yr
547,RHT,11,11,4,0,7.33,0,0,,,EoN(2014-01-14) Electricity Aq 1yr
652,RHT,11,11,4,0,7.33,0,0,,,EoN(2014-01-14) Electricity Aq 1yr
652,RHT,111,11,4,0,7.33,0,0,,,EoN(2014-01-14) Electricity Aq 1yr
657,RHT,111,11,4,0,7.33,0,0,,,EoN(2014-01-14) Electricity Aq 1yr
652,RHT,11,11,4,0,7.33,0,0,,,EoN(2014-01-14) Electricity Aq 1yr
657,RHT,11,11,4,0,7.33,0,0,,,EoN(2014-01-14) Electricity Aq 1yr
652,RHT,111,11,4,0,7.33,0,0,,,EoN(2014-01-14) Electricity Aq 1yr
547,RHT,111,11,4,0,7.33,0,0,,,EoN(2014-01-14) Electricity Aq 1yr
547,RHT,11,11,4,0,7.33,0,0,,,EoN(2014-01-14) Electricity Aq 1yr
553,RHT,111,11,4,0,7.33,0,0,,,EoN(2014-01-14) Electricity Aq 1yr
553,RHT,11,11,4,0,7.33,0,0,,,EoN(2014-01-14) Electricity Aq 1yr
617,RHT,111,11,4,0,7.33,0,0,,,EoN(2014-01-14) Electricity Aq 1yr
612,RHT,11,11,4,0,7.33,0,0,,,EoN(2014-01-14) Electricity Aq 1yr
612,RHT,111,11,4,0,7.33,0,0,,,EoN(2014-01-14) Electricity Aq 1yr
617,RHT,11,11,4,0,7.33,0,0,,,EoN(2014-01-14) Electricity Aq 1yr
547,RHT,111,11,4,0,7.33,0,0,,,EoN(2014-01-14) Electricity Aq 1yr
657,RHT,111,11,4,0,7.33,0,0,,,EoN(2014-01-14) Electricity Aq 1yr
617,RHT,11,11,4,0,7.33,0,0,,,EoN(2014-01-14) Electricity Aq 1yr
657,RHT,11,11,4,0,7.33,0,0,,,EoN(2014-01-14) Electricity Aq 1yr
612,RHT,111,11,4,0,7.33,0,0,,,EoN(2014-01-14) Electricity Aq 1yr
553,RHT,111,11,4,0,7.33,0,0,,,EoN(2014-01-14) Electricity Aq 1yr
612,RHT,11,11,4,0,7.33,0,0,,,EoN(2014-01-14) Electricity Aq 1yr
547,RHT,11,11,4,0,7.33,0,0,,,EoN(2014-01-14) Electricity Aq 1yr
617,RHT,111,11,4,0,7.33,0,0,,,EoN(2014-01-14) Electricity Aq 1yr
553,RHT,11,11,4,0,7.33,0,0,,,EoN(2014-01-14) Electricity Aq 1yr
652,RHT,11,11,4,0,7.33,0,0,,,EoN(2014-01-14) Electricity Aq 1yr
652,RHT,111,11,4,0,7.33,0,0,,,EoN(2014-01-14) Electricity Aq 1yr
553,RHT,111,11,4,0,7.33,0,0,,,EoN(2014-01-14) Electricity Aq 1yr
657,RHT,111,11,4,0,7.33,0,0,,,EoN(2014-01-14) Electricity Aq 1yr
652,RHT,111,11,4,0,7.33,0,0,,,EoN(2014-01-14) Electricity Aq 1yr
657,RHT,11,11,4,0,7.33,0,0,,,EoN(2014-01-14) Electricity Aq 1yr
547,RHT,111,11,4,0,7.33,0,0,,,EoN(2014-01-14) Electricity Aq 1yr
553,RHT,11,11,4,0,7.33,0,0,,,EoN(2014-01-14) Electricity Aq 1yr
612,RHT,111,11,4,0,7.33,0,0,,,EoN(2014-01-14) Electricity Aq 1yr
617,RHT,111,11,4,0,7.33,0,0,,,EoN(2014-01-14) Electricity Aq 1yr
612,RHT,11,11,4,0,7.33,0,0,,,EoN(2014-01-14) Electricity Aq 1yr
617,RHT,11,11,4,0,7.33,0,0,,,EoN(2014-01-14) Electricity Aq 1yr
652,RHT,11,11,4,0,7.33,0,0,,,EoN(2014-01-14) Electricity Aq 1yr
547,RHT,11,11,4,0,7.33,0,0,,,EoN(2014-01-14) Electricity Aq 1yr
554,RHT,191,11,4,0,7.33,0,0,,,EoN(2014-01-14) Electricity Aq 1yr
554,RHT,900,11,4,0,7.33,0,0,,,EoN(2014-01-14) Electricity Aq 1yr
554,RHT,918,11,4,0,7.33,0,0,,,EoN(2014-01-14) Electricity Aq 1yr
554,RHT,901,11,4,0,7.33,0,0,,,EoN(2014-01-14) Electricity Aq 1yr
554,RHT,3,11,4,0,7.33,0,0,,,EoN(2014-01-14) Electricity Aq 1yr
554,RHT,190,11,4,0,7.33,0,0,,,EoN(2014-01-14) Electricity Aq 1yr
554,RHT,37,11,4,0,7.33,0,0,,,EoN(2014-01-14) Electricity Aq 1yr
533,Nightsaver,82,11,2,27,10.95,6.11,0,,,
533,Nightsaver,82,11,1,27,10.95,6.11,0,,,
16,Nightsaver,903,11,2,27,10.95,6.11,0,,,
16,Nightsaver,903,11,1,27,10.95,6.11,0,,,
16,Nightsaver,161,11,2,27,10.95,6.11,0,,,
16,Nightsaver,161,11,1,27,10.95,6.11,0,,,
16,Nightsaver,96,11,2,27,10.95,6.11,0,,,
16,Nightsaver,96,11,1,27,10.95,6.11,0,,,
16,Nightsaver,94,11,2,27,10.95,6.11,0,,,
16,Nightsaver,94,11,1,27,10.95,6.11,0,,,
16,Nightsaver,902,11,2,27,10.95,6.11,0,,,
16,Nightsaver,902,11,1,27,10.95,6.11,0,,,
16,Nightsaver,176,11,2,27,10.95,6.11,0,,,
16,Nightsaver,176,11,1,27,10.95,6.11,0,,,
16,Nightsaver,91,11,2,27,10.95,6.11,0,,,
16,Nightsaver,91,11,1,27,10.95,6.11,0,,,
16,Nightsaver,90,11,2,27,10.95,6.11,0,,,
16,Nightsaver,90,11,1,27,10.95,6.11,0,,,
16,Nightsaver,55,11,2,27,10.95,6.11,0,,,
16,Nightsaver,55,11,1,27,10.95,6.11,0,,,
16,Nightsaver,81,11,2,27,10.95,6.11,0,,,
16,Nightsaver,81,11,1,27,10.95,6.11,0,,,
533,Nightsaver,81,11,2,27,10.95,6.11,0,,,
533,Nightsaver,81,11,1,27,10.95,6.11,0,,,
16,Nightsaver,170,11,2,27,10.95,6.11,0,,,
16,Nightsaver,170,11,1,27,10.95,6.11,0,,,
16,Nightsaver,56,11,2,27,10.95,6.11,0,,,
16,Nightsaver,56,11,1,27,10.95,6.11,0,,,
533,Nightsaver,55,11,2,27,10.95,6.11,0,,,
533,Nightsaver,55,11,1,27,10.95,6.11,0,,,
533,Nightsaver,56,11,2,27,10.95,6.11,0,,,
533,Nightsaver,56,11,1,27,10.95,6.11,0,,,
16,Nightsaver,162,11,2,27,10.95,6.11,0,,,
16,Nightsaver,162,11,1,27,10.95,6.11,0,,,
16,Nightsaver,174,11,2,27,10.95,6.11,0,,,
16,Nightsaver,174,11,1,27,10.95,6.11,0,,,
16,Nightsaver,171,11,2,27,10.95,6.11,0,,,
16,Nightsaver,171,11,1,27,10.95,6.11,0,,,
533,Nightsaver,170,11,2,27,10.95,6.11,0,,,
533,Nightsaver,170,11,1,27,10.95,6.11,0,,,
16,Nightsaver,82,11,2,27,10.95,6.11,0,,,
16,Nightsaver,82,11,1,27,10.95,6.11,0,,,
533,Nightsaver,908,11,2,27,10.95,6.11,0,,,
533,Nightsaver,908,11,1,27,10.95,6.11,0,,,
16,Nightsaver,908,11,2,27,10.95,6.11,0,,,
16,Nightsaver,908,11,1,27,10.95,6.11,0,,,
16,Nightsaver,907,11,2,27,10.95,6.11,0,,,
16,Nightsaver,907,11,1,27,10.95,6.11,0,,,
16,Nightsaver,914,11,2,27,10.95,6.11,0,,,
16,Nightsaver,914,11,1,27,10.95,6.11,0,,,
533,Nightsaver,90,11,2,27,10.95,6.11,0,,,
533,Nightsaver,90,11,1,27,10.95,6.11,0,,,
16,Nightsaver,915,11,2,27,10.95,6.11,0,,,
16,Nightsaver,915,11,1,27,10.95,6.11,0,,,
16,Nightsaver,912,11,2,27,10.95,6.11,0,,,
16,Nightsaver,912,11,1,27,10.95,6.11,0,,,
533,Nightsaver,161,11,2,27,10.95,6.11,0,,,
533,Nightsaver,161,11,1,27,10.95,6.11,0,,,
533,Nightsaver,915,11,2,27,10.95,6.11,0,,,
533,Nightsaver,915,11,1,27,10.95,6.11,0,,,
533,Nightsaver,912,11,2,27,10.95,6.11,0,,,
533,Nightsaver,912,11,1,27,10.95,6.11,0,,,
533,Nightsaver,907,11,2,27,10.95,6.11,0,,,
533,Nightsaver,907,11,1,27,10.95,6.11,0,,,
533,Nightsaver,903,11,2,27,10.95,6.11,0,,,
533,Nightsaver,903,11,1,27,10.95,6.11,0,,,
533,Nightsaver,902,11,2,27,10.95,6.11,0,,,
533,Nightsaver,902,11,1,27,10.95,6.11,0,,,
533,Nightsaver,176,11,2,27,10.95,6.11,0,,,
533,Nightsaver,176,11,1,27,10.95,6.11,0,,,
533,Nightsaver,174,11,2,27,10.95,6.11,0,,,
533,Nightsaver,174,11,1,27,10.95,6.11,0,,,
533,Nightsaver,171,11,2,27,10.95,6.11,0,,,
533,Nightsaver,171,11,1,27,10.95,6.11,0,,,
533,Nightsaver,162,11,2,27,10.95,6.11,0,,,
533,Nightsaver,162,11,1,27,10.95,6.11,0,,,
533,Nightsaver,96,11,2,27,10.95,6.11,0,,,
533,Nightsaver,96,11,1,27,10.95,6.11,0,,,
533,Nightsaver,94,11,2,27,10.95,6.11,0,,,
533,Nightsaver,94,11,1,27,10.95,6.11,0,,,
533,Nightsaver,91,11,2,27,10.95,6.11,0,,,
533,Nightsaver,91,11,1,27,10.95,6.11,0,,,
533,Nightsaver,914,11,2,27,10.95,6.11,0,,,
533,Nightsaver,914,11,1,27,10.95,6.11,0,,,
143,Nightsaver,1,11,2,27,10.95,6.11,0,,,
143,Nightsaver,1,11,1,27,10.95,6.11,0,,,
140,Nightsaver,8,11,2,27,10.95,6.11,0,,,
140,Nightsaver,8,11,1,27,10.95,6.11,0,,,
143,Nightsaver,3,11,2,27,10.95,6.11,0,,,
143,Nightsaver,3,11,1,27,10.95,6.11,0,,,
600,Nightsaver,8,11,2,27,10.95,6.11,0,,,
600,Nightsaver,8,11,1,27,10.95,6.11,0,,,
600,Nightsaver,3,11,2,27,10.95,6.11,0,,,
600,Nightsaver,3,11,1,27,10.95,6.11,0,,,
600,Nightsaver,2,11,2,27,10.95,6.11,0,,,
600,Nightsaver,2,11,1,27,10.95,6.11,0,,,
600,Nightsaver,1,11,2,27,10.95,6.11,0,,,
600,Nightsaver,1,11,1,27,10.95,6.11,0,,,
143,Nightsaver,8,11,2,27,10.95,6.11,0,,,
143,Nightsaver,8,11,1,27,10.95,6.11,0,,,
140,Nightsaver,3,11,2,27,10.95,6.11,0,,,
140,Nightsaver,3,11,1,27,10.95,6.11,0,,,
143,Nightsaver,2,11,2,27,10.95,6.11,0,,,
143,Nightsaver,2,11,1,27,10.95,6.11,0,,,
140,Nightsaver,2,11,2,27,10.95,6.11,0,,,
140,Nightsaver,2,11,1,27,10.95,6.11,0,,,
140,Nightsaver,1,11,2,27,10.95,6.11,0,,,
140,Nightsaver,1,11,1,27,10.95,6.11,0,,,
100,Nightsaver,2,11,2,27,10.95,6.11,0,,,
100,Nightsaver,2,11,1,27,10.95,6.11,0,,,
100,Nightsaver,1,11,2,27,10.95,6.11,0,,,
100,Nightsaver,1,11,1,27,10.95,6.11,0,,,
100,Nightsaver,3,11,2,27,10.95,6.11,0,,,
100,Nightsaver,3,11,1,27,10.95,6.11,0,,,
100,Nightsaver,8,11,2,27,10.95,6.11,0,,,
100,Nightsaver,8,11,1,27,10.95,6.11,0,,,
100,Nightsaver,37,11,2,27,10.95,6.11,0,,,
100,Nightsaver,37,11,1,27,10.95,6.11,0,,,
640,Nightsaver,2,11,2,27,10.95,6.11,0,,,
640,Nightsaver,2,11,1,27,10.95,6.11,0,,,
534,Nightsaver,14,11,2,27,10.95,6.11,0,,,
534,Nightsaver,14,11,1,27,10.95,6.11,0,,,
534,Nightsaver,13,11,2,27,10.95,6.11,0,,,
534,Nightsaver,13,11,1,27,10.95,6.11,0,,,
534,Nightsaver,12,11,2,27,10.95,6.11,0,,,
534,Nightsaver,12,11,1,27,10.95,6.11,0,,,
534,Nightsaver,4,11,2,27,10.95,6.11,0,,,
534,Nightsaver,4,11,1,27,10.95,6.11,0,,,
534,Nightsaver,3,11,2,27,10.95,6.11,0,,,
534,Nightsaver,3,11,1,27,10.95,6.11,0,,,
534,Nightsaver,16,11,2,27,10.95,6.11,0,,,
534,Nightsaver,16,11,1,27,10.95,6.11,0,,,
640,Nightsaver,1,11,2,27,10.95,6.11,0,,,
640,Nightsaver,1,11,1,27,10.95,6.11,0,,,
534,Nightsaver,17,11,2,27,10.95,6.11,0,,,
534,Nightsaver,17,11,1,27,10.95,6.11,0,,,
640,Nightsaver,3,11,2,27,10.95,6.11,0,,,
640,Nightsaver,3,11,1,27,10.95,6.11,0,,,
640,Nightsaver,8,11,2,27,10.95,6.11,0,,,
640,Nightsaver,8,11,1,27,10.95,6.11,0,,,
640,Nightsaver,37,11,2,27,10.95,6.11,0,,,
640,Nightsaver,37,11,1,27,10.95,6.11,0,,,
534,Nightsaver,1,11,2,27,10.95,6.11,0,,,
534,Nightsaver,1,11,1,27,10.95,6.11,0,,,
534,Nightsaver,101,11,2,27,10.95,6.11,0,,,
534,Nightsaver,101,11,1,27,10.95,6.11,0,,,
534,Nightsaver,137,11,2,27,10.95,6.11,0,,,
534,Nightsaver,137,11,1,27,10.95,6.11,0,,,
534,Nightsaver,134,11,2,27,10.95,6.11,0,,,
534,Nightsaver,134,11,1,27,10.95,6.11,0,,,
534,Nightsaver,116,11,2,27,10.95,6.11,0,,,
534,Nightsaver,116,11,1,27,10.95,6.11,0,,,
534,Nightsaver,15,11,2,27,10.95,6.11,0,,,
534,Nightsaver,15,11,1,27,10.95,6.11,0,,,
534,Nightsaver,104,11,2,27,10.95,6.11,0,,,
534,Nightsaver,104,11,1,27,10.95,6.11,0,,,
534,Nightsaver,37,11,2,27,10.95,6.11,0,,,
534,Nightsaver,37,11,1,27,10.95,6.11,0,,,
534,Nightsaver,34,11,2,27,10.95,6.11,0,,,
534,Nightsaver,34,11,1,27,10.95,6.11,0,,,
534,Nightsaver,26,11,2,27,10.95,6.11,0,,,
534,Nightsaver,26,11,1,27,10.95,6.11,0,,,
534,Nightsaver,24,11,2,27,10.95,6.11,0,,,
534,Nightsaver,24,11,1,27,10.95,6.11,0,,,
534,Nightsaver,20,11,2,27,10.95,6.11,0,,,
534,Nightsaver,20,11,1,27,10.95,6.11,0,,,
534,Nightsaver,18,11,2,27,10.95,6.11,0,,,
534,Nightsaver,18,11,1,27,10.95,6.11,0,,,
534,Nightsaver,113,11,2,27,10.95,6.11,0,,,
534,Nightsaver,113,11,1,27,10.95,6.11,0,,,
644,Nightsaver,37,11,2,27,10.95,6.11,0,,,
644,Nightsaver,37,11,1,27,10.95,6.11,0,,,
644,Nightsaver,2,11,2,27,10.95,6.11,0,,,
644,Nightsaver,2,11,1,27,10.95,6.11,0,,,
644,Nightsaver,8,11,2,27,10.95,6.11,0,,,
644,Nightsaver,8,11,1,27,10.95,6.11,0,,,
644,Nightsaver,3,11,2,27,10.95,6.11,0,,,
644,Nightsaver,3,11,1,27,10.95,6.11,0,,,
644,Nightsaver,1,11,2,27,10.95,6.11,0,,,
644,Nightsaver,1,11,1,27,10.95,6.11,0,,,
604,Nightsaver,3,11,2,27,10.95,6.11,0,,,
604,Nightsaver,3,11,1,27,10.95,6.11,0,,,
604,Nightsaver,8,11,2,27,10.95,6.11,0,,,
604,Nightsaver,8,11,1,27,10.95,6.11,0,,,
604,Nightsaver,2,11,2,27,10.95,6.11,0,,,
604,Nightsaver,2,11,1,27,10.95,6.11,0,,,
604,Nightsaver,1,11,2,27,10.95,6.11,0,,,
604,Nightsaver,1,11,1,27,10.95,6.11,0,,,
522,Nightsaver,137,11,2,27,10.95,6.11,0,,,
522,Nightsaver,137,11,1,27,10.95,6.11,0,,,
522,Nightsaver,134,11,2,27,10.95,6.11,0,,,
522,Nightsaver,134,11,1,27,10.95,6.11,0,,,
522,Nightsaver,116,11,2,27,10.95,6.11,0,,,
522,Nightsaver,116,11,1,27,10.95,6.11,0,,,
522,Nightsaver,113,11,2,27,10.95,6.11,0,,,
522,Nightsaver,113,11,1,27,10.95,6.11,0,,,
522,Nightsaver,104,11,2,27,10.95,6.11,0,,,
522,Nightsaver,104,11,1,27,10.95,6.11,0,,,
522,Nightsaver,101,11,2,27,10.95,6.11,0,,,
522,Nightsaver,101,11,1,27,10.95,6.11,0,,,
522,Nightsaver,26,11,2,27,10.95,6.11,0,,,
522,Nightsaver,26,11,1,27,10.95,6.11,0,,,
522,Nightsaver,37,11,2,27,10.95,6.11,0,,,
522,Nightsaver,37,11,1,27,10.95,6.11,0,,,
103,Nightsaver,3,11,2,27,10.95,6.11,0,,,
103,Nightsaver,3,11,1,27,10.95,6.11,0,,,
522,Nightsaver,13,11,2,27,10.95,6.11,0,,,
522,Nightsaver,13,11,1,27,10.95,6.11,0,,,
522,Nightsaver,24,11,2,27,10.95,6.11,0,,,
522,Nightsaver,24,11,1,27,10.95,6.11,0,,,
522,Nightsaver,20,11,2,27,10.95,6.11,0,,,
522,Nightsaver,20,11,1,27,10.95,6.11,0,,,
522,Nightsaver,18,11,2,27,10.95,6.11,0,,,
522,Nightsaver,18,11,1,27,10.95,6.11,0,,,
522,Nightsaver,17,11,2,27,10.95,6.11,0,,,
522,Nightsaver,17,11,1,27,10.95,6.11,0,,,
522,Nightsaver,16,11,2,27,10.95,6.11,0,,,
522,Nightsaver,16,11,1,27,10.95,6.11,0,,,
522,Nightsaver,14,11,2,27,10.95,6.11,0,,,
522,Nightsaver,14,11,1,27,10.95,6.11,0,,,
103,Nightsaver,8,11,2,27,10.95,6.11,0,,,
103,Nightsaver,8,11,1,27,10.95,6.11,0,,,
522,Nightsaver,12,11,2,27,10.95,6.11,0,,,
522,Nightsaver,12,11,1,27,10.95,6.11,0,,,
522,Nightsaver,4,11,2,27,10.95,6.11,0,,,
522,Nightsaver,4,11,1,27,10.95,6.11,0,,,
522,Nightsaver,3,11,2,27,10.95,6.11,0,,,
522,Nightsaver,3,11,1,27,10.95,6.11,0,,,
522,Nightsaver,1,11,2,27,10.95,6.11,0,,,
522,Nightsaver,1,11,1,27,10.95,6.11,0,,,
103,Nightsaver,1,11,2,27,10.95,6.11,0,,,
103,Nightsaver,1,11,1,27,10.95,6.11,0,,,
103,Nightsaver,2,11,2,27,10.95,6.11,0,,,
103,Nightsaver,2,11,1,27,10.95,6.11,0,,,
522,Nightsaver,34,11,2,27,10.95,6.11,0,,,
522,Nightsaver,34,11,1,27,10.95,6.11,0,,,
522,Nightsaver,15,11,2,27,10.95,6.11,0,,,
522,Nightsaver,15,11,1,27,10.95,6.11,0,,,
811,Nightsaver,104,11,2,27,10.95,6.11,0,,,
811,Nightsaver,104,11,1,27,10.95,6.11,0,,,
811,Nightsaver,113,11,2,27,10.95,6.11,0,,,
811,Nightsaver,113,11,1,27,10.95,6.11,0,,,
811,Nightsaver,116,11,2,27,10.95,6.11,0,,,
811,Nightsaver,116,11,1,27,10.95,6.11,0,,,
811,Nightsaver,134,11,2,27,10.95,6.11,0,,,
811,Nightsaver,134,11,1,27,10.95,6.11,0,,,
811,Nightsaver,137,11,2,27,10.95,6.11,0,,,
811,Nightsaver,137,11,1,27,10.95,6.11,0,,,
812,Nightsaver,134,11,2,27,10.95,6.11,0,,,
812,Nightsaver,134,11,1,27,10.95,6.11,0,,,
812,Nightsaver,137,11,2,27,10.95,6.11,0,,,
812,Nightsaver,137,11,1,27,10.95,6.11,0,,,
812,Nightsaver,113,11,2,27,10.95,6.11,0,,,
812,Nightsaver,113,11,1,27,10.95,6.11,0,,,
812,Nightsaver,104,11,2,27,10.95,6.11,0,,,
812,Nightsaver,104,11,1,27,10.95,6.11,0,,,
812,Nightsaver,17,11,2,27,10.95,6.11,0,,,
812,Nightsaver,17,11,1,27,10.95,6.11,0,,,
812,Nightsaver,1,11,2,27,10.95,6.11,0,,,
812,Nightsaver,1,11,1,27,10.95,6.11,0,,,
812,Nightsaver,3,11,2,27,10.95,6.11,0,,,
812,Nightsaver,3,11,1,27,10.95,6.11,0,,,
812,Nightsaver,4,11,2,27,10.95,6.11,0,,,
812,Nightsaver,4,11,1,27,10.95,6.11,0,,,
812,Nightsaver,12,11,2,27,10.95,6.11,0,,,
812,Nightsaver,12,11,1,27,10.95,6.11,0,,,
812,Nightsaver,13,11,2,27,10.95,6.11,0,,,
812,Nightsaver,13,11,1,27,10.95,6.11,0,,,
812,Nightsaver,14,11,2,27,10.95,6.11,0,,,
812,Nightsaver,14,11,1,27,10.95,6.11,0,,,
812,Nightsaver,116,11,2,27,10.95,6.11,0,,,
812,Nightsaver,116,11,1,27,10.95,6.11,0,,,
812,Nightsaver,16,11,2,27,10.95,6.11,0,,,
812,Nightsaver,16,11,1,27,10.95,6.11,0,,,
812,Nightsaver,18,11,2,27,10.95,6.11,0,,,
812,Nightsaver,18,11,1,27,10.95,6.11,0,,,
812,Nightsaver,20,11,2,27,10.95,6.11,0,,,
812,Nightsaver,20,11,1,27,10.95,6.11,0,,,
812,Nightsaver,24,11,2,27,10.95,6.11,0,,,
812,Nightsaver,24,11,1,27,10.95,6.11,0,,,
812,Nightsaver,26,11,2,27,10.95,6.11,0,,,
812,Nightsaver,26,11,1,27,10.95,6.11,0,,,
812,Nightsaver,34,11,2,27,10.95,6.11,0,,,
812,Nightsaver,34,11,1,27,10.95,6.11,0,,,
812,Nightsaver,37,11,2,27,10.95,6.11,0,,,
812,Nightsaver,37,11,1,27,10.95,6.11,0,,,
812,Nightsaver,101,11,2,27,10.95,6.11,0,,,
812,Nightsaver,101,11,1,27,10.95,6.11,0,,,
812,Nightsaver,15,11,2,27,10.95,6.11,0,,,
812,Nightsaver,15,11,1,27,10.95,6.11,0,,,
890,Nightsaver,16,11,2,27,10.95,6.11,0,,,
890,Nightsaver,16,11,1,27,10.95,6.11,0,,,
890,Nightsaver,13,11,2,27,10.95,6.11,0,,,
890,Nightsaver,13,11,1,27,10.95,6.11,0,,,
890,Nightsaver,4,11,2,27,10.95,6.11,0,,,
890,Nightsaver,4,11,1,27,10.95,6.11,0,,,
890,Nightsaver,3,11,2,27,10.95,6.11,0,,,
890,Nightsaver,3,11,1,27,10.95,6.11,0,,,
890,Nightsaver,1,11,2,27,10.95,6.11,0,,,
890,Nightsaver,1,11,1,27,10.95,6.11,0,,,
890,Nightsaver,104,11,2,27,10.95,6.11,0,,,
890,Nightsaver,104,11,1,27,10.95,6.11,0,,,
890,Nightsaver,37,11,2,27,10.95,6.11,0,,,
890,Nightsaver,37,11,1,27,10.95,6.11,0,,,
890,Nightsaver,101,11,2,27,10.95,6.11,0,,,
890,Nightsaver,101,11,1,27,10.95,6.11,0,,,
890,Nightsaver,116,11,2,27,10.95,6.11,0,,,
890,Nightsaver,116,11,1,27,10.95,6.11,0,,,
890,Nightsaver,113,11,2,27,10.95,6.11,0,,,
890,Nightsaver,113,11,1,27,10.95,6.11,0,,,
874,Nightsaver,16,11,2,27,10.95,6.11,0,,,
874,Nightsaver,16,11,1,27,10.95,6.11,0,,,
874,Nightsaver,37,11,2,27,10.95,6.11,0,,,
874,Nightsaver,37,11,1,27,10.95,6.11,0,,,
874,Nightsaver,81,11,2,27,10.95,6.11,0,,,
874,Nightsaver,81,11,1,27,10.95,6.11,0,,,
811,Nightsaver,3,11,2,27,10.95,6.11,0,,,
811,Nightsaver,3,11,1,27,10.95,6.11,0,,,
811,Nightsaver,24,11,2,27,10.95,6.11,0,,,
811,Nightsaver,24,11,1,27,10.95,6.11,0,,,
811,Nightsaver,18,11,2,27,10.95,6.11,0,,,
811,Nightsaver,18,11,1,27,10.95,6.11,0,,,
811,Nightsaver,16,11,2,27,10.95,6.11,0,,,
811,Nightsaver,16,11,1,27,10.95,6.11,0,,,
811,Nightsaver,15,11,2,27,10.95,6.11,0,,,
811,Nightsaver,15,11,1,27,10.95,6.11,0,,,
811,Nightsaver,14,11,2,27,10.95,6.11,0,,,
811,Nightsaver,14,11,1,27,10.95,6.11,0,,,
811,Nightsaver,101,11,2,27,10.95,6.11,0,,,
811,Nightsaver,101,11,1,27,10.95,6.11,0,,,
811,Nightsaver,13,11,2,27,10.95,6.11,0,,,
811,Nightsaver,13,11,1,27,10.95,6.11,0,,,
811,Nightsaver,26,11,2,27,10.95,6.11,0,,,
811,Nightsaver,26,11,1,27,10.95,6.11,0,,,
811,Nightsaver,4,11,2,27,10.95,6.11,0,,,
811,Nightsaver,4,11,1,27,10.95,6.11,0,,,
811,Nightsaver,20,11,2,27,10.95,6.11,0,,,
811,Nightsaver,20,11,1,27,10.95,6.11,0,,,
811,Nightsaver,1,11,2,27,10.95,6.11,0,,,
811,Nightsaver,1,11,1,27,10.95,6.11,0,,,
811,Nightsaver,12,11,2,27,10.95,6.11,0,,,
811,Nightsaver,12,11,1,27,10.95,6.11,0,,,
811,Nightsaver,17,11,2,27,10.95,6.11,0,,,
811,Nightsaver,17,11,1,27,10.95,6.11,0,,,
811,Nightsaver,34,11,2,27,10.95,6.11,0,,,
811,Nightsaver,34,11,1,27,10.95,6.11,0,,,
811,Nightsaver,37,11,2,27,10.95,6.11,0,,,
811,Nightsaver,37,11,1,27,10.95,6.11,0,,,
641,Nightsaver,2,11,2,27,10.95,6.11,0,,,
641,Nightsaver,2,11,1,27,10.95,6.11,0,,,
10,Nightsaver,106,11,2,27,10.95,6.11,0,,,
10,Nightsaver,106,11,1,27,10.95,6.11,0,,,
101,Nightsaver,3,11,2,27,10.95,6.11,0,,,
101,Nightsaver,3,11,1,27,10.95,6.11,0,,,
17,Nightsaver,106,11,2,27,10.95,6.11,0,,,
17,Nightsaver,106,11,1,27,10.95,6.11,0,,,
17,Nightsaver,101,11,2,27,10.95,6.11,0,,,
17,Nightsaver,101,11,1,27,10.95,6.11,0,,,
17,Nightsaver,6,11,2,27,10.95,6.11,0,,,
17,Nightsaver,6,11,1,27,10.95,6.11,0,,,
17,Nightsaver,3,11,2,27,10.95,6.11,0,,,
17,Nightsaver,3,11,1,27,10.95,6.11,0,,,
104,Nightsaver,10,11,2,27,10.95,6.11,0,,,
104,Nightsaver,10,11,1,27,10.95,6.11,0,,,
104,Nightsaver,3,11,2,27,10.95,6.11,0,,,
104,Nightsaver,3,11,1,27,10.95,6.11,0,,,
605,Nightsaver,10,11,2,27,10.95,6.11,0,,,
605,Nightsaver,10,11,1,27,10.95,6.11,0,,,
523,Nightsaver,106,11,2,27,10.95,6.11,0,,,
523,Nightsaver,106,11,1,27,10.95,6.11,0,,,
104,Nightsaver,2,11,2,27,10.95,6.11,0,,,
104,Nightsaver,2,11,1,27,10.95,6.11,0,,,
523,Nightsaver,101,11,2,27,10.95,6.11,0,,,
523,Nightsaver,101,11,1,27,10.95,6.11,0,,,
523,Nightsaver,6,11,2,27,10.95,6.11,0,,,
523,Nightsaver,6,11,1,27,10.95,6.11,0,,,
523,Nightsaver,3,11,2,27,10.95,6.11,0,,,
523,Nightsaver,3,11,1,27,10.95,6.11,0,,,
523,Nightsaver,1,11,2,27,10.95,6.11,0,,,
523,Nightsaver,1,11,1,27,10.95,6.11,0,,,
641,Nightsaver,10,11,2,27,10.95,6.11,0,,,
641,Nightsaver,10,11,1,27,10.95,6.11,0,,,
641,Nightsaver,3,11,2,27,10.95,6.11,0,,,
641,Nightsaver,3,11,1,27,10.95,6.11,0,,,
17,Nightsaver,1,11,2,27,10.95,6.11,0,,,
17,Nightsaver,1,11,1,27,10.95,6.11,0,,,
10,Nightsaver,1,11,2,27,10.95,6.11,0,,,
10,Nightsaver,1,11,1,27,10.95,6.11,0,,,
10,Nightsaver,101,11,2,27,10.95,6.11,0,,,
10,Nightsaver,101,11,1,27,10.95,6.11,0,,,
141,Nightsaver,2,11,2,27,10.95,6.11,0,,,
141,Nightsaver,2,11,1,27,10.95,6.11,0,,,
141,Nightsaver,3,11,2,27,10.95,6.11,0,,,
141,Nightsaver,3,11,1,27,10.95,6.11,0,,,
141,Nightsaver,10,11,2,27,10.95,6.11,0,,,
141,Nightsaver,10,11,1,27,10.95,6.11,0,,,
144,Nightsaver,2,11,2,27,10.95,6.11,0,,,
144,Nightsaver,2,11,1,27,10.95,6.11,0,,,
144,Nightsaver,3,11,2,27,10.95,6.11,0,,,
144,Nightsaver,3,11,1,27,10.95,6.11,0,,,
144,Nightsaver,10,11,2,27,10.95,6.11,0,,,
144,Nightsaver,10,11,1,27,10.95,6.11,0,,,
101,Nightsaver,2,11,2,27,10.95,6.11,0,,,
101,Nightsaver,2,11,1,27,10.95,6.11,0,,,
10,Nightsaver,3,11,2,27,10.95,6.11,0,,,
10,Nightsaver,3,11,1,27,10.95,6.11,0,,,
101,Nightsaver,10,11,2,27,10.95,6.11,0,,,
101,Nightsaver,10,11,1,27,10.95,6.11,0,,,
645,Nightsaver,10,11,2,27,10.95,6.11,0,,,
645,Nightsaver,10,11,1,27,10.95,6.11,0,,,
645,Nightsaver,3,11,2,27,10.95,6.11,0,,,
645,Nightsaver,3,11,1,27,10.95,6.11,0,,,
645,Nightsaver,2,11,2,27,10.95,6.11,0,,,
645,Nightsaver,2,11,1,27,10.95,6.11,0,,,
601,Nightsaver,2,11,2,27,10.95,6.11,0,,,
601,Nightsaver,2,11,1,27,10.95,6.11,0,,,
601,Nightsaver,3,11,2,27,10.95,6.11,0,,,
601,Nightsaver,3,11,1,27,10.95,6.11,0,,,
601,Nightsaver,10,11,2,27,10.95,6.11,0,,,
601,Nightsaver,10,11,1,27,10.95,6.11,0,,,
605,Nightsaver,2,11,2,27,10.95,6.11,0,,,
605,Nightsaver,2,11,1,27,10.95,6.11,0,,,
605,Nightsaver,3,11,2,27,10.95,6.11,0,,,
605,Nightsaver,3,11,1,27,10.95,6.11,0,,,
10,Nightsaver,6,11,2,27,10.95,6.11,0,,,
10,Nightsaver,6,11,1,27,10.95,6.11,0,,,
535,Nightsaver,1,11,2,27,10.95,6.11,0,,,
535,Nightsaver,1,11,1,27,10.95,6.11,0,,,
535,Nightsaver,106,11,2,27,10.95,6.11,0,,,
535,Nightsaver,106,11,1,27,10.95,6.11,0,,,
535,Nightsaver,101,11,2,27,10.95,6.11,0,,,
535,Nightsaver,101,11,1,27,10.95,6.11,0,,,
535,Nightsaver,3,11,2,27,10.95,6.11,0,,,
535,Nightsaver,3,11,1,27,10.95,6.11,0,,,
535,Nightsaver,6,11,2,27,10.95,6.11,0,,,
535,Nightsaver,6,11,1,27,10.95,6.11,0,,,
146,Nightsaver,7,11,2,27,10.95,6.11,0,,,
146,Nightsaver,7,11,1,27,10.95,6.11,0,,,
150,Nightsaver,7,11,2,27,10.95,6.11,0,,,
150,Nightsaver,7,11,1,27,10.95,6.11,0,,,
548,Nightsaver,14,11,2,27,10.95,6.11,0,,,
548,Nightsaver,14,11,1,27,10.95,6.11,0,,,
548,Nightsaver,13,11,2,27,10.95,6.11,0,,,
548,Nightsaver,13,11,1,27,10.95,6.11,0,,,
548,Nightsaver,12,11,2,27,10.95,6.11,0,,,
548,Nightsaver,12,11,1,27,10.95,6.11,0,,,
608,Nightsaver,1,11,2,27,10.95,6.11,0,,,
608,Nightsaver,1,11,1,27,10.95,6.11,0,,,
608,Nightsaver,2,11,2,27,10.95,6.11,0,,,
608,Nightsaver,2,11,1,27,10.95,6.11,0,,,
548,Nightsaver,3,11,2,27,10.95,6.11,0,,,
548,Nightsaver,3,11,1,27,10.95,6.11,0,,,
548,Nightsaver,1,11,2,27,10.95,6.11,0,,,
548,Nightsaver,1,11,1,27,10.95,6.11,0,,,
648,Nightsaver,2,11,2,27,10.95,6.11,0,,,
648,Nightsaver,2,11,1,27,10.95,6.11,0,,,
548,Nightsaver,119,11,2,27,10.95,6.11,0,,,
548,Nightsaver,119,11,1,27,10.95,6.11,0,,,
106,Nightsaver,37,11,2,27,10.95,6.11,0,,,
106,Nightsaver,37,11,1,27,10.95,6.11,0,,,
608,Nightsaver,3,11,2,27,10.95,6.11,0,,,
608,Nightsaver,3,11,1,27,10.95,6.11,0,,,
608,Nightsaver,7,11,2,27,10.95,6.11,0,,,
608,Nightsaver,7,11,1,27,10.95,6.11,0,,,
608,Nightsaver,37,11,2,27,10.95,6.11,0,,,
608,Nightsaver,37,11,1,27,10.95,6.11,0,,,
150,Nightsaver,2,11,2,27,10.95,6.11,0,,,
150,Nightsaver,2,11,1,27,10.95,6.11,0,,,
106,Nightsaver,3,11,2,27,10.95,6.11,0,,,
106,Nightsaver,3,11,1,27,10.95,6.11,0,,,
106,Nightsaver,2,11,2,27,10.95,6.11,0,,,
106,Nightsaver,2,11,1,27,10.95,6.11,0,,,
150,Nightsaver,3,11,2,27,10.95,6.11,0,,,
150,Nightsaver,3,11,1,27,10.95,6.11,0,,,
548,Nightsaver,23,11,2,27,10.95,6.11,0,,,
548,Nightsaver,23,11,1,27,10.95,6.11,0,,,
548,Nightsaver,19,11,2,27,10.95,6.11,0,,,
548,Nightsaver,19,11,1,27,10.95,6.11,0,,,
548,Nightsaver,17,11,2,27,10.95,6.11,0,,,
548,Nightsaver,17,11,1,27,10.95,6.11,0,,,
548,Nightsaver,15,11,2,27,10.95,6.11,0,,,
548,Nightsaver,15,11,1,27,10.95,6.11,0,,,
548,Nightsaver,134,11,2,27,10.95,6.11,0,,,
548,Nightsaver,134,11,1,27,10.95,6.11,0,,,
146,Nightsaver,1,11,2,27,10.95,6.11,0,,,
146,Nightsaver,1,11,1,27,10.95,6.11,0,,,
146,Nightsaver,2,11,2,27,10.95,6.11,0,,,
146,Nightsaver,2,11,1,27,10.95,6.11,0,,,
106,Nightsaver,1,11,2,27,10.95,6.11,0,,,
106,Nightsaver,1,11,1,27,10.95,6.11,0,,,
146,Nightsaver,3,11,2,27,10.95,6.11,0,,,
146,Nightsaver,3,11,1,27,10.95,6.11,0,,,
648,Nightsaver,7,11,2,27,10.95,6.11,0,,,
648,Nightsaver,7,11,1,27,10.95,6.11,0,,,
106,Nightsaver,7,11,2,27,10.95,6.11,0,,,
106,Nightsaver,7,11,1,27,10.95,6.11,0,,,
648,Nightsaver,3,11,2,27,10.95,6.11,0,,,
648,Nightsaver,3,11,1,27,10.95,6.11,0,,,
548,Nightsaver,103,11,2,27,10.95,6.11,0,,,
548,Nightsaver,103,11,1,27,10.95,6.11,0,,,
548,Nightsaver,101,11,2,27,10.95,6.11,0,,,
548,Nightsaver,101,11,1,27,10.95,6.11,0,,,
548,Nightsaver,40,11,2,27,10.95,6.11,0,,,
548,Nightsaver,40,11,1,27,10.95,6.11,0,,,
548,Nightsaver,37,11,2,27,10.95,6.11,0,,,
548,Nightsaver,37,11,1,27,10.95,6.11,0,,,
548,Nightsaver,34,11,2,27,10.95,6.11,0,,,
548,Nightsaver,34,11,1,27,10.95,6.11,0,,,
548,Nightsaver,29,11,2,27,10.95,6.11,0,,,
548,Nightsaver,29,11,1,27,10.95,6.11,0,,,
548,Nightsaver,27,11,2,27,10.95,6.11,0,,,
548,Nightsaver,27,11,1,27,10.95,6.11,0,,,
548,Nightsaver,113,11,2,27,10.95,6.11,0,,,
548,Nightsaver,113,11,1,27,10.95,6.11,0,,,
548,Nightsaver,21,11,2,27,10.95,6.11,0,,,
548,Nightsaver,21,11,1,27,10.95,6.11,0,,,
542,Nightsaver,27,11,2,27,10.95,6.11,0,,,
542,Nightsaver,27,11,1,27,10.95,6.11,0,,,
542,Nightsaver,12,11,2,27,10.95,6.11,0,,,
542,Nightsaver,12,11,1,27,10.95,6.11,0,,,
542,Nightsaver,13,11,2,27,10.95,6.11,0,,,
542,Nightsaver,13,11,1,27,10.95,6.11,0,,,
542,Nightsaver,14,11,2,27,10.95,6.11,0,,,
542,Nightsaver,14,11,1,27,10.95,6.11,0,,,
542,Nightsaver,17,11,2,27,10.95,6.11,0,,,
542,Nightsaver,17,11,1,27,10.95,6.11,0,,,
110,Nightsaver,1,11,2,27,10.95,6.11,0,,,
110,Nightsaver,1,11,1,27,10.95,6.11,0,,,
110,Nightsaver,2,11,2,27,10.95,6.11,0,,,
110,Nightsaver,2,11,1,27,10.95,6.11,0,,,
110,Nightsaver,3,11,2,27,10.95,6.11,0,,,
110,Nightsaver,3,11,1,27,10.95,6.11,0,,,
110,Nightsaver,7,11,2,27,10.95,6.11,0,,,
110,Nightsaver,7,11,1,27,10.95,6.11,0,,,
653,Nightsaver,7,11,2,27,10.95,6.11,0,,,
653,Nightsaver,7,11,1,27,10.95,6.11,0,,,
542,Nightsaver,3,11,2,27,10.95,6.11,0,,,
542,Nightsaver,3,11,1,27,10.95,6.11,0,,,
542,Nightsaver,23,11,2,27,10.95,6.11,0,,,
542,Nightsaver,23,11,1,27,10.95,6.11,0,,,
542,Nightsaver,15,11,2,27,10.95,6.11,0,,,
542,Nightsaver,15,11,1,27,10.95,6.11,0,,,
542,Nightsaver,29,11,2,27,10.95,6.11,0,,,
542,Nightsaver,29,11,1,27,10.95,6.11,0,,,
542,Nightsaver,34,11,2,27,10.95,6.11,0,,,
542,Nightsaver,34,11,1,27,10.95,6.11,0,,,
542,Nightsaver,37,11,2,27,10.95,6.11,0,,,
542,Nightsaver,37,11,1,27,10.95,6.11,0,,,
542,Nightsaver,40,11,2,27,10.95,6.11,0,,,
542,Nightsaver,40,11,1,27,10.95,6.11,0,,,
542,Nightsaver,101,11,2,27,10.95,6.11,0,,,
542,Nightsaver,101,11,1,27,10.95,6.11,0,,,
542,Nightsaver,134,11,2,27,10.95,6.11,0,,,
542,Nightsaver,134,11,1,27,10.95,6.11,0,,,
542,Nightsaver,119,11,2,27,10.95,6.11,0,,,
542,Nightsaver,119,11,1,27,10.95,6.11,0,,,
542,Nightsaver,113,11,2,27,10.95,6.11,0,,,
542,Nightsaver,113,11,1,27,10.95,6.11,0,,,
542,Nightsaver,140,11,2,27,10.95,6.11,0,,,
542,Nightsaver,140,11,1,27,10.95,6.11,0,,,
542,Nightsaver,103,11,2,27,10.95,6.11,0,,,
542,Nightsaver,103,11,1,27,10.95,6.11,0,,,
542,Nightsaver,21,11,2,27,10.95,6.11,0,,,
542,Nightsaver,21,11,1,27,10.95,6.11,0,,,
653,Nightsaver,3,11,2,27,10.95,6.11,0,,,
653,Nightsaver,3,11,1,27,10.95,6.11,0,,,
542,Nightsaver,19,11,2,27,10.95,6.11,0,,,
542,Nightsaver,19,11,1,27,10.95,6.11,0,,,
613,Nightsaver,2,11,2,27,10.95,6.11,0,,,
613,Nightsaver,2,11,1,27,10.95,6.11,0,,,
613,Nightsaver,3,11,2,27,10.95,6.11,0,,,
613,Nightsaver,3,11,1,27,10.95,6.11,0,,,
542,Nightsaver,1,11,2,27,10.95,6.11,0,,,
542,Nightsaver,1,11,1,27,10.95,6.11,0,,,
613,Nightsaver,7,11,2,27,10.95,6.11,0,,,
613,Nightsaver,7,11,1,27,10.95,6.11,0,,,
653,Nightsaver,2,11,2,27,10.95,6.11,0,,,
653,Nightsaver,2,11,1,27,10.95,6.11,0,,,
548,Nightsaver,140,11,2,27,10.95,6.11,0,,,
548,Nightsaver,140,11,1,27,10.95,6.11,0,,,
830,Nightsaver,103,11,2,27,10.95,6.11,0,,,
830,Nightsaver,103,11,1,27,10.95,6.11,0,,,
830,Nightsaver,101,11,2,27,10.95,6.11,0,,,
830,Nightsaver,101,11,1,27,10.95,6.11,0,,,
830,Nightsaver,52,11,2,27,10.95,6.11,0,,,
830,Nightsaver,52,11,1,27,10.95,6.11,0,,,
830,Nightsaver,40,11,2,27,10.95,6.11,0,,,
830,Nightsaver,40,11,1,27,10.95,6.11,0,,,
830,Nightsaver,19,11,2,27,10.95,6.11,0,,,
830,Nightsaver,19,11,1,27,10.95,6.11,0,,,
831,Nightsaver,152,11,2,27,10.95,6.11,0,,,
831,Nightsaver,152,11,1,27,10.95,6.11,0,,,
830,Nightsaver,13,11,2,27,10.95,6.11,0,,,
830,Nightsaver,13,11,1,27,10.95,6.11,0,,,
830,Nightsaver,3,11,2,27,10.95,6.11,0,,,
830,Nightsaver,3,11,1,27,10.95,6.11,0,,,
830,Nightsaver,37,11,2,27,10.95,6.11,0,,,
830,Nightsaver,37,11,1,27,10.95,6.11,0,,,
831,Nightsaver,116,11,2,27,10.95,6.11,0,,,
831,Nightsaver,116,11,1,27,10.95,6.11,0,,,
831,Nightsaver,3,11,2,27,10.95,6.11,0,,,
831,Nightsaver,3,11,1,27,10.95,6.11,0,,,
831,Nightsaver,13,11,2,27,10.95,6.11,0,,,
831,Nightsaver,13,11,1,27,10.95,6.11,0,,,
831,Nightsaver,16,11,2,27,10.95,6.11,0,,,
831,Nightsaver,16,11,1,27,10.95,6.11,0,,,
831,Nightsaver,19,11,2,27,10.95,6.11,0,,,
831,Nightsaver,19,11,1,27,10.95,6.11,0,,,
831,Nightsaver,37,11,2,27,10.95,6.11,0,,,
831,Nightsaver,37,11,1,27,10.95,6.11,0,,,
831,Nightsaver,37,11,2,27,10.95,6.11,0,,,
831,Nightsaver,37,11,1,27,10.95,6.11,0,,,
831,Nightsaver,40,11,2,27,10.95,6.11,0,,,
831,Nightsaver,40,11,1,27,10.95,6.11,0,,,
831,Nightsaver,52,11,2,27,10.95,6.11,0,,,
831,Nightsaver,52,11,1,27,10.95,6.11,0,,,
831,Nightsaver,101,11,2,27,10.95,6.11,0,,,
831,Nightsaver,101,11,1,27,10.95,6.11,0,,,
830,Nightsaver,140,11,2,27,10.95,6.11,0,,,
830,Nightsaver,140,11,1,27,10.95,6.11,0,,,
831,Nightsaver,113,11,2,27,10.95,6.11,0,,,
831,Nightsaver,113,11,1,27,10.95,6.11,0,,,
830,Nightsaver,113,11,2,27,10.95,6.11,0,,,
830,Nightsaver,113,11,1,27,10.95,6.11,0,,,
831,Nightsaver,119,11,2,27,10.95,6.11,0,,,
831,Nightsaver,119,11,1,27,10.95,6.11,0,,,
831,Nightsaver,137,11,2,27,10.95,6.11,0,,,
831,Nightsaver,137,11,1,27,10.95,6.11,0,,,
831,Nightsaver,140,11,2,27,10.95,6.11,0,,,
831,Nightsaver,140,11,1,27,10.95,6.11,0,,,
830,Nightsaver,16,11,2,27,10.95,6.11,0,,,
830,Nightsaver,16,11,1,27,10.95,6.11,0,,,
830,Nightsaver,152,11,2,27,10.95,6.11,0,,,
830,Nightsaver,152,11,1,27,10.95,6.11,0,,,
830,Nightsaver,1,11,2,27,10.95,6.11,0,,,
830,Nightsaver,1,11,1,27,10.95,6.11,0,,,
830,Nightsaver,137,11,2,27,10.95,6.11,0,,,
830,Nightsaver,137,11,1,27,10.95,6.11,0,,,
830,Nightsaver,119,11,2,27,10.95,6.11,0,,,
830,Nightsaver,119,11,1,27,10.95,6.11,0,,,
830,Nightsaver,116,11,2,27,10.95,6.11,0,,,
830,Nightsaver,116,11,1,27,10.95,6.11,0,,,
831,Nightsaver,103,11,2,27,10.95,6.11,0,,,
831,Nightsaver,103,11,1,27,10.95,6.11,0,,,
831,Nightsaver,1,11,2,27,10.95,6.11,0,,,
831,Nightsaver,1,11,1,27,10.95,6.11,0,,,
830,Nightsaver,37,11,2,27,10.95,6.11,0,,,
830,Nightsaver,37,11,1,27,10.95,6.11,0,,,
111,Nightsaver,3,11,2,27,10.95,6.11,0,,,
111,Nightsaver,3,11,1,27,10.95,6.11,0,,,
543,Nightsaver,14,11,2,27,10.95,6.11,0,,,
543,Nightsaver,14,11,1,27,10.95,6.11,0,,,
543,Nightsaver,13,11,2,27,10.95,6.11,0,,,
543,Nightsaver,13,11,1,27,10.95,6.11,0,,,
543,Nightsaver,12,11,2,27,10.95,6.11,0,,,
543,Nightsaver,12,11,1,27,10.95,6.11,0,,,
543,Nightsaver,4,11,2,27,10.95,6.11,0,,,
543,Nightsaver,4,11,1,27,10.95,6.11,0,,,
111,Nightsaver,2,11,2,27,10.95,6.11,0,,,
111,Nightsaver,2,11,1,27,10.95,6.11,0,,,
543,Nightsaver,1,11,2,27,10.95,6.11,0,,,
543,Nightsaver,1,11,1,27,10.95,6.11,0,,,
543,Nightsaver,17,11,2,27,10.95,6.11,0,,,
543,Nightsaver,17,11,1,27,10.95,6.11,0,,,
654,Nightsaver,2,11,2,27,10.95,6.11,0,,,
654,Nightsaver,2,11,1,27,10.95,6.11,0,,,
107,Nightsaver,8,11,2,27,10.95,6.11,0,,,
107,Nightsaver,8,11,1,27,10.95,6.11,0,,,
549,Nightsaver,1,11,2,27,10.95,6.11,0,,,
549,Nightsaver,1,11,1,27,10.95,6.11,0,,,
549,Nightsaver,3,11,2,27,10.95,6.11,0,,,
549,Nightsaver,3,11,1,27,10.95,6.11,0,,,
549,Nightsaver,4,11,2,27,10.95,6.11,0,,,
549,Nightsaver,4,11,1,27,10.95,6.11,0,,,
543,Nightsaver,3,11,2,27,10.95,6.11,0,,,
543,Nightsaver,3,11,1,27,10.95,6.11,0,,,
543,Nightsaver,20,11,2,27,10.95,6.11,0,,,
543,Nightsaver,20,11,1,27,10.95,6.11,0,,,
543,Nightsaver,34,11,2,27,10.95,6.11,0,,,
543,Nightsaver,34,11,1,27,10.95,6.11,0,,,
543,Nightsaver,37,11,2,27,10.95,6.11,0,,,
543,Nightsaver,37,11,1,27,10.95,6.11,0,,,
543,Nightsaver,101,11,2,27,10.95,6.11,0,,,
543,Nightsaver,101,11,1,27,10.95,6.11,0,,,
549,Nightsaver,20,11,2,27,10.95,6.11,0,,,
549,Nightsaver,20,11,1,27,10.95,6.11,0,,,
543,Nightsaver,26,11,2,27,10.95,6.11,0,,,
543,Nightsaver,26,11,1,27,10.95,6.11,0,,,
107,Nightsaver,3,11,2,27,10.95,6.11,0,,,
107,Nightsaver,3,11,1,27,10.95,6.11,0,,,
649,Nightsaver,2,11,2,27,10.95,6.11,0,,,
649,Nightsaver,2,11,1,27,10.95,6.11,0,,,
543,Nightsaver,24,11,2,27,10.95,6.11,0,,,
543,Nightsaver,24,11,1,27,10.95,6.11,0,,,
543,Nightsaver,15,11,2,27,10.95,6.11,0,,,
543,Nightsaver,15,11,1,27,10.95,6.11,0,,,
543,Nightsaver,18,11,2,27,10.95,6.11,0,,,
543,Nightsaver,18,11,1,27,10.95,6.11,0,,,
151,Nightsaver,2,11,2,27,10.95,6.11,0,,,
151,Nightsaver,2,11,1,27,10.95,6.11,0,,,
151,Nightsaver,3,11,2,27,10.95,6.11,0,,,
151,Nightsaver,3,11,1,27,10.95,6.11,0,,,
151,Nightsaver,8,11,2,27,10.95,6.11,0,,,
151,Nightsaver,8,11,1,27,10.95,6.11,0,,,
111,Nightsaver,8,11,2,27,10.95,6.11,0,,,
111,Nightsaver,8,11,1,27,10.95,6.11,0,,,
543,Nightsaver,16,11,2,27,10.95,6.11,0,,,
543,Nightsaver,16,11,1,27,10.95,6.11,0,,,
543,Nightsaver,104,11,2,27,10.95,6.11,0,,,
543,Nightsaver,104,11,1,27,10.95,6.11,0,,,
543,Nightsaver,137,11,2,27,10.95,6.11,0,,,
543,Nightsaver,137,11,1,27,10.95,6.11,0,,,
549,Nightsaver,12,11,2,27,10.95,6.11,0,,,
549,Nightsaver,12,11,1,27,10.95,6.11,0,,,
609,Nightsaver,8,11,2,27,10.95,6.11,0,,,
609,Nightsaver,8,11,1,27,10.95,6.11,0,,,
549,Nightsaver,17,11,2,27,10.95,6.11,0,,,
549,Nightsaver,17,11,1,27,10.95,6.11,0,,,
609,Nightsaver,3,11,2,27,10.95,6.11,0,,,
609,Nightsaver,3,11,1,27,10.95,6.11,0,,,
609,Nightsaver,2,11,2,27,10.95,6.11,0,,,
609,Nightsaver,2,11,1,27,10.95,6.11,0,,,
614,Nightsaver,2,11,2,27,10.95,6.11,0,,,
614,Nightsaver,2,11,1,27,10.95,6.11,0,,,
614,Nightsaver,8,11,2,27,10.95,6.11,0,,,
614,Nightsaver,8,11,1,27,10.95,6.11,0,,,
549,Nightsaver,134,11,2,27,10.95,6.11,0,,,
549,Nightsaver,134,11,1,27,10.95,6.11,0,,,
147,Nightsaver,2,11,2,27,10.95,6.11,0,,,
147,Nightsaver,2,11,1,27,10.95,6.11,0,,,
549,Nightsaver,137,11,2,27,10.95,6.11,0,,,
549,Nightsaver,137,11,1,27,10.95,6.11,0,,,
543,Nightsaver,134,11,2,27,10.95,6.11,0,,,
543,Nightsaver,134,11,1,27,10.95,6.11,0,,,
543,Nightsaver,116,11,2,27,10.95,6.11,0,,,
543,Nightsaver,116,11,1,27,10.95,6.11,0,,,
649,Nightsaver,3,11,2,27,10.95,6.11,0,,,
649,Nightsaver,3,11,1,27,10.95,6.11,0,,,
649,Nightsaver,8,11,2,27,10.95,6.11,0,,,
649,Nightsaver,8,11,1,27,10.95,6.11,0,,,
147,Nightsaver,3,11,2,27,10.95,6.11,0,,,
147,Nightsaver,3,11,1,27,10.95,6.11,0,,,
147,Nightsaver,8,11,2,27,10.95,6.11,0,,,
147,Nightsaver,8,11,1,27,10.95,6.11,0,,,
543,Nightsaver,113,11,2,27,10.95,6.11,0,,,
543,Nightsaver,113,11,1,27,10.95,6.11,0,,,
614,Nightsaver,3,11,2,27,10.95,6.11,0,,,
614,Nightsaver,3,11,1,27,10.95,6.11,0,,,
549,Nightsaver,13,11,2,27,10.95,6.11,0,,,
549,Nightsaver,13,11,1,27,10.95,6.11,0,,,
654,Nightsaver,3,11,2,27,10.95,6.11,0,,,
654,Nightsaver,3,11,1,27,10.95,6.11,0,,,
549,Nightsaver,24,11,2,27,10.95,6.11,0,,,
549,Nightsaver,24,11,1,27,10.95,6.11,0,,,
549,Nightsaver,116,11,2,27,10.95,6.11,0,,,
549,Nightsaver,116,11,1,27,10.95,6.11,0,,,
549,Nightsaver,18,11,2,27,10.95,6.11,0,,,
549,Nightsaver,18,11,1,27,10.95,6.11,0,,,
549,Nightsaver,16,11,2,27,10.95,6.11,0,,,
549,Nightsaver,16,11,1,27,10.95,6.11,0,,,
654,Nightsaver,8,11,2,27,10.95,6.11,0,,,
654,Nightsaver,8,11,1,27,10.95,6.11,0,,,
549,Nightsaver,14,11,2,27,10.95,6.11,0,,,
549,Nightsaver,14,11,1,27,10.95,6.11,0,,,
549,Nightsaver,26,11,2,27,10.95,6.11,0,,,
549,Nightsaver,26,11,1,27,10.95,6.11,0,,,
107,Nightsaver,2,11,2,27,10.95,6.11,0,,,
107,Nightsaver,2,11,1,27,10.95,6.11,0,,,
549,Nightsaver,34,11,2,27,10.95,6.11,0,,,
549,Nightsaver,34,11,1,27,10.95,6.11,0,,,
549,Nightsaver,37,11,2,27,10.95,6.11,0,,,
549,Nightsaver,37,11,1,27,10.95,6.11,0,,,
549,Nightsaver,101,11,2,27,10.95,6.11,0,,,
549,Nightsaver,101,11,1,27,10.95,6.11,0,,,
549,Nightsaver,104,11,2,27,10.95,6.11,0,,,
549,Nightsaver,104,11,1,27,10.95,6.11,0,,,
549,Nightsaver,113,11,2,27,10.95,6.11,0,,,
549,Nightsaver,113,11,1,27,10.95,6.11,0,,,
549,Nightsaver,15,11,2,27,10.95,6.11,0,,,
549,Nightsaver,15,11,1,27,10.95,6.11,0,,,
814,Nightsaver,18,11,2,27,10.95,6.11,0,,,
814,Nightsaver,18,11,1,27,10.95,6.11,0,,,
814,Nightsaver,3,11,2,27,10.95,6.11,0,,,
814,Nightsaver,3,11,1,27,10.95,6.11,0,,,
814,Nightsaver,4,11,2,27,10.95,6.11,0,,,
814,Nightsaver,4,11,1,27,10.95,6.11,0,,,
814,Nightsaver,12,11,2,27,10.95,6.11,0,,,
814,Nightsaver,12,11,1,27,10.95,6.11,0,,,
814,Nightsaver,13,11,2,27,10.95,6.11,0,,,
814,Nightsaver,13,11,1,27,10.95,6.11,0,,,
815,Nightsaver,26,11,2,27,10.95,6.11,0,,,
815,Nightsaver,26,11,1,27,10.95,6.11,0,,,
814,Nightsaver,14,11,2,27,10.95,6.11,0,,,
814,Nightsaver,14,11,1,27,10.95,6.11,0,,,
814,Nightsaver,15,11,2,27,10.95,6.11,0,,,
814,Nightsaver,15,11,1,27,10.95,6.11,0,,,
814,Nightsaver,1,11,2,27,10.95,6.11,0,,,
814,Nightsaver,1,11,1,27,10.95,6.11,0,,,
814,Nightsaver,17,11,2,27,10.95,6.11,0,,,
814,Nightsaver,17,11,1,27,10.95,6.11,0,,,
814,Nightsaver,20,11,2,27,10.95,6.11,0,,,
814,Nightsaver,20,11,1,27,10.95,6.11,0,,,
814,Nightsaver,24,11,2,27,10.95,6.11,0,,,
814,Nightsaver,24,11,1,27,10.95,6.11,0,,,
814,Nightsaver,26,11,2,27,10.95,6.11,0,,,
814,Nightsaver,26,11,1,27,10.95,6.11,0,,,
814,Nightsaver,34,11,2,27,10.95,6.11,0,,,
814,Nightsaver,34,11,1,27,10.95,6.11,0,,,
814,Nightsaver,37,11,2,27,10.95,6.11,0,,,
814,Nightsaver,37,11,1,27,10.95,6.11,0,,,
814,Nightsaver,101,11,2,27,10.95,6.11,0,,,
814,Nightsaver,101,11,1,27,10.95,6.11,0,,,
814,Nightsaver,104,11,2,27,10.95,6.11,0,,,
814,Nightsaver,104,11,1,27,10.95,6.11,0,,,
814,Nightsaver,113,11,2,27,10.95,6.11,0,,,
814,Nightsaver,113,11,1,27,10.95,6.11,0,,,
814,Nightsaver,116,11,2,27,10.95,6.11,0,,,
814,Nightsaver,116,11,1,27,10.95,6.11,0,,,
814,Nightsaver,134,11,2,27,10.95,6.11,0,,,
814,Nightsaver,134,11,1,27,10.95,6.11,0,,,
814,Nightsaver,137,11,2,27,10.95,6.11,0,,,
814,Nightsaver,137,11,1,27,10.95,6.11,0,,,
814,Nightsaver,16,11,2,27,10.95,6.11,0,,,
814,Nightsaver,16,11,1,27,10.95,6.11,0,,,
815,Nightsaver,4,11,2,27,10.95,6.11,0,,,
815,Nightsaver,4,11,1,27,10.95,6.11,0,,,
815,Nightsaver,104,11,2,27,10.95,6.11,0,,,
815,Nightsaver,104,11,1,27,10.95,6.11,0,,,
815,Nightsaver,101,11,2,27,10.95,6.11,0,,,
815,Nightsaver,101,11,1,27,10.95,6.11,0,,,
815,Nightsaver,18,11,2,27,10.95,6.11,0,,,
815,Nightsaver,18,11,1,27,10.95,6.11,0,,,
815,Nightsaver,16,11,2,27,10.95,6.11,0,,,
815,Nightsaver,16,11,1,27,10.95,6.11,0,,,
815,Nightsaver,14,11,2,27,10.95,6.11,0,,,
815,Nightsaver,14,11,1,27,10.95,6.11,0,,,
815,Nightsaver,113,11,2,27,10.95,6.11,0,,,
815,Nightsaver,113,11,1,27,10.95,6.11,0,,,
815,Nightsaver,12,11,2,27,10.95,6.11,0,,,
815,Nightsaver,12,11,1,27,10.95,6.11,0,,,
815,Nightsaver,17,11,2,27,10.95,6.11,0,,,
815,Nightsaver,17,11,1,27,10.95,6.11,0,,,
815,Nightsaver,3,11,2,27,10.95,6.11,0,,,
815,Nightsaver,3,11,1,27,10.95,6.11,0,,,
815,Nightsaver,1,11,2,27,10.95,6.11,0,,,
815,Nightsaver,1,11,1,27,10.95,6.11,0,,,
815,Nightsaver,34,11,2,27,10.95,6.11,0,,,
815,Nightsaver,34,11,1,27,10.95,6.11,0,,,
815,Nightsaver,37,11,2,27,10.95,6.11,0,,,
815,Nightsaver,37,11,1,27,10.95,6.11,0,,,
815,Nightsaver,13,11,2,27,10.95,6.11,0,,,
815,Nightsaver,13,11,1,27,10.95,6.11,0,,,
815,Nightsaver,116,11,2,27,10.95,6.11,0,,,
815,Nightsaver,116,11,1,27,10.95,6.11,0,,,
815,Nightsaver,137,11,2,27,10.95,6.11,0,,,
815,Nightsaver,137,11,1,27,10.95,6.11,0,,,
815,Nightsaver,24,11,2,27,10.95,6.11,0,,,
815,Nightsaver,24,11,1,27,10.95,6.11,0,,,
815,Nightsaver,15,11,2,27,10.95,6.11,0,,,
815,Nightsaver,15,11,1,27,10.95,6.11,0,,,
815,Nightsaver,20,11,2,27,10.95,6.11,0,,,
815,Nightsaver,20,11,1,27,10.95,6.11,0,,,
815,Nightsaver,134,11,2,27,10.95,6.11,0,,,
815,Nightsaver,134,11,1,27,10.95,6.11,0,,,
548,Nightsaver,15,11,2,27,10.95,6.11,0,,,
548,Nightsaver,15,11,1,27,10.95,6.11,0,,,
608,Nightsaver,2,11,2,27,10.95,6.11,0,,,
608,Nightsaver,2,11,1,27,10.95,6.11,0,,,
548,Nightsaver,14,11,2,27,10.95,6.11,0,,,
548,Nightsaver,14,11,1,27,10.95,6.11,0,,,
648,Nightsaver,7,11,2,27,10.95,6.11,0,,,
648,Nightsaver,7,11,1,27,10.95,6.11,0,,,
548,Nightsaver,1,11,2,27,10.95,6.11,0,,,
548,Nightsaver,1,11,1,27,10.95,6.11,0,,,
608,Nightsaver,7,11,2,27,10.95,6.11,0,,,
608,Nightsaver,7,11,1,27,10.95,6.11,0,,,
653,Nightsaver,3,11,2,27,10.95,6.11,0,,,
653,Nightsaver,3,11,1,27,10.95,6.11,0,,,
653,Nightsaver,2,11,2,27,10.95,6.11,0,,,
653,Nightsaver,2,11,1,27,10.95,6.11,0,,,
548,Nightsaver,3,11,2,27,10.95,6.11,0,,,
548,Nightsaver,3,11,1,27,10.95,6.11,0,,,
548,Nightsaver,12,11,2,27,10.95,6.11,0,,,
548,Nightsaver,12,11,1,27,10.95,6.11,0,,,
548,Nightsaver,13,11,2,27,10.95,6.11,0,,,
548,Nightsaver,13,11,1,27,10.95,6.11,0,,,
608,Nightsaver,3,11,2,27,10.95,6.11,0,,,
608,Nightsaver,3,11,1,27,10.95,6.11,0,,,
542,Nightsaver,134,11,2,27,10.95,6.11,0,,,
542,Nightsaver,134,11,1,27,10.95,6.11,0,,,
110,Nightsaver,7,11,2,27,10.95,6.11,0,,,
110,Nightsaver,7,11,1,27,10.95,6.11,0,,,
653,Nightsaver,7,11,2,27,10.95,6.11,0,,,
653,Nightsaver,7,11,1,27,10.95,6.11,0,,,
542,Nightsaver,34,11,2,27,10.95,6.11,0,,,
542,Nightsaver,34,11,1,27,10.95,6.11,0,,,
542,Nightsaver,37,11,2,27,10.95,6.11,0,,,
542,Nightsaver,37,11,1,27,10.95,6.11,0,,,
542,Nightsaver,40,11,2,27,10.95,6.11,0,,,
542,Nightsaver,40,11,1,27,10.95,6.11,0,,,
542,Nightsaver,101,11,2,27,10.95,6.11,0,,,
542,Nightsaver,101,11,1,27,10.95,6.11,0,,,
542,Nightsaver,103,11,2,27,10.95,6.11,0,,,
542,Nightsaver,103,11,1,27,10.95,6.11,0,,,
110,Nightsaver,3,11,2,27,10.95,6.11,0,,,
110,Nightsaver,3,11,1,27,10.95,6.11,0,,,
542,Nightsaver,119,11,2,27,10.95,6.11,0,,,
542,Nightsaver,119,11,1,27,10.95,6.11,0,,,
110,Nightsaver,1,11,2,27,10.95,6.11,0,,,
110,Nightsaver,1,11,1,27,10.95,6.11,0,,,
542,Nightsaver,140,11,2,27,10.95,6.11,0,,,
542,Nightsaver,140,11,1,27,10.95,6.11,0,,,
146,Nightsaver,1,11,2,27,10.95,6.11,0,,,
146,Nightsaver,1,11,1,27,10.95,6.11,0,,,
106,Nightsaver,2,11,2,27,10.95,6.11,0,,,
106,Nightsaver,2,11,1,27,10.95,6.11,0,,,
106,Nightsaver,3,11,2,27,10.95,6.11,0,,,
106,Nightsaver,3,11,1,27,10.95,6.11,0,,,
106,Nightsaver,7,11,2,27,10.95,6.11,0,,,
106,Nightsaver,7,11,1,27,10.95,6.11,0,,,
146,Nightsaver,2,11,2,27,10.95,6.11,0,,,
146,Nightsaver,2,11,1,27,10.95,6.11,0,,,
146,Nightsaver,3,11,2,27,10.95,6.11,0,,,
146,Nightsaver,3,11,1,27,10.95,6.11,0,,,
146,Nightsaver,7,11,2,27,10.95,6.11,0,,,
146,Nightsaver,7,11,1,27,10.95,6.11,0,,,
542,Nightsaver,113,11,2,27,10.95,6.11,0,,,
542,Nightsaver,113,11,1,27,10.95,6.11,0,,,
548,Nightsaver,103,11,2,27,10.95,6.11,0,,,
548,Nightsaver,103,11,1,27,10.95,6.11,0,,,
548,Nightsaver,19,11,2,27,10.95,6.11,0,,,
548,Nightsaver,19,11,1,27,10.95,6.11,0,,,
548,Nightsaver,21,11,2,27,10.95,6.11,0,,,
548,Nightsaver,21,11,1,27,10.95,6.11,0,,,
548,Nightsaver,23,11,2,27,10.95,6.11,0,,,
548,Nightsaver,23,11,1,27,10.95,6.11,0,,,
548,Nightsaver,27,11,2,27,10.95,6.11,0,,,
548,Nightsaver,27,11,1,27,10.95,6.11,0,,,
548,Nightsaver,29,11,2,27,10.95,6.11,0,,,
548,Nightsaver,29,11,1,27,10.95,6.11,0,,,
548,Nightsaver,34,11,2,27,10.95,6.11,0,,,
548,Nightsaver,34,11,1,27,10.95,6.11,0,,,
542,Nightsaver,21,11,2,27,10.95,6.11,0,,,
542,Nightsaver,21,11,1,27,10.95,6.11,0,,,
548,Nightsaver,37,11,2,27,10.95,6.11,0,,,
548,Nightsaver,37,11,1,27,10.95,6.11,0,,,
150,Nightsaver,2,11,2,27,10.95,6.11,0,,,
150,Nightsaver,2,11,1,27,10.95,6.11,0,,,
548,Nightsaver,101,11,2,27,10.95,6.11,0,,,
548,Nightsaver,101,11,1,27,10.95,6.11,0,,,
110,Nightsaver,2,11,2,27,10.95,6.11,0,,,
110,Nightsaver,2,11,1,27,10.95,6.11,0,,,
548,Nightsaver,113,11,2,27,10.95,6.11,0,,,
548,Nightsaver,113,11,1,27,10.95,6.11,0,,,
548,Nightsaver,119,11,2,27,10.95,6.11,0,,,
548,Nightsaver,119,11,1,27,10.95,6.11,0,,,
548,Nightsaver,134,11,2,27,10.95,6.11,0,,,
548,Nightsaver,134,11,1,27,10.95,6.11,0,,,
548,Nightsaver,140,11,2,27,10.95,6.11,0,,,
548,Nightsaver,140,11,1,27,10.95,6.11,0,,,
542,Nightsaver,23,11,2,27,10.95,6.11,0,,,
542,Nightsaver,23,11,1,27,10.95,6.11,0,,,
542,Nightsaver,27,11,2,27,10.95,6.11,0,,,
542,Nightsaver,27,11,1,27,10.95,6.11,0,,,
542,Nightsaver,29,11,2,27,10.95,6.11,0,,,
542,Nightsaver,29,11,1,27,10.95,6.11,0,,,
548,Nightsaver,17,11,2,27,10.95,6.11,0,,,
548,Nightsaver,17,11,1,27,10.95,6.11,0,,,
548,Nightsaver,40,11,2,27,10.95,6.11,0,,,
548,Nightsaver,40,11,1,27,10.95,6.11,0,,,
613,Nightsaver,7,11,2,27,10.95,6.11,0,,,
613,Nightsaver,7,11,1,27,10.95,6.11,0,,,
542,Nightsaver,19,11,2,27,10.95,6.11,0,,,
542,Nightsaver,19,11,1,27,10.95,6.11,0,,,
542,Nightsaver,17,11,2,27,10.95,6.11,0,,,
542,Nightsaver,17,11,1,27,10.95,6.11,0,,,
542,Nightsaver,15,11,2,27,10.95,6.11,0,,,
542,Nightsaver,15,11,1,27,10.95,6.11,0,,,
542,Nightsaver,14,11,2,27,10.95,6.11,0,,,
542,Nightsaver,14,11,1,27,10.95,6.11,0,,,
150,Nightsaver,3,11,2,27,10.95,6.11,0,,,
150,Nightsaver,3,11,1,27,10.95,6.11,0,,,
542,Nightsaver,13,11,2,27,10.95,6.11,0,,,
542,Nightsaver,13,11,1,27,10.95,6.11,0,,,
542,Nightsaver,12,11,2,27,10.95,6.11,0,,,
542,Nightsaver,12,11,1,27,10.95,6.11,0,,,
542,Nightsaver,3,11,2,27,10.95,6.11,0,,,
542,Nightsaver,3,11,1,27,10.95,6.11,0,,,
542,Nightsaver,1,11,2,27,10.95,6.11,0,,,
542,Nightsaver,1,11,1,27,10.95,6.11,0,,,
648,Nightsaver,2,11,2,27,10.95,6.11,0,,,
648,Nightsaver,2,11,1,27,10.95,6.11,0,,,
613,Nightsaver,3,11,2,27,10.95,6.11,0,,,
613,Nightsaver,3,11,1,27,10.95,6.11,0,,,
648,Nightsaver,3,11,2,27,10.95,6.11,0,,,
648,Nightsaver,3,11,1,27,10.95,6.11,0,,,
150,Nightsaver,7,11,2,27,10.95,6.11,0,,,
150,Nightsaver,7,11,1,27,10.95,6.11,0,,,
613,Nightsaver,2,11,2,27,10.95,6.11,0,,,
613,Nightsaver,2,11,1,27,10.95,6.11,0,,,
831,Nightsaver,52,11,2,27,10.95,6.11,0,,,
831,Nightsaver,52,11,1,27,10.95,6.11,0,,,
831,Nightsaver,140,11,2,27,10.95,6.11,0,,,
831,Nightsaver,140,11,1,27,10.95,6.11,0,,,
831,Nightsaver,137,11,2,27,10.95,6.11,0,,,
831,Nightsaver,137,11,1,27,10.95,6.11,0,,,
831,Nightsaver,119,11,2,27,10.95,6.11,0,,,
831,Nightsaver,119,11,1,27,10.95,6.11,0,,,
831,Nightsaver,116,11,2,27,10.95,6.11,0,,,
831,Nightsaver,116,11,1,27,10.95,6.11,0,,,
831,Nightsaver,113,11,2,27,10.95,6.11,0,,,
831,Nightsaver,113,11,1,27,10.95,6.11,0,,,
830,Nightsaver,113,11,2,27,10.95,6.11,0,,,
830,Nightsaver,113,11,1,27,10.95,6.11,0,,,
831,Nightsaver,101,11,2,27,10.95,6.11,0,,,
831,Nightsaver,101,11,1,27,10.95,6.11,0,,,
830,Nightsaver,116,11,2,27,10.95,6.11,0,,,
830,Nightsaver,116,11,1,27,10.95,6.11,0,,,
831,Nightsaver,40,11,2,27,10.95,6.11,0,,,
831,Nightsaver,40,11,1,27,10.95,6.11,0,,,
831,Nightsaver,37,11,2,27,10.95,6.11,0,,,
831,Nightsaver,37,11,1,27,10.95,6.11,0,,,
831,Nightsaver,37,11,2,27,10.95,6.11,0,,,
831,Nightsaver,37,11,1,27,10.95,6.11,0,,,
831,Nightsaver,19,11,2,27,10.95,6.11,0,,,
831,Nightsaver,19,11,1,27,10.95,6.11,0,,,
831,Nightsaver,16,11,2,27,10.95,6.11,0,,,
831,Nightsaver,16,11,1,27,10.95,6.11,0,,,
831,Nightsaver,13,11,2,27,10.95,6.11,0,,,
831,Nightsaver,13,11,1,27,10.95,6.11,0,,,
831,Nightsaver,3,11,2,27,10.95,6.11,0,,,
831,Nightsaver,3,11,1,27,10.95,6.11,0,,,
831,Nightsaver,103,11,2,27,10.95,6.11,0,,,
831,Nightsaver,103,11,1,27,10.95,6.11,0,,,
830,Nightsaver,19,11,2,27,10.95,6.11,0,,,
830,Nightsaver,19,11,1,27,10.95,6.11,0,,,
830,Nightsaver,152,11,2,27,10.95,6.11,0,,,
830,Nightsaver,152,11,1,27,10.95,6.11,0,,,
830,Nightsaver,101,11,2,27,10.95,6.11,0,,,
830,Nightsaver,101,11,1,27,10.95,6.11,0,,,
830,Nightsaver,52,11,2,27,10.95,6.11,0,,,
830,Nightsaver,52,11,1,27,10.95,6.11,0,,,
830,Nightsaver,40,11,2,27,10.95,6.11,0,,,
830,Nightsaver,40,11,1,27,10.95,6.11,0,,,
830,Nightsaver,37,11,2,27,10.95,6.11,0,,,
830,Nightsaver,37,11,1,27,10.95,6.11,0,,,
831,Nightsaver,152,11,2,27,10.95,6.11,0,,,
831,Nightsaver,152,11,1,27,10.95,6.11,0,,,
831,Nightsaver,1,11,2,27,10.95,6.11,0,,,
831,Nightsaver,1,11,1,27,10.95,6.11,0,,,
830,Nightsaver,140,11,2,27,10.95,6.11,0,,,
830,Nightsaver,140,11,1,27,10.95,6.11,0,,,
830,Nightsaver,16,11,2,27,10.95,6.11,0,,,
830,Nightsaver,16,11,1,27,10.95,6.11,0,,,
830,Nightsaver,13,11,2,27,10.95,6.11,0,,,
830,Nightsaver,13,11,1,27,10.95,6.11,0,,,
830,Nightsaver,3,11,2,27,10.95,6.11,0,,,
830,Nightsaver,3,11,1,27,10.95,6.11,0,,,
830,Nightsaver,1,11,2,27,10.95,6.11,0,,,
830,Nightsaver,1,11,1,27,10.95,6.11,0,,,
830,Nightsaver,103,11,2,27,10.95,6.11,0,,,
830,Nightsaver,103,11,1,27,10.95,6.11,0,,,
830,Nightsaver,137,11,2,27,10.95,6.11,0,,,
830,Nightsaver,137,11,1,27,10.95,6.11,0,,,
830,Nightsaver,119,11,2,27,10.95,6.11,0,,,
830,Nightsaver,119,11,1,27,10.95,6.11,0,,,
830,Nightsaver,37,11,2,27,10.95,6.11,0,,,
830,Nightsaver,37,11,1,27,10.95,6.11,0,,,
548,Nightsaver,23,11,2,27,10.95,6.11,0,,,
548,Nightsaver,23,11,1,27,10.95,6.11,0,,,
548,Nightsaver,140,11,2,27,10.95,6.11,0,,,
548,Nightsaver,140,11,1,27,10.95,6.11,0,,,
548,Nightsaver,134,11,2,27,10.95,6.11,0,,,
548,Nightsaver,134,11,1,27,10.95,6.11,0,,,
542,Nightsaver,113,11,2,27,10.95,6.11,0,,,
542,Nightsaver,113,11,1,27,10.95,6.11,0,,,
548,Nightsaver,113,11,2,27,10.95,6.11,0,,,
548,Nightsaver,113,11,1,27,10.95,6.11,0,,,
548,Nightsaver,103,11,2,27,10.95,6.11,0,,,
548,Nightsaver,103,11,1,27,10.95,6.11,0,,,
106,Nightsaver,3,11,2,27,10.95,6.11,0,,,
106,Nightsaver,3,11,1,27,10.95,6.11,0,,,
106,Nightsaver,7,11,2,27,10.95,6.11,0,,,
106,Nightsaver,7,11,1,27,10.95,6.11,0,,,
548,Nightsaver,101,11,2,27,10.95,6.11,0,,,
548,Nightsaver,101,11,1,27,10.95,6.11,0,,,
548,Nightsaver,40,11,2,27,10.95,6.11,0,,,
548,Nightsaver,40,11,1,27,10.95,6.11,0,,,
548,Nightsaver,37,11,2,27,10.95,6.11,0,,,
548,Nightsaver,37,11,1,27,10.95,6.11,0,,,
548,Nightsaver,34,11,2,27,10.95,6.11,0,,,
548,Nightsaver,34,11,1,27,10.95,6.11,0,,,
542,Nightsaver,101,11,2,27,10.95,6.11,0,,,
542,Nightsaver,101,11,1,27,10.95,6.11,0,,,
548,Nightsaver,27,11,2,27,10.95,6.11,0,,,
548,Nightsaver,27,11,1,27,10.95,6.11,0,,,
542,Nightsaver,40,11,2,27,10.95,6.11,0,,,
542,Nightsaver,40,11,1,27,10.95,6.11,0,,,
548,Nightsaver,21,11,2,27,10.95,6.11,0,,,
548,Nightsaver,21,11,1,27,10.95,6.11,0,,,
548,Nightsaver,19,11,2,27,10.95,6.11,0,,,
548,Nightsaver,19,11,1,27,10.95,6.11,0,,,
548,Nightsaver,17,11,2,27,10.95,6.11,0,,,
548,Nightsaver,17,11,1,27,10.95,6.11,0,,,
548,Nightsaver,15,11,2,27,10.95,6.11,0,,,
548,Nightsaver,15,11,1,27,10.95,6.11,0,,,
548,Nightsaver,14,11,2,27,10.95,6.11,0,,,
548,Nightsaver,14,11,1,27,10.95,6.11,0,,,
548,Nightsaver,13,11,2,27,10.95,6.11,0,,,
548,Nightsaver,13,11,1,27,10.95,6.11,0,,,
548,Nightsaver,12,11,2,27,10.95,6.11,0,,,
548,Nightsaver,12,11,1,27,10.95,6.11,0,,,
548,Nightsaver,3,11,2,27,10.95,6.11,0,,,
548,Nightsaver,3,11,1,27,10.95,6.11,0,,,
548,Nightsaver,1,11,2,27,10.95,6.11,0,,,
548,Nightsaver,1,11,1,27,10.95,6.11,0,,,
542,Nightsaver,119,11,2,27,10.95,6.11,0,,,
542,Nightsaver,119,11,1,27,10.95,6.11,0,,,
542,Nightsaver,134,11,2,27,10.95,6.11,0,,,
542,Nightsaver,134,11,1,27,10.95,6.11,0,,,
542,Nightsaver,140,11,2,27,10.95,6.11,0,,,
542,Nightsaver,140,11,1,27,10.95,6.11,0,,,
548,Nightsaver,29,11,2,27,10.95,6.11,0,,,
548,Nightsaver,29,11,1,27,10.95,6.11,0,,,
542,Nightsaver,3,11,2,27,10.95,6.11,0,,,
542,Nightsaver,3,11,1,27,10.95,6.11,0,,,
608,Nightsaver,2,11,2,27,10.95,6.11,0,,,
608,Nightsaver,2,11,1,27,10.95,6.11,0,,,
146,Nightsaver,3,11,2,27,10.95,6.11,0,,,
146,Nightsaver,3,11,1,27,10.95,6.11,0,,,
542,Nightsaver,29,11,2,27,10.95,6.11,0,,,
542,Nightsaver,29,11,1,27,10.95,6.11,0,,,
542,Nightsaver,27,11,2,27,10.95,6.11,0,,,
542,Nightsaver,27,11,1,27,10.95,6.11,0,,,
542,Nightsaver,23,11,2,27,10.95,6.11,0,,,
542,Nightsaver,23,11,1,27,10.95,6.11,0,,,
542,Nightsaver,21,11,2,27,10.95,6.11,0,,,
542,Nightsaver,21,11,1,27,10.95,6.11,0,,,
106,Nightsaver,2,11,2,27,10.95,6.11,0,,,
106,Nightsaver,2,11,1,27,10.95,6.11,0,,,
106,Nightsaver,1,11,2,27,10.95,6.11,0,,,
106,Nightsaver,1,11,1,27,10.95,6.11,0,,,
542,Nightsaver,19,11,2,27,10.95,6.11,0,,,
542,Nightsaver,19,11,1,27,10.95,6.11,0,,,
542,Nightsaver,17,11,2,27,10.95,6.11,0,,,
542,Nightsaver,17,11,1,27,10.95,6.11,0,,,
542,Nightsaver,15,11,2,27,10.95,6.11,0,,,
542,Nightsaver,15,11,1,27,10.95,6.11,0,,,
542,Nightsaver,14,11,2,27,10.95,6.11,0,,,
542,Nightsaver,14,11,1,27,10.95,6.11,0,,,
542,Nightsaver,103,11,2,27,10.95,6.11,0,,,
542,Nightsaver,103,11,1,27,10.95,6.11,0,,,
542,Nightsaver,12,11,2,27,10.95,6.11,0,,,
542,Nightsaver,12,11,1,27,10.95,6.11,0,,,
146,Nightsaver,2,11,2,27,10.95,6.11,0,,,
146,Nightsaver,2,11,1,27,10.95,6.11,0,,,
542,Nightsaver,1,11,2,27,10.95,6.11,0,,,
542,Nightsaver,1,11,1,27,10.95,6.11,0,,,
608,Nightsaver,3,11,2,27,10.95,6.11,0,,,
608,Nightsaver,3,11,1,27,10.95,6.11,0,,,
613,Nightsaver,7,11,2,27,10.95,6.11,0,,,
613,Nightsaver,7,11,1,27,10.95,6.11,0,,,
613,Nightsaver,3,11,2,27,10.95,6.11,0,,,
613,Nightsaver,3,11,1,27,10.95,6.11,0,,,
608,Nightsaver,7,11,2,27,10.95,6.11,0,,,
608,Nightsaver,7,11,1,27,10.95,6.11,0,,,
613,Nightsaver,2,11,2,27,10.95,6.11,0,,,
613,Nightsaver,2,11,1,27,10.95,6.11,0,,,
548,Nightsaver,119,11,2,27,10.95,6.11,0,,,
548,Nightsaver,119,11,1,27,10.95,6.11,0,,,
146,Nightsaver,7,11,2,27,10.95,6.11,0,,,
146,Nightsaver,7,11,1,27,10.95,6.11,0,,,
542,Nightsaver,34,11,2,27,10.95,6.11,0,,,
542,Nightsaver,34,11,1,27,10.95,6.11,0,,,
110,Nightsaver,7,11,2,27,10.95,6.11,0,,,
110,Nightsaver,7,11,1,27,10.95,6.11,0,,,
110,Nightsaver,3,11,2,27,10.95,6.11,0,,,
110,Nightsaver,3,11,1,27,10.95,6.11,0,,,
110,Nightsaver,2,11,2,27,10.95,6.11,0,,,
110,Nightsaver,2,11,1,27,10.95,6.11,0,,,
542,Nightsaver,37,11,2,27,10.95,6.11,0,,,
542,Nightsaver,37,11,1,27,10.95,6.11,0,,,
542,Nightsaver,13,11,2,27,10.95,6.11,0,,,
542,Nightsaver,13,11,1,27,10.95,6.11,0,,,
648,Nightsaver,7,11,2,27,10.95,6.11,0,,,
648,Nightsaver,7,11,1,27,10.95,6.11,0,,,
653,Nightsaver,7,11,2,27,10.95,6.11,0,,,
653,Nightsaver,7,11,1,27,10.95,6.11,0,,,
653,Nightsaver,3,11,2,27,10.95,6.11,0,,,
653,Nightsaver,3,11,1,27,10.95,6.11,0,,,
648,Nightsaver,3,11,2,27,10.95,6.11,0,,,
648,Nightsaver,3,11,1,27,10.95,6.11,0,,,
648,Nightsaver,2,11,2,27,10.95,6.11,0,,,
648,Nightsaver,2,11,1,27,10.95,6.11,0,,,
653,Nightsaver,2,11,2,27,10.95,6.11,0,,,
653,Nightsaver,2,11,1,27,10.95,6.11,0,,,
150,Nightsaver,3,11,2,27,10.95,6.11,0,,,
150,Nightsaver,3,11,1,27,10.95,6.11,0,,,
150,Nightsaver,7,11,2,27,10.95,6.11,0,,,
150,Nightsaver,7,11,1,27,10.95,6.11,0,,,
150,Nightsaver,2,11,2,27,10.95,6.11,0,,,
150,Nightsaver,2,11,1,27,10.95,6.11,0,,,
831,Nightsaver,16,11,2,27,10.95,6.11,0,,,
831,Nightsaver,16,11,1,27,10.95,6.11,0,,,
831,Nightsaver,40,11,2,27,10.95,6.11,0,,,
831,Nightsaver,40,11,1,27,10.95,6.11,0,,,
830,Nightsaver,1,11,2,27,10.95,6.11,0,,,
830,Nightsaver,1,11,1,27,10.95,6.11,0,,,
831,Nightsaver,152,11,2,27,10.95,6.11,0,,,
831,Nightsaver,152,11,1,27,10.95,6.11,0,,,
831,Nightsaver,119,11,2,27,10.95,6.11,0,,,
831,Nightsaver,119,11,1,27,10.95,6.11,0,,,
831,Nightsaver,116,11,2,27,10.95,6.11,0,,,
831,Nightsaver,116,11,1,27,10.95,6.11,0,,,
831,Nightsaver,113,11,2,27,10.95,6.11,0,,,
831,Nightsaver,113,11,1,27,10.95,6.11,0,,,
831,Nightsaver,103,11,2,27,10.95,6.11,0,,,
831,Nightsaver,103,11,1,27,10.95,6.11,0,,,
831,Nightsaver,3,11,2,27,10.95,6.11,0,,,
831,Nightsaver,3,11,1,27,10.95,6.11,0,,,
831,Nightsaver,52,11,2,27,10.95,6.11,0,,,
831,Nightsaver,52,11,1,27,10.95,6.11,0,,,
831,Nightsaver,1,11,2,27,10.95,6.11,0,,,
831,Nightsaver,1,11,1,27,10.95,6.11,0,,,
831,Nightsaver,37,11,2,27,10.95,6.11,0,,,
831,Nightsaver,37,11,1,27,10.95,6.11,0,,,
831,Nightsaver,37,11,2,27,10.95,6.11,0,,,
831,Nightsaver,37,11,1,27,10.95,6.11,0,,,
831,Nightsaver,19,11,2,27,10.95,6.11,0,,,
831,Nightsaver,19,11,1,27,10.95,6.11,0,,,
831,Nightsaver,140,11,2,27,10.95,6.11,0,,,
831,Nightsaver,140,11,1,27,10.95,6.11,0,,,
831,Nightsaver,13,11,2,27,10.95,6.11,0,,,
831,Nightsaver,13,11,1,27,10.95,6.11,0,,,
831,Nightsaver,137,11,2,27,10.95,6.11,0,,,
831,Nightsaver,137,11,1,27,10.95,6.11,0,,,
831,Nightsaver,101,11,2,27,10.95,6.11,0,,,
831,Nightsaver,101,11,1,27,10.95,6.11,0,,,
830,Nightsaver,52,11,2,27,10.95,6.11,0,,,
830,Nightsaver,52,11,1,27,10.95,6.11,0,,,
830,Nightsaver,3,11,2,27,10.95,6.11,0,,,
830,Nightsaver,3,11,1,27,10.95,6.11,0,,,
830,Nightsaver,16,11,2,27,10.95,6.11,0,,,
830,Nightsaver,16,11,1,27,10.95,6.11,0,,,
830,Nightsaver,19,11,2,27,10.95,6.11,0,,,
830,Nightsaver,19,11,1,27,10.95,6.11,0,,,
830,Nightsaver,37,11,2,27,10.95,6.11,0,,,
830,Nightsaver,37,11,1,27,10.95,6.11,0,,,
830,Nightsaver,13,11,2,27,10.95,6.11,0,,,
830,Nightsaver,13,11,1,27,10.95,6.11,0,,,
830,Nightsaver,40,11,2,27,10.95,6.11,0,,,
830,Nightsaver,40,11,1,27,10.95,6.11,0,,,
830,Nightsaver,101,11,2,27,10.95,6.11,0,,,
830,Nightsaver,101,11,1,27,10.95,6.11,0,,,
830,Nightsaver,103,11,2,27,10.95,6.11,0,,,
830,Nightsaver,103,11,1,27,10.95,6.11,0,,,
830,Nightsaver,113,11,2,27,10.95,6.11,0,,,
830,Nightsaver,113,11,1,27,10.95,6.11,0,,,
830,Nightsaver,116,11,2,27,10.95,6.11,0,,,
830,Nightsaver,116,11,1,27,10.95,6.11,0,,,
830,Nightsaver,119,11,2,27,10.95,6.11,0,,,
830,Nightsaver,119,11,1,27,10.95,6.11,0,,,
830,Nightsaver,137,11,2,27,10.95,6.11,0,,,
830,Nightsaver,137,11,1,27,10.95,6.11,0,,,
830,Nightsaver,140,11,2,27,10.95,6.11,0,,,
830,Nightsaver,140,11,1,27,10.95,6.11,0,,,
830,Nightsaver,152,11,2,27,10.95,6.11,0,,,
830,Nightsaver,152,11,1,27,10.95,6.11,0,,,
830,Nightsaver,37,11,2,27,10.95,6.11,0,,,
830,Nightsaver,37,11,1,27,10.95,6.11,0,,,
548,Nightsaver,14,11,2,27,10.95,6.11,0,,,
548,Nightsaver,14,11,1,27,10.95,6.11,0,,,
548,Nightsaver,13,11,2,27,10.95,6.11,0,,,
548,Nightsaver,13,11,1,27,10.95,6.11,0,,,
548,Nightsaver,12,11,2,27,10.95,6.11,0,,,
548,Nightsaver,12,11,1,27,10.95,6.11,0,,,
548,Nightsaver,3,11,2,27,10.95,6.11,0,,,
548,Nightsaver,3,11,1,27,10.95,6.11,0,,,
548,Nightsaver,1,11,2,27,10.95,6.11,0,,,
548,Nightsaver,1,11,1,27,10.95,6.11,0,,,
542,Nightsaver,13,11,2,27,10.95,6.11,0,,,
542,Nightsaver,13,11,1,27,10.95,6.11,0,,,
542,Nightsaver,14,11,2,27,10.95,6.11,0,,,
542,Nightsaver,14,11,1,27,10.95,6.11,0,,,
542,Nightsaver,103,11,2,27,10.95,6.11,0,,,
542,Nightsaver,103,11,1,27,10.95,6.11,0,,,
548,Nightsaver,15,11,2,27,10.95,6.11,0,,,
548,Nightsaver,15,11,1,27,10.95,6.11,0,,,
542,Nightsaver,40,11,2,27,10.95,6.11,0,,,
542,Nightsaver,40,11,1,27,10.95,6.11,0,,,
608,Nightsaver,7,11,2,27,10.95,6.11,0,,,
608,Nightsaver,7,11,1,27,10.95,6.11,0,,,
542,Nightsaver,37,11,2,27,10.95,6.11,0,,,
542,Nightsaver,37,11,1,27,10.95,6.11,0,,,
542,Nightsaver,34,11,2,27,10.95,6.11,0,,,
542,Nightsaver,34,11,1,27,10.95,6.11,0,,,
542,Nightsaver,29,11,2,27,10.95,6.11,0,,,
542,Nightsaver,29,11,1,27,10.95,6.11,0,,,
110,Nightsaver,3,11,2,27,10.95,6.11,0,,,
110,Nightsaver,3,11,1,27,10.95,6.11,0,,,
542,Nightsaver,27,11,2,27,10.95,6.11,0,,,
542,Nightsaver,27,11,1,27,10.95,6.11,0,,,
542,Nightsaver,23,11,2,27,10.95,6.11,0,,,
542,Nightsaver,23,11,1,27,10.95,6.11,0,,,
542,Nightsaver,21,11,2,27,10.95,6.11,0,,,
542,Nightsaver,21,11,1,27,10.95,6.11,0,,,
106,Nightsaver,1,11,2,27,10.95,6.11,0,,,
106,Nightsaver,1,11,1,27,10.95,6.11,0,,,
106,Nightsaver,2,11,2,27,10.95,6.11,0,,,
106,Nightsaver,2,11,1,27,10.95,6.11,0,,,
106,Nightsaver,7,11,2,27,10.95,6.11,0,,,
106,Nightsaver,7,11,1,27,10.95,6.11,0,,,
542,Nightsaver,19,11,2,27,10.95,6.11,0,,,
542,Nightsaver,19,11,1,27,10.95,6.11,0,,,
542,Nightsaver,101,11,2,27,10.95,6.11,0,,,
542,Nightsaver,101,11,1,27,10.95,6.11,0,,,
548,Nightsaver,40,11,2,27,10.95,6.11,0,,,
548,Nightsaver,40,11,1,27,10.95,6.11,0,,,
548,Nightsaver,134,11,2,27,10.95,6.11,0,,,
548,Nightsaver,134,11,1,27,10.95,6.11,0,,,
548,Nightsaver,119,11,2,27,10.95,6.11,0,,,
548,Nightsaver,119,11,1,27,10.95,6.11,0,,,
548,Nightsaver,113,11,2,27,10.95,6.11,0,,,
548,Nightsaver,113,11,1,27,10.95,6.11,0,,,
548,Nightsaver,103,11,2,27,10.95,6.11,0,,,
548,Nightsaver,103,11,1,27,10.95,6.11,0,,,
542,Nightsaver,140,11,2,27,10.95,6.11,0,,,
542,Nightsaver,140,11,1,27,10.95,6.11,0,,,
542,Nightsaver,134,11,2,27,10.95,6.11,0,,,
542,Nightsaver,134,11,1,27,10.95,6.11,0,,,
110,Nightsaver,2,11,2,27,10.95,6.11,0,,,
110,Nightsaver,2,11,1,27,10.95,6.11,0,,,
542,Nightsaver,119,11,2,27,10.95,6.11,0,,,
542,Nightsaver,119,11,1,27,10.95,6.11,0,,,
542,Nightsaver,113,11,2,27,10.95,6.11,0,,,
542,Nightsaver,113,11,1,27,10.95,6.11,0,,,
548,Nightsaver,17,11,2,27,10.95,6.11,0,,,
548,Nightsaver,17,11,1,27,10.95,6.11,0,,,
548,Nightsaver,101,11,2,27,10.95,6.11,0,,,
548,Nightsaver,101,11,1,27,10.95,6.11,0,,,
548,Nightsaver,21,11,2,27,10.95,6.11,0,,,
548,Nightsaver,21,11,1,27,10.95,6.11,0,,,
548,Nightsaver,37,11,2,27,10.95,6.11,0,,,
548,Nightsaver,37,11,1,27,10.95,6.11,0,,,
548,Nightsaver,34,11,2,27,10.95,6.11,0,,,
548,Nightsaver,34,11,1,27,10.95,6.11,0,,,
548,Nightsaver,29,11,2,27,10.95,6.11,0,,,
548,Nightsaver,29,11,1,27,10.95,6.11,0,,,
548,Nightsaver,27,11,2,27,10.95,6.11,0,,,
548,Nightsaver,27,11,1,27,10.95,6.11,0,,,
548,Nightsaver,23,11,2,27,10.95,6.11,0,,,
548,Nightsaver,23,11,1,27,10.95,6.11,0,,,
548,Nightsaver,140,11,2,27,10.95,6.11,0,,,
548,Nightsaver,140,11,1,27,10.95,6.11,0,,,
110,Nightsaver,7,11,2,27,10.95,6.11,0,,,
110,Nightsaver,7,11,1,27,10.95,6.11,0,,,
608,Nightsaver,3,11,2,27,10.95,6.11,0,,,
608,Nightsaver,3,11,1,27,10.95,6.11,0,,,
542,Nightsaver,17,11,2,27,10.95,6.11,0,,,
542,Nightsaver,17,11,1,27,10.95,6.11,0,,,
548,Nightsaver,19,11,2,27,10.95,6.11,0,,,
548,Nightsaver,19,11,1,27,10.95,6.11,0,,,
542,Nightsaver,12,11,2,27,10.95,6.11,0,,,
542,Nightsaver,12,11,1,27,10.95,6.11,0,,,
150,Nightsaver,3,11,2,27,10.95,6.11,0,,,
150,Nightsaver,3,11,1,27,10.95,6.11,0,,,
648,Nightsaver,2,11,2,27,10.95,6.11,0,,,
648,Nightsaver,2,11,1,27,10.95,6.11,0,,,
106,Nightsaver,3,11,2,27,10.95,6.11,0,,,
106,Nightsaver,3,11,1,27,10.95,6.11,0,,,
150,Nightsaver,7,11,2,27,10.95,6.11,0,,,
150,Nightsaver,7,11,1,27,10.95,6.11,0,,,
653,Nightsaver,3,11,2,27,10.95,6.11,0,,,
653,Nightsaver,3,11,1,27,10.95,6.11,0,,,
653,Nightsaver,7,11,2,27,10.95,6.11,0,,,
653,Nightsaver,7,11,1,27,10.95,6.11,0,,,
146,Nightsaver,2,11,2,27,10.95,6.11,0,,,
146,Nightsaver,2,11,1,27,10.95,6.11,0,,,
146,Nightsaver,3,11,2,27,10.95,6.11,0,,,
146,Nightsaver,3,11,1,27,10.95,6.11,0,,,
146,Nightsaver,7,11,2,27,10.95,6.11,0,,,
146,Nightsaver,7,11,1,27,10.95,6.11,0,,,
648,Nightsaver,3,11,2,27,10.95,6.11,0,,,
648,Nightsaver,3,11,1,27,10.95,6.11,0,,,
653,Nightsaver,2,11,2,27,10.95,6.11,0,,,
653,Nightsaver,2,11,1,27,10.95,6.11,0,,,
150,Nightsaver,2,11,2,27,10.95,6.11,0,,,
150,Nightsaver,2,11,1,27,10.95,6.11,0,,,
542,Nightsaver,1,11,2,27,10.95,6.11,0,,,
542,Nightsaver,1,11,1,27,10.95,6.11,0,,,
613,Nightsaver,3,11,2,27,10.95,6.11,0,,,
613,Nightsaver,3,11,1,27,10.95,6.11,0,,,
613,Nightsaver,2,11,2,27,10.95,6.11,0,,,
613,Nightsaver,2,11,1,27,10.95,6.11,0,,,
648,Nightsaver,7,11,2,27,10.95,6.11,0,,,
648,Nightsaver,7,11,1,27,10.95,6.11,0,,,
608,Nightsaver,2,11,2,27,10.95,6.11,0,,,
608,Nightsaver,2,11,1,27,10.95,6.11,0,,,
613,Nightsaver,7,11,2,27,10.95,6.11,0,,,
613,Nightsaver,7,11,1,27,10.95,6.11,0,,,
542,Nightsaver,15,11,2,27,10.95,6.11,0,,,
542,Nightsaver,15,11,1,27,10.95,6.11,0,,,
542,Nightsaver,3,11,2,27,10.95,6.11,0,,,
542,Nightsaver,3,11,1,27,10.95,6.11,0,,,
831,Nightsaver,37,11,2,27,10.95,6.11,0,,,
831,Nightsaver,37,11,1,27,10.95,6.11,0,,,
830,Nightsaver,37,11,2,27,10.95,6.11,0,,,
830,Nightsaver,37,11,1,27,10.95,6.11,0,,,
830,Nightsaver,37,11,2,27,10.95,6.11,0,,,
830,Nightsaver,37,11,1,27,10.95,6.11,0,,,
830,Nightsaver,19,11,2,27,10.95,6.11,0,,,
830,Nightsaver,19,11,1,27,10.95,6.11,0,,,
830,Nightsaver,16,11,2,27,10.95,6.11,0,,,
830,Nightsaver,16,11,1,27,10.95,6.11,0,,,
830,Nightsaver,13,11,2,27,10.95,6.11,0,,,
830,Nightsaver,13,11,1,27,10.95,6.11,0,,,
830,Nightsaver,3,11,2,27,10.95,6.11,0,,,
830,Nightsaver,3,11,1,27,10.95,6.11,0,,,
830,Nightsaver,1,11,2,27,10.95,6.11,0,,,
830,Nightsaver,1,11,1,27,10.95,6.11,0,,,
831,Nightsaver,3,11,2,27,10.95,6.11,0,,,
831,Nightsaver,3,11,1,27,10.95,6.11,0,,,
831,Nightsaver,13,11,2,27,10.95,6.11,0,,,
831,Nightsaver,13,11,1,27,10.95,6.11,0,,,
830,Nightsaver,40,11,2,27,10.95,6.11,0,,,
830,Nightsaver,40,11,1,27,10.95,6.11,0,,,
831,Nightsaver,19,11,2,27,10.95,6.11,0,,,
831,Nightsaver,19,11,1,27,10.95,6.11,0,,,
831,Nightsaver,1,11,2,27,10.95,6.11,0,,,
831,Nightsaver,1,11,1,27,10.95,6.11,0,,,
831,Nightsaver,37,11,2,27,10.95,6.11,0,,,
831,Nightsaver,37,11,1,27,10.95,6.11,0,,,
831,Nightsaver,40,11,2,27,10.95,6.11,0,,,
831,Nightsaver,40,11,1,27,10.95,6.11,0,,,
831,Nightsaver,52,11,2,27,10.95,6.11,0,,,
831,Nightsaver,52,11,1,27,10.95,6.11,0,,,
831,Nightsaver,101,11,2,27,10.95,6.11,0,,,
831,Nightsaver,101,11,1,27,10.95,6.11,0,,,
831,Nightsaver,103,11,2,27,10.95,6.11,0,,,
831,Nightsaver,103,11,1,27,10.95,6.11,0,,,
831,Nightsaver,113,11,2,27,10.95,6.11,0,,,
831,Nightsaver,113,11,1,27,10.95,6.11,0,,,
831,Nightsaver,116,11,2,27,10.95,6.11,0,,,
831,Nightsaver,116,11,1,27,10.95,6.11,0,,,
831,Nightsaver,119,11,2,27,10.95,6.11,0,,,
831,Nightsaver,119,11,1,27,10.95,6.11,0,,,
831,Nightsaver,137,11,2,27,10.95,6.11,0,,,
831,Nightsaver,137,11,1,27,10.95,6.11,0,,,
831,Nightsaver,140,11,2,27,10.95,6.11,0,,,
831,Nightsaver,140,11,1,27,10.95,6.11,0,,,
831,Nightsaver,152,11,2,27,10.95,6.11,0,,,
831,Nightsaver,152,11,1,27,10.95,6.11,0,,,
831,Nightsaver,16,11,2,27,10.95,6.11,0,,,
831,Nightsaver,16,11,1,27,10.95,6.11,0,,,
830,Nightsaver,52,11,2,27,10.95,6.11,0,,,
830,Nightsaver,52,11,1,27,10.95,6.11,0,,,
830,Nightsaver,101,11,2,27,10.95,6.11,0,,,
830,Nightsaver,101,11,1,27,10.95,6.11,0,,,
830,Nightsaver,103,11,2,27,10.95,6.11,0,,,
830,Nightsaver,103,11,1,27,10.95,6.11,0,,,
830,Nightsaver,113,11,2,27,10.95,6.11,0,,,
830,Nightsaver,113,11,1,27,10.95,6.11,0,,,
830,Nightsaver,116,11,2,27,10.95,6.11,0,,,
830,Nightsaver,116,11,1,27,10.95,6.11,0,,,
830,Nightsaver,119,11,2,27,10.95,6.11,0,,,
830,Nightsaver,119,11,1,27,10.95,6.11,0,,,
830,Nightsaver,137,11,2,27,10.95,6.11,0,,,
830,Nightsaver,137,11,1,27,10.95,6.11,0,,,
830,Nightsaver,140,11,2,27,10.95,6.11,0,,,
830,Nightsaver,140,11,1,27,10.95,6.11,0,,,
830,Nightsaver,152,11,2,27,10.95,6.11,0,,,
830,Nightsaver,152,11,1,27,10.95,6.11,0,,,
548,Nightsaver,21,11,2,27,10.95,6.11,0,,,
548,Nightsaver,21,11,1,27,10.95,6.11,0,,,
542,Nightsaver,34,11,2,27,10.95,6.11,0,,,
542,Nightsaver,34,11,1,27,10.95,6.11,0,,,
542,Nightsaver,37,11,2,27,10.95,6.11,0,,,
542,Nightsaver,37,11,1,27,10.95,6.11,0,,,
548,Nightsaver,19,11,2,27,10.95,6.11,0,,,
548,Nightsaver,19,11,1,27,10.95,6.11,0,,,
608,Nightsaver,2,11,2,27,10.95,6.11,0,,,
608,Nightsaver,2,11,1,27,10.95,6.11,0,,,
146,Nightsaver,2,11,2,27,10.95,6.11,0,,,
146,Nightsaver,2,11,1,27,10.95,6.11,0,,,
542,Nightsaver,40,11,2,27,10.95,6.11,0,,,
542,Nightsaver,40,11,1,27,10.95,6.11,0,,,
548,Nightsaver,37,11,2,27,10.95,6.11,0,,,
548,Nightsaver,37,11,1,27,10.95,6.11,0,,,
548,Nightsaver,34,11,2,27,10.95,6.11,0,,,
548,Nightsaver,34,11,1,27,10.95,6.11,0,,,
542,Nightsaver,119,11,2,27,10.95,6.11,0,,,
542,Nightsaver,119,11,1,27,10.95,6.11,0,,,
542,Nightsaver,101,11,2,27,10.95,6.11,0,,,
542,Nightsaver,101,11,1,27,10.95,6.11,0,,,
548,Nightsaver,23,11,2,27,10.95,6.11,0,,,
548,Nightsaver,23,11,1,27,10.95,6.11,0,,,
542,Nightsaver,103,11,2,27,10.95,6.11,0,,,
542,Nightsaver,103,11,1,27,10.95,6.11,0,,,
542,Nightsaver,29,11,2,27,10.95,6.11,0,,,
542,Nightsaver,29,11,1,27,10.95,6.11,0,,,
548,Nightsaver,27,11,2,27,10.95,6.11,0,,,
548,Nightsaver,27,11,1,27,10.95,6.11,0,,,
542,Nightsaver,113,11,2,27,10.95,6.11,0,,,
542,Nightsaver,113,11,1,27,10.95,6.11,0,,,
548,Nightsaver,29,11,2,27,10.95,6.11,0,,,
548,Nightsaver,29,11,1,27,10.95,6.11,0,,,
146,Nightsaver,7,11,2,27,10.95,6.11,0,,,
146,Nightsaver,7,11,1,27,10.95,6.11,0,,,
542,Nightsaver,15,11,2,27,10.95,6.11,0,,,
542,Nightsaver,15,11,1,27,10.95,6.11,0,,,
110,Nightsaver,2,11,2,27,10.95,6.11,0,,,
110,Nightsaver,2,11,1,27,10.95,6.11,0,,,
110,Nightsaver,3,11,2,27,10.95,6.11,0,,,
110,Nightsaver,3,11,1,27,10.95,6.11,0,,,
548,Nightsaver,12,11,2,27,10.95,6.11,0,,,
548,Nightsaver,12,11,1,27,10.95,6.11,0,,,
542,Nightsaver,12,11,2,27,10.95,6.11,0,,,
542,Nightsaver,12,11,1,27,10.95,6.11,0,,,
110,Nightsaver,7,11,2,27,10.95,6.11,0,,,
110,Nightsaver,7,11,1,27,10.95,6.11,0,,,
648,Nightsaver,2,11,2,27,10.95,6.11,0,,,
648,Nightsaver,2,11,1,27,10.95,6.11,0,,,
542,Nightsaver,13,11,2,27,10.95,6.11,0,,,
542,Nightsaver,13,11,1,27,10.95,6.11,0,,,
542,Nightsaver,14,11,2,27,10.95,6.11,0,,,
542,Nightsaver,14,11,1,27,10.95,6.11,0,,,
613,Nightsaver,2,11,2,27,10.95,6.11,0,,,
613,Nightsaver,2,11,1,27,10.95,6.11,0,,,
548,Nightsaver,140,11,2,27,10.95,6.11,0,,,
548,Nightsaver,140,11,1,27,10.95,6.11,0,,,
548,Nightsaver,134,11,2,27,10.95,6.11,0,,,
548,Nightsaver,134,11,1,27,10.95,6.11,0,,,
542,Nightsaver,27,11,2,27,10.95,6.11,0,,,
542,Nightsaver,27,11,1,27,10.95,6.11,0,,,
548,Nightsaver,113,11,2,27,10.95,6.11,0,,,
548,Nightsaver,113,11,1,27,10.95,6.11,0,,,
542,Nightsaver,134,11,2,27,10.95,6.11,0,,,
542,Nightsaver,134,11,1,27,10.95,6.11,0,,,
548,Nightsaver,103,11,2,27,10.95,6.11,0,,,
548,Nightsaver,103,11,1,27,10.95,6.11,0,,,
613,Nightsaver,3,11,2,27,10.95,6.11,0,,,
613,Nightsaver,3,11,1,27,10.95,6.11,0,,,
548,Nightsaver,101,11,2,27,10.95,6.11,0,,,
548,Nightsaver,101,11,1,27,10.95,6.11,0,,,
542,Nightsaver,17,11,2,27,10.95,6.11,0,,,
542,Nightsaver,17,11,1,27,10.95,6.11,0,,,
548,Nightsaver,40,11,2,27,10.95,6.11,0,,,
548,Nightsaver,40,11,1,27,10.95,6.11,0,,,
542,Nightsaver,19,11,2,27,10.95,6.11,0,,,
542,Nightsaver,19,11,1,27,10.95,6.11,0,,,
542,Nightsaver,21,11,2,27,10.95,6.11,0,,,
542,Nightsaver,21,11,1,27,10.95,6.11,0,,,
110,Nightsaver,1,11,2,27,10.95,6.11,0,,,
110,Nightsaver,1,11,1,27,10.95,6.11,0,,,
542,Nightsaver,23,11,2,27,10.95,6.11,0,,,
542,Nightsaver,23,11,1,27,10.95,6.11,0,,,
613,Nightsaver,7,11,2,27,10.95,6.11,0,,,
613,Nightsaver,7,11,1,27,10.95,6.11,0,,,
542,Nightsaver,140,11,2,27,10.95,6.11,0,,,
542,Nightsaver,140,11,1,27,10.95,6.11,0,,,
548,Nightsaver,119,11,2,27,10.95,6.11,0,,,
548,Nightsaver,119,11,1,27,10.95,6.11,0,,,
150,Nightsaver,2,11,2,27,10.95,6.11,0,,,
150,Nightsaver,2,11,1,27,10.95,6.11,0,,,
653,Nightsaver,7,11,2,27,10.95,6.11,0,,,
653,Nightsaver,7,11,1,27,10.95,6.11,0,,,
150,Nightsaver,3,11,2,27,10.95,6.11,0,,,
150,Nightsaver,3,11,1,27,10.95,6.11,0,,,
106,Nightsaver,2,11,2,27,10.95,6.11,0,,,
106,Nightsaver,2,11,1,27,10.95,6.11,0,,,
106,Nightsaver,1,11,2,27,10.95,6.11,0,,,
106,Nightsaver,1,11,1,27,10.95,6.11,0,,,
648,Nightsaver,7,11,2,27,10.95,6.11,0,,,
648,Nightsaver,7,11,1,27,10.95,6.11,0,,,
106,Nightsaver,3,11,2,27,10.95,6.11,0,,,
106,Nightsaver,3,11,1,27,10.95,6.11,0,,,
542,Nightsaver,3,11,2,27,10.95,6.11,0,,,
542,Nightsaver,3,11,1,27,10.95,6.11,0,,,
608,Nightsaver,7,11,2,27,10.95,6.11,0,,,
608,Nightsaver,7,11,1,27,10.95,6.11,0,,,
150,Nightsaver,7,11,2,27,10.95,6.11,0,,,
150,Nightsaver,7,11,1,27,10.95,6.11,0,,,
653,Nightsaver,2,11,2,27,10.95,6.11,0,,,
653,Nightsaver,2,11,1,27,10.95,6.11,0,,,
106,Nightsaver,7,11,2,27,10.95,6.11,0,,,
106,Nightsaver,7,11,1,27,10.95,6.11,0,,,
653,Nightsaver,3,11,2,27,10.95,6.11,0,,,
653,Nightsaver,3,11,1,27,10.95,6.11,0,,,
648,Nightsaver,3,11,2,27,10.95,6.11,0,,,
648,Nightsaver,3,11,1,27,10.95,6.11,0,,,
146,Nightsaver,3,11,2,27,10.95,6.11,0,,,
146,Nightsaver,3,11,1,27,10.95,6.11,0,,,
548,Nightsaver,1,11,2,27,10.95,6.11,0,,,
548,Nightsaver,1,11,1,27,10.95,6.11,0,,,
548,Nightsaver,3,11,2,27,10.95,6.11,0,,,
548,Nightsaver,3,11,1,27,10.95,6.11,0,,,
548,Nightsaver,13,11,2,27,10.95,6.11,0,,,
548,Nightsaver,13,11,1,27,10.95,6.11,0,,,
548,Nightsaver,14,11,2,27,10.95,6.11,0,,,
548,Nightsaver,14,11,1,27,10.95,6.11,0,,,
608,Nightsaver,3,11,2,27,10.95,6.11,0,,,
608,Nightsaver,3,11,1,27,10.95,6.11,0,,,
548,Nightsaver,15,11,2,27,10.95,6.11,0,,,
548,Nightsaver,15,11,1,27,10.95,6.11,0,,,
548,Nightsaver,17,11,2,27,10.95,6.11,0,,,
548,Nightsaver,17,11,1,27,10.95,6.11,0,,,
542,Nightsaver,1,11,2,27,10.95,6.11,0,,,
542,Nightsaver,1,11,1,27,10.95,6.11,0,,,
831,Nightsaver,16,11,2,27,10.95,6.11,0,,,
831,Nightsaver,16,11,1,27,10.95,6.11,0,,,
831,Nightsaver,13,11,2,27,10.95,6.11,0,,,
831,Nightsaver,13,11,1,27,10.95,6.11,0,,,
831,Nightsaver,3,11,2,27,10.95,6.11,0,,,
831,Nightsaver,3,11,1,27,10.95,6.11,0,,,
831,Nightsaver,1,11,2,27,10.95,6.11,0,,,
831,Nightsaver,1,11,1,27,10.95,6.11,0,,,
830,Nightsaver,140,11,2,27,10.95,6.11,0,,,
830,Nightsaver,140,11,1,27,10.95,6.11,0,,,
830,Nightsaver,137,11,2,27,10.95,6.11,0,,,
830,Nightsaver,137,11,1,27,10.95,6.11,0,,,
831,Nightsaver,19,11,2,27,10.95,6.11,0,,,
831,Nightsaver,19,11,1,27,10.95,6.11,0,,,
830,Nightsaver,103,11,2,27,10.95,6.11,0,,,
830,Nightsaver,103,11,1,27,10.95,6.11,0,,,
831,Nightsaver,101,11,2,27,10.95,6.11,0,,,
831,Nightsaver,101,11,1,27,10.95,6.11,0,,,
830,Nightsaver,101,11,2,27,10.95,6.11,0,,,
830,Nightsaver,101,11,1,27,10.95,6.11,0,,,
830,Nightsaver,116,11,2,27,10.95,6.11,0,,,
830,Nightsaver,116,11,1,27,10.95,6.11,0,,,
831,Nightsaver,37,11,2,27,10.95,6.11,0,,,
831,Nightsaver,37,11,1,27,10.95,6.11,0,,,
831,Nightsaver,37,11,2,27,10.95,6.11,0,,,
831,Nightsaver,37,11,1,27,10.95,6.11,0,,,
830,Nightsaver,52,11,2,27,10.95,6.11,0,,,
830,Nightsaver,52,11,1,27,10.95,6.11,0,,,
831,Nightsaver,52,11,2,27,10.95,6.11,0,,,
831,Nightsaver,52,11,1,27,10.95,6.11,0,,,
830,Nightsaver,113,11,2,27,10.95,6.11,0,,,
830,Nightsaver,113,11,1,27,10.95,6.11,0,,,
831,Nightsaver,103,11,2,27,10.95,6.11,0,,,
831,Nightsaver,103,11,1,27,10.95,6.11,0,,,
831,Nightsaver,113,11,2,27,10.95,6.11,0,,,
831,Nightsaver,113,11,1,27,10.95,6.11,0,,,
831,Nightsaver,116,11,2,27,10.95,6.11,0,,,
831,Nightsaver,116,11,1,27,10.95,6.11,0,,,
831,Nightsaver,119,11,2,27,10.95,6.11,0,,,
831,Nightsaver,119,11,1,27,10.95,6.11,0,,,
831,Nightsaver,137,11,2,27,10.95,6.11,0,,,
831,Nightsaver,137,11,1,27,10.95,6.11,0,,,
831,Nightsaver,140,11,2,27,10.95,6.11,0,,,
831,Nightsaver,140,11,1,27,10.95,6.11,0,,,
831,Nightsaver,152,11,2,27,10.95,6.11,0,,,
831,Nightsaver,152,11,1,27,10.95,6.11,0,,,
831,Nightsaver,40,11,2,27,10.95,6.11,0,,,
831,Nightsaver,40,11,1,27,10.95,6.11,0,,,
830,Nightsaver,3,11,2,27,10.95,6.11,0,,,
830,Nightsaver,3,11,1,27,10.95,6.11,0,,,
830,Nightsaver,40,11,2,27,10.95,6.11,0,,,
830,Nightsaver,40,11,1,27,10.95,6.11,0,,,
830,Nightsaver,119,11,2,27,10.95,6.11,0,,,
830,Nightsaver,119,11,1,27,10.95,6.11,0,,,
830,Nightsaver,1,11,2,27,10.95,6.11,0,,,
830,Nightsaver,1,11,1,27,10.95,6.11,0,,,
830,Nightsaver,13,11,2,27,10.95,6.11,0,,,
830,Nightsaver,13,11,1,27,10.95,6.11,0,,,
830,Nightsaver,16,11,2,27,10.95,6.11,0,,,
830,Nightsaver,16,11,1,27,10.95,6.11,0,,,
830,Nightsaver,19,11,2,27,10.95,6.11,0,,,
830,Nightsaver,19,11,1,27,10.95,6.11,0,,,
830,Nightsaver,37,11,2,27,10.95,6.11,0,,,
830,Nightsaver,37,11,1,27,10.95,6.11,0,,,
830,Nightsaver,37,11,2,27,10.95,6.11,0,,,
830,Nightsaver,37,11,1,27,10.95,6.11,0,,,
830,Nightsaver,152,11,2,27,10.95,6.11,0,,,
830,Nightsaver,152,11,1,27,10.95,6.11,0,,,
542,Nightsaver,140,11,2,27,10.95,6.11,0,,,
542,Nightsaver,140,11,1,27,10.95,6.11,0,,,
548,Nightsaver,140,11,2,27,10.95,6.11,0,,,
548,Nightsaver,140,11,1,27,10.95,6.11,0,,,
542,Nightsaver,134,11,2,27,10.95,6.11,0,,,
542,Nightsaver,134,11,1,27,10.95,6.11,0,,,
648,Nightsaver,3,11,2,27,10.95,6.11,0,,,
648,Nightsaver,3,11,1,27,10.95,6.11,0,,,
548,Nightsaver,134,11,2,27,10.95,6.11,0,,,
548,Nightsaver,134,11,1,27,10.95,6.11,0,,,
548,Nightsaver,119,11,2,27,10.95,6.11,0,,,
548,Nightsaver,119,11,1,27,10.95,6.11,0,,,
542,Nightsaver,119,11,2,27,10.95,6.11,0,,,
542,Nightsaver,119,11,1,27,10.95,6.11,0,,,
548,Nightsaver,103,11,2,27,10.95,6.11,0,,,
548,Nightsaver,103,11,1,27,10.95,6.11,0,,,
608,Nightsaver,7,11,2,27,10.95,6.11,0,,,
608,Nightsaver,7,11,1,27,10.95,6.11,0,,,
548,Nightsaver,40,11,2,27,10.95,6.11,0,,,
548,Nightsaver,40,11,1,27,10.95,6.11,0,,,
548,Nightsaver,37,11,2,27,10.95,6.11,0,,,
548,Nightsaver,37,11,1,27,10.95,6.11,0,,,
548,Nightsaver,113,11,2,27,10.95,6.11,0,,,
548,Nightsaver,113,11,1,27,10.95,6.11,0,,,
542,Nightsaver,23,11,2,27,10.95,6.11,0,,,
542,Nightsaver,23,11,1,27,10.95,6.11,0,,,
648,Nightsaver,7,11,2,27,10.95,6.11,0,,,
648,Nightsaver,7,11,1,27,10.95,6.11,0,,,
542,Nightsaver,40,11,2,27,10.95,6.11,0,,,
542,Nightsaver,40,11,1,27,10.95,6.11,0,,,
146,Nightsaver,1,11,2,27,10.95,6.11,0,,,
146,Nightsaver,1,11,1,27,10.95,6.11,0,,,
542,Nightsaver,101,11,2,27,10.95,6.11,0,,,
542,Nightsaver,101,11,1,27,10.95,6.11,0,,,
542,Nightsaver,34,11,2,27,10.95,6.11,0,,,
542,Nightsaver,34,11,1,27,10.95,6.11,0,,,
542,Nightsaver,29,11,2,27,10.95,6.11,0,,,
542,Nightsaver,29,11,1,27,10.95,6.11,0,,,
613,Nightsaver,7,11,2,27,10.95,6.11,0,,,
613,Nightsaver,7,11,1,27,10.95,6.11,0,,,
542,Nightsaver,103,11,2,27,10.95,6.11,0,,,
542,Nightsaver,103,11,1,27,10.95,6.11,0,,,
146,Nightsaver,2,11,2,27,10.95,6.11,0,,,
146,Nightsaver,2,11,1,27,10.95,6.11,0,,,
150,Nightsaver,3,11,2,27,10.95,6.11,0,,,
150,Nightsaver,3,11,1,27,10.95,6.11,0,,,
542,Nightsaver,21,11,2,27,10.95,6.11,0,,,
542,Nightsaver,21,11,1,27,10.95,6.11,0,,,
542,Nightsaver,1,11,2,27,10.95,6.11,0,,,
542,Nightsaver,1,11,1,27,10.95,6.11,0,,,
542,Nightsaver,19,11,2,27,10.95,6.11,0,,,
542,Nightsaver,19,11,1,27,10.95,6.11,0,,,
542,Nightsaver,113,11,2,27,10.95,6.11,0,,,
542,Nightsaver,113,11,1,27,10.95,6.11,0,,,
150,Nightsaver,2,11,2,27,10.95,6.11,0,,,
150,Nightsaver,2,11,1,27,10.95,6.11,0,,,
613,Nightsaver,3,11,2,27,10.95,6.11,0,,,
613,Nightsaver,3,11,1,27,10.95,6.11,0,,,
613,Nightsaver,2,11,2,27,10.95,6.11,0,,,
613,Nightsaver,2,11,1,27,10.95,6.11,0,,,
542,Nightsaver,27,11,2,27,10.95,6.11,0,,,
542,Nightsaver,27,11,1,27,10.95,6.11,0,,,
150,Nightsaver,7,11,2,27,10.95,6.11,0,,,
150,Nightsaver,7,11,1,27,10.95,6.11,0,,,
106,Nightsaver,1,11,2,27,10.95,6.11,0,,,
106,Nightsaver,1,11,1,27,10.95,6.11,0,,,
548,Nightsaver,12,11,2,27,10.95,6.11,0,,,
548,Nightsaver,12,11,1,27,10.95,6.11,0,,,
548,Nightsaver,3,11,2,27,10.95,6.11,0,,,
548,Nightsaver,3,11,1,27,10.95,6.11,0,,,
548,Nightsaver,1,11,2,27,10.95,6.11,0,,,
548,Nightsaver,1,11,1,27,10.95,6.11,0,,,
653,Nightsaver,2,11,2,27,10.95,6.11,0,,,
653,Nightsaver,2,11,1,27,10.95,6.11,0,,,
648,Nightsaver,2,11,2,27,10.95,6.11,0,,,
648,Nightsaver,2,11,1,27,10.95,6.11,0,,,
548,Nightsaver,14,11,2,27,10.95,6.11,0,,,
548,Nightsaver,14,11,1,27,10.95,6.11,0,,,
146,Nightsaver,3,11,2,27,10.95,6.11,0,,,
146,Nightsaver,3,11,1,27,10.95,6.11,0,,,
548,Nightsaver,15,11,2,27,10.95,6.11,0,,,
548,Nightsaver,15,11,1,27,10.95,6.11,0,,,
653,Nightsaver,3,11,2,27,10.95,6.11,0,,,
653,Nightsaver,3,11,1,27,10.95,6.11,0,,,
653,Nightsaver,7,11,2,27,10.95,6.11,0,,,
653,Nightsaver,7,11,1,27,10.95,6.11,0,,,
542,Nightsaver,14,11,2,27,10.95,6.11,0,,,
542,Nightsaver,14,11,1,27,10.95,6.11,0,,,
542,Nightsaver,13,11,2,27,10.95,6.11,0,,,
542,Nightsaver,13,11,1,27,10.95,6.11,0,,,
608,Nightsaver,2,11,2,27,10.95,6.11,0,,,
608,Nightsaver,2,11,1,27,10.95,6.11,0,,,
548,Nightsaver,101,11,2,27,10.95,6.11,0,,,
548,Nightsaver,101,11,1,27,10.95,6.11,0,,,
542,Nightsaver,12,11,2,27,10.95,6.11,0,,,
542,Nightsaver,12,11,1,27,10.95,6.11,0,,,
146,Nightsaver,7,11,2,27,10.95,6.11,0,,,
146,Nightsaver,7,11,1,27,10.95,6.11,0,,,
542,Nightsaver,15,11,2,27,10.95,6.11,0,,,
542,Nightsaver,15,11,1,27,10.95,6.11,0,,,
110,Nightsaver,7,11,2,27,10.95,6.11,0,,,
110,Nightsaver,7,11,1,27,10.95,6.11,0,,,
110,Nightsaver,3,11,2,27,10.95,6.11,0,,,
110,Nightsaver,3,11,1,27,10.95,6.11,0,,,
106,Nightsaver,7,11,2,27,10.95,6.11,0,,,
106,Nightsaver,7,11,1,27,10.95,6.11,0,,,
106,Nightsaver,3,11,2,27,10.95,6.11,0,,,
106,Nightsaver,3,11,1,27,10.95,6.11,0,,,
106,Nightsaver,2,11,2,27,10.95,6.11,0,,,
106,Nightsaver,2,11,1,27,10.95,6.11,0,,,
542,Nightsaver,37,11,2,27,10.95,6.11,0,,,
542,Nightsaver,37,11,1,27,10.95,6.11,0,,,
548,Nightsaver,34,11,2,27,10.95,6.11,0,,,
548,Nightsaver,34,11,1,27,10.95,6.11,0,,,
548,Nightsaver,13,11,2,27,10.95,6.11,0,,,
548,Nightsaver,13,11,1,27,10.95,6.11,0,,,
548,Nightsaver,29,11,2,27,10.95,6.11,0,,,
548,Nightsaver,29,11,1,27,10.95,6.11,0,,,
542,Nightsaver,17,11,2,27,10.95,6.11,0,,,
542,Nightsaver,17,11,1,27,10.95,6.11,0,,,
542,Nightsaver,3,11,2,27,10.95,6.11,0,,,
542,Nightsaver,3,11,1,27,10.95,6.11,0,,,
110,Nightsaver,2,11,2,27,10.95,6.11,0,,,
110,Nightsaver,2,11,1,27,10.95,6.11,0,,,
548,Nightsaver,27,11,2,27,10.95,6.11,0,,,
548,Nightsaver,27,11,1,27,10.95,6.11,0,,,
548,Nightsaver,23,11,2,27,10.95,6.11,0,,,
548,Nightsaver,23,11,1,27,10.95,6.11,0,,,
548,Nightsaver,21,11,2,27,10.95,6.11,0,,,
548,Nightsaver,21,11,1,27,10.95,6.11,0,,,
548,Nightsaver,19,11,2,27,10.95,6.11,0,,,
548,Nightsaver,19,11,1,27,10.95,6.11,0,,,
548,Nightsaver,17,11,2,27,10.95,6.11,0,,,
548,Nightsaver,17,11,1,27,10.95,6.11,0,,,
608,Nightsaver,3,11,2,27,10.95,6.11,0,,,
608,Nightsaver,3,11,1,27,10.95,6.11,0,,,
831,Nightsaver,13,11,2,27,10.95,6.11,0,,,
831,Nightsaver,13,11,1,27,10.95,6.11,0,,,
831,Nightsaver,116,11,2,27,10.95,6.11,0,,,
831,Nightsaver,116,11,1,27,10.95,6.11,0,,,
831,Nightsaver,40,11,2,27,10.95,6.11,0,,,
831,Nightsaver,40,11,1,27,10.95,6.11,0,,,
831,Nightsaver,16,11,2,27,10.95,6.11,0,,,
831,Nightsaver,16,11,1,27,10.95,6.11,0,,,
831,Nightsaver,19,11,2,27,10.95,6.11,0,,,
831,Nightsaver,19,11,1,27,10.95,6.11,0,,,
831,Nightsaver,37,11,2,27,10.95,6.11,0,,,
831,Nightsaver,37,11,1,27,10.95,6.11,0,,,
831,Nightsaver,37,11,2,27,10.95,6.11,0,,,
831,Nightsaver,37,11,1,27,10.95,6.11,0,,,
831,Nightsaver,52,11,2,27,10.95,6.11,0,,,
831,Nightsaver,52,11,1,27,10.95,6.11,0,,,
831,Nightsaver,101,11,2,27,10.95,6.11,0,,,
831,Nightsaver,101,11,1,27,10.95,6.11,0,,,
831,Nightsaver,3,11,2,27,10.95,6.11,0,,,
831,Nightsaver,3,11,1,27,10.95,6.11,0,,,
831,Nightsaver,113,11,2,27,10.95,6.11,0,,,
831,Nightsaver,113,11,1,27,10.95,6.11,0,,,
830,Nightsaver,113,11,2,27,10.95,6.11,0,,,
830,Nightsaver,113,11,1,27,10.95,6.11,0,,,
831,Nightsaver,119,11,2,27,10.95,6.11,0,,,
831,Nightsaver,119,11,1,27,10.95,6.11,0,,,
831,Nightsaver,137,11,2,27,10.95,6.11,0,,,
831,Nightsaver,137,11,1,27,10.95,6.11,0,,,
831,Nightsaver,140,11,2,27,10.95,6.11,0,,,
831,Nightsaver,140,11,1,27,10.95,6.11,0,,,
831,Nightsaver,103,11,2,27,10.95,6.11,0,,,
831,Nightsaver,103,11,1,27,10.95,6.11,0,,,
830,Nightsaver,1,11,2,27,10.95,6.11,0,,,
830,Nightsaver,1,11,1,27,10.95,6.11,0,,,
831,Nightsaver,152,11,2,27,10.95,6.11,0,,,
831,Nightsaver,152,11,1,27,10.95,6.11,0,,,
830,Nightsaver,37,11,2,27,10.95,6.11,0,,,
830,Nightsaver,37,11,1,27,10.95,6.11,0,,,
830,Nightsaver,3,11,2,27,10.95,6.11,0,,,
830,Nightsaver,3,11,1,27,10.95,6.11,0,,,
830,Nightsaver,13,11,2,27,10.95,6.11,0,,,
830,Nightsaver,13,11,1,27,10.95,6.11,0,,,
830,Nightsaver,19,11,2,27,10.95,6.11,0,,,
830,Nightsaver,19,11,1,27,10.95,6.11,0,,,
830,Nightsaver,37,11,2,27,10.95,6.11,0,,,
830,Nightsaver,37,11,1,27,10.95,6.11,0,,,
830,Nightsaver,119,11,2,27,10.95,6.11,0,,,
830,Nightsaver,119,11,1,27,10.95,6.11,0,,,
830,Nightsaver,52,11,2,27,10.95,6.11,0,,,
830,Nightsaver,52,11,1,27,10.95,6.11,0,,,
831,Nightsaver,1,11,2,27,10.95,6.11,0,,,
831,Nightsaver,1,11,1,27,10.95,6.11,0,,,
830,Nightsaver,101,11,2,27,10.95,6.11,0,,,
830,Nightsaver,101,11,1,27,10.95,6.11,0,,,
830,Nightsaver,103,11,2,27,10.95,6.11,0,,,
830,Nightsaver,103,11,1,27,10.95,6.11,0,,,
830,Nightsaver,116,11,2,27,10.95,6.11,0,,,
830,Nightsaver,116,11,1,27,10.95,6.11,0,,,
830,Nightsaver,137,11,2,27,10.95,6.11,0,,,
830,Nightsaver,137,11,1,27,10.95,6.11,0,,,
830,Nightsaver,140,11,2,27,10.95,6.11,0,,,
830,Nightsaver,140,11,1,27,10.95,6.11,0,,,
830,Nightsaver,152,11,2,27,10.95,6.11,0,,,
830,Nightsaver,152,11,1,27,10.95,6.11,0,,,
830,Nightsaver,40,11,2,27,10.95,6.11,0,,,
830,Nightsaver,40,11,1,27,10.95,6.11,0,,,
830,Nightsaver,16,11,2,27,10.95,6.11,0,,,
830,Nightsaver,16,11,1,27,10.95,6.11,0,,,
548,Nightsaver,140,11,2,27,10.95,6.11,0,,,
548,Nightsaver,140,11,1,27,10.95,6.11,0,,,
548,Nightsaver,134,11,2,27,10.95,6.11,0,,,
548,Nightsaver,134,11,1,27,10.95,6.11,0,,,
146,Nightsaver,2,11,2,27,10.95,6.11,0,,,
146,Nightsaver,2,11,1,27,10.95,6.11,0,,,
653,Nightsaver,2,11,2,27,10.95,6.11,0,,,
653,Nightsaver,2,11,1,27,10.95,6.11,0,,,
653,Nightsaver,3,11,2,27,10.95,6.11,0,,,
653,Nightsaver,3,11,1,27,10.95,6.11,0,,,
150,Nightsaver,7,11,2,27,10.95,6.11,0,,,
150,Nightsaver,7,11,1,27,10.95,6.11,0,,,
150,Nightsaver,3,11,2,27,10.95,6.11,0,,,
150,Nightsaver,3,11,1,27,10.95,6.11,0,,,
150,Nightsaver,2,11,2,27,10.95,6.11,0,,,
150,Nightsaver,2,11,1,27,10.95,6.11,0,,,
146,Nightsaver,7,11,2,27,10.95,6.11,0,,,
146,Nightsaver,7,11,1,27,10.95,6.11,0,,,
653,Nightsaver,7,11,2,27,10.95,6.11,0,,,
653,Nightsaver,7,11,1,27,10.95,6.11,0,,,
648,Nightsaver,2,11,2,27,10.95,6.11,0,,,
648,Nightsaver,2,11,1,27,10.95,6.11,0,,,
146,Nightsaver,3,11,2,27,10.95,6.11,0,,,
146,Nightsaver,3,11,1,27,10.95,6.11,0,,,
648,Nightsaver,7,11,2,27,10.95,6.11,0,,,
648,Nightsaver,7,11,1,27,10.95,6.11,0,,,
648,Nightsaver,3,11,2,27,10.95,6.11,0,,,
648,Nightsaver,3,11,1,27,10.95,6.11,0,,,
613,Nightsaver,7,11,2,27,10.95,6.11,0,,,
613,Nightsaver,7,11,1,27,10.95,6.11,0,,,
613,Nightsaver,3,11,2,27,10.95,6.11,0,,,
613,Nightsaver,3,11,1,27,10.95,6.11,0,,,
613,Nightsaver,2,11,2,27,10.95,6.11,0,,,
613,Nightsaver,2,11,1,27,10.95,6.11,0,,,
146,Nightsaver,1,11,2,27,10.95,6.11,0,,,
146,Nightsaver,1,11,1,27,10.95,6.11,0,,,
548,Nightsaver,21,11,2,27,10.95,6.11,0,,,
548,Nightsaver,21,11,1,27,10.95,6.11,0,,,
548,Nightsaver,27,11,2,27,10.95,6.11,0,,,
548,Nightsaver,27,11,1,27,10.95,6.11,0,,,
548,Nightsaver,3,11,2,27,10.95,6.11,0,,,
548,Nightsaver,3,11,1,27,10.95,6.11,0,,,
548,Nightsaver,12,11,2,27,10.95,6.11,0,,,
548,Nightsaver,12,11,1,27,10.95,6.11,0,,,
548,Nightsaver,13,11,2,27,10.95,6.11,0,,,
548,Nightsaver,13,11,1,27,10.95,6.11,0,,,
548,Nightsaver,14,11,2,27,10.95,6.11,0,,,
548,Nightsaver,14,11,1,27,10.95,6.11,0,,,
548,Nightsaver,15,11,2,27,10.95,6.11,0,,,
548,Nightsaver,15,11,1,27,10.95,6.11,0,,,
542,Nightsaver,113,11,2,27,10.95,6.11,0,,,
542,Nightsaver,113,11,1,27,10.95,6.11,0,,,
548,Nightsaver,19,11,2,27,10.95,6.11,0,,,
548,Nightsaver,19,11,1,27,10.95,6.11,0,,,
110,Nightsaver,7,11,2,27,10.95,6.11,0,,,
110,Nightsaver,7,11,1,27,10.95,6.11,0,,,
548,Nightsaver,23,11,2,27,10.95,6.11,0,,,
548,Nightsaver,23,11,1,27,10.95,6.11,0,,,
608,Nightsaver,3,11,2,27,10.95,6.11,0,,,
608,Nightsaver,3,11,1,27,10.95,6.11,0,,,
542,Nightsaver,103,11,2,27,10.95,6.11,0,,,
542,Nightsaver,103,11,1,27,10.95,6.11,0,,,
542,Nightsaver,23,11,2,27,10.95,6.11,0,,,
542,Nightsaver,23,11,1,27,10.95,6.11,0,,,
542,Nightsaver,29,11,2,27,10.95,6.11,0,,,
542,Nightsaver,29,11,1,27,10.95,6.11,0,,,
542,Nightsaver,40,11,2,27,10.95,6.11,0,,,
542,Nightsaver,40,11,1,27,10.95,6.11,0,,,
542,Nightsaver,134,11,2,27,10.95,6.11,0,,,
542,Nightsaver,134,11,1,27,10.95,6.11,0,,,
548,Nightsaver,17,11,2,27,10.95,6.11,0,,,
548,Nightsaver,17,11,1,27,10.95,6.11,0,,,
608,Nightsaver,7,11,2,27,10.95,6.11,0,,,
608,Nightsaver,7,11,1,27,10.95,6.11,0,,,
106,Nightsaver,1,11,2,27,10.95,6.11,0,,,
106,Nightsaver,1,11,1,27,10.95,6.11,0,,,
106,Nightsaver,2,11,2,27,10.95,6.11,0,,,
106,Nightsaver,2,11,1,27,10.95,6.11,0,,,
542,Nightsaver,15,11,2,27,10.95,6.11,0,,,
542,Nightsaver,15,11,1,27,10.95,6.11,0,,,
106,Nightsaver,3,11,2,27,10.95,6.11,0,,,
106,Nightsaver,3,11,1,27,10.95,6.11,0,,,
106,Nightsaver,7,11,2,27,10.95,6.11,0,,,
106,Nightsaver,7,11,1,27,10.95,6.11,0,,,
542,Nightsaver,14,11,2,27,10.95,6.11,0,,,
542,Nightsaver,14,11,1,27,10.95,6.11,0,,,
548,Nightsaver,1,11,2,27,10.95,6.11,0,,,
548,Nightsaver,1,11,1,27,10.95,6.11,0,,,
542,Nightsaver,13,11,2,27,10.95,6.11,0,,,
542,Nightsaver,13,11,1,27,10.95,6.11,0,,,
542,Nightsaver,101,11,2,27,10.95,6.11,0,,,
542,Nightsaver,101,11,1,27,10.95,6.11,0,,,
548,Nightsaver,119,11,2,27,10.95,6.11,0,,,
548,Nightsaver,119,11,1,27,10.95,6.11,0,,,
542,Nightsaver,19,11,2,27,10.95,6.11,0,,,
542,Nightsaver,19,11,1,27,10.95,6.11,0,,,
542,Nightsaver,119,11,2,27,10.95,6.11,0,,,
542,Nightsaver,119,11,1,27,10.95,6.11,0,,,
542,Nightsaver,21,11,2,27,10.95,6.11,0,,,
542,Nightsaver,21,11,1,27,10.95,6.11,0,,,
110,Nightsaver,1,11,2,27,10.95,6.11,0,,,
110,Nightsaver,1,11,1,27,10.95,6.11,0,,,
110,Nightsaver,2,11,2,27,10.95,6.11,0,,,
110,Nightsaver,2,11,1,27,10.95,6.11,0,,,
110,Nightsaver,3,11,2,27,10.95,6.11,0,,,
110,Nightsaver,3,11,1,27,10.95,6.11,0,,,
542,Nightsaver,17,11,2,27,10.95,6.11,0,,,
542,Nightsaver,17,11,1,27,10.95,6.11,0,,,
548,Nightsaver,101,11,2,27,10.95,6.11,0,,,
548,Nightsaver,101,11,1,27,10.95,6.11,0,,,
548,Nightsaver,113,11,2,27,10.95,6.11,0,,,
548,Nightsaver,113,11,1,27,10.95,6.11,0,,,
608,Nightsaver,2,11,2,27,10.95,6.11,0,,,
608,Nightsaver,2,11,1,27,10.95,6.11,0,,,
542,Nightsaver,1,11,2,27,10.95,6.11,0,,,
542,Nightsaver,1,11,1,27,10.95,6.11,0,,,
542,Nightsaver,27,11,2,27,10.95,6.11,0,,,
542,Nightsaver,27,11,1,27,10.95,6.11,0,,,
548,Nightsaver,103,11,2,27,10.95,6.11,0,,,
548,Nightsaver,103,11,1,27,10.95,6.11,0,,,
548,Nightsaver,29,11,2,27,10.95,6.11,0,,,
548,Nightsaver,29,11,1,27,10.95,6.11,0,,,
548,Nightsaver,40,11,2,27,10.95,6.11,0,,,
548,Nightsaver,40,11,1,27,10.95,6.11,0,,,
542,Nightsaver,3,11,2,27,10.95,6.11,0,,,
542,Nightsaver,3,11,1,27,10.95,6.11,0,,,
542,Nightsaver,140,11,2,27,10.95,6.11,0,,,
542,Nightsaver,140,11,1,27,10.95,6.11,0,,,
542,Nightsaver,12,11,2,27,10.95,6.11,0,,,
542,Nightsaver,12,11,1,27,10.95,6.11,0,,,
548,Nightsaver,34,11,2,27,10.95,6.11,0,,,
548,Nightsaver,34,11,1,27,10.95,6.11,0,,,
548,Nightsaver,37,11,2,27,10.95,6.11,0,,,
548,Nightsaver,37,11,1,27,10.95,6.11,0,,,
542,Nightsaver,37,11,2,27,10.95,6.11,0,,,
542,Nightsaver,37,11,1,27,10.95,6.11,0,,,
542,Nightsaver,34,11,2,27,10.95,6.11,0,,,
542,Nightsaver,34,11,1,27,10.95,6.11,0,,,
831,Nightsaver,140,11,2,27,10.95,6.11,0,,,
831,Nightsaver,140,11,1,27,10.95,6.11,0,,,
831,Nightsaver,52,11,2,27,10.95,6.11,0,,,
831,Nightsaver,52,11,1,27,10.95,6.11,0,,,
831,Nightsaver,37,11,2,27,10.95,6.11,0,,,
831,Nightsaver,37,11,1,27,10.95,6.11,0,,,
831,Nightsaver,37,11,2,27,10.95,6.11,0,,,
831,Nightsaver,37,11,1,27,10.95,6.11,0,,,
831,Nightsaver,13,11,2,27,10.95,6.11,0,,,
831,Nightsaver,13,11,1,27,10.95,6.11,0,,,
831,Nightsaver,40,11,2,27,10.95,6.11,0,,,
831,Nightsaver,40,11,1,27,10.95,6.11,0,,,
831,Nightsaver,1,11,2,27,10.95,6.11,0,,,
831,Nightsaver,1,11,1,27,10.95,6.11,0,,,
831,Nightsaver,19,11,2,27,10.95,6.11,0,,,
831,Nightsaver,19,11,1,27,10.95,6.11,0,,,
831,Nightsaver,152,11,2,27,10.95,6.11,0,,,
831,Nightsaver,152,11,1,27,10.95,6.11,0,,,
831,Nightsaver,16,11,2,27,10.95,6.11,0,,,
831,Nightsaver,16,11,1,27,10.95,6.11,0,,,
831,Nightsaver,137,11,2,27,10.95,6.11,0,,,
831,Nightsaver,137,11,1,27,10.95,6.11,0,,,
831,Nightsaver,119,11,2,27,10.95,6.11,0,,,
831,Nightsaver,119,11,1,27,10.95,6.11,0,,,
831,Nightsaver,116,11,2,27,10.95,6.11,0,,,
831,Nightsaver,116,11,1,27,10.95,6.11,0,,,
831,Nightsaver,113,11,2,27,10.95,6.11,0,,,
831,Nightsaver,113,11,1,27,10.95,6.11,0,,,
831,Nightsaver,103,11,2,27,10.95,6.11,0,,,
831,Nightsaver,103,11,1,27,10.95,6.11,0,,,
831,Nightsaver,101,11,2,27,10.95,6.11,0,,,
831,Nightsaver,101,11,1,27,10.95,6.11,0,,,
831,Nightsaver,3,11,2,27,10.95,6.11,0,,,
831,Nightsaver,3,11,1,27,10.95,6.11,0,,,
830,Nightsaver,37,11,2,27,10.95,6.11,0,,,
830,Nightsaver,37,11,1,27,10.95,6.11,0,,,
830,Nightsaver,140,11,2,27,10.95,6.11,0,,,
830,Nightsaver,140,11,1,27,10.95,6.11,0,,,
830,Nightsaver,52,11,2,27,10.95,6.11,0,,,
830,Nightsaver,52,11,1,27,10.95,6.11,0,,,
830,Nightsaver,101,11,2,27,10.95,6.11,0,,,
830,Nightsaver,101,11,1,27,10.95,6.11,0,,,
830,Nightsaver,113,11,2,27,10.95,6.11,0,,,
830,Nightsaver,113,11,1,27,10.95,6.11,0,,,
830,Nightsaver,137,11,2,27,10.95,6.11,0,,,
830,Nightsaver,137,11,1,27,10.95,6.11,0,,,
830,Nightsaver,119,11,2,27,10.95,6.11,0,,,
830,Nightsaver,119,11,1,27,10.95,6.11,0,,,
830,Nightsaver,103,11,2,27,10.95,6.11,0,,,
830,Nightsaver,103,11,1,27,10.95,6.11,0,,,
830,Nightsaver,40,11,2,27,10.95,6.11,0,,,
830,Nightsaver,40,11,1,27,10.95,6.11,0,,,
830,Nightsaver,152,11,2,27,10.95,6.11,0,,,
830,Nightsaver,152,11,1,27,10.95,6.11,0,,,
830,Nightsaver,37,11,2,27,10.95,6.11,0,,,
830,Nightsaver,37,11,1,27,10.95,6.11,0,,,
830,Nightsaver,19,11,2,27,10.95,6.11,0,,,
830,Nightsaver,19,11,1,27,10.95,6.11,0,,,
830,Nightsaver,16,11,2,27,10.95,6.11,0,,,
830,Nightsaver,16,11,1,27,10.95,6.11,0,,,
830,Nightsaver,13,11,2,27,10.95,6.11,0,,,
830,Nightsaver,13,11,1,27,10.95,6.11,0,,,
830,Nightsaver,3,11,2,27,10.95,6.11,0,,,
830,Nightsaver,3,11,1,27,10.95,6.11,0,,,
830,Nightsaver,1,11,2,27,10.95,6.11,0,,,
830,Nightsaver,1,11,1,27,10.95,6.11,0,,,
830,Nightsaver,116,11,2,27,10.95,6.11,0,,,
830,Nightsaver,116,11,1,27,10.95,6.11,0,,,
106,Nightsaver,1,11,2,27,10.95,6.11,0,,,
106,Nightsaver,1,11,1,27,10.95,6.11,0,,,
542,Nightsaver,27,11,2,27,10.95,6.11,0,,,
542,Nightsaver,27,11,1,27,10.95,6.11,0,,,
106,Nightsaver,7,11,2,27,10.95,6.11,0,,,
106,Nightsaver,7,11,1,27,10.95,6.11,0,,,
542,Nightsaver,101,11,2,27,10.95,6.11,0,,,
542,Nightsaver,101,11,1,27,10.95,6.11,0,,,
542,Nightsaver,23,11,2,27,10.95,6.11,0,,,
542,Nightsaver,23,11,1,27,10.95,6.11,0,,,
106,Nightsaver,2,11,2,27,10.95,6.11,0,,,
106,Nightsaver,2,11,1,27,10.95,6.11,0,,,
542,Nightsaver,19,11,2,27,10.95,6.11,0,,,
542,Nightsaver,19,11,1,27,10.95,6.11,0,,,
542,Nightsaver,29,11,2,27,10.95,6.11,0,,,
542,Nightsaver,29,11,1,27,10.95,6.11,0,,,
542,Nightsaver,34,11,2,27,10.95,6.11,0,,,
542,Nightsaver,34,11,1,27,10.95,6.11,0,,,
146,Nightsaver,7,11,2,27,10.95,6.11,0,,,
146,Nightsaver,7,11,1,27,10.95,6.11,0,,,
146,Nightsaver,3,11,2,27,10.95,6.11,0,,,
146,Nightsaver,3,11,1,27,10.95,6.11,0,,,
542,Nightsaver,37,11,2,27,10.95,6.11,0,,,
542,Nightsaver,37,11,1,27,10.95,6.11,0,,,
146,Nightsaver,2,11,2,27,10.95,6.11,0,,,
146,Nightsaver,2,11,1,27,10.95,6.11,0,,,
542,Nightsaver,40,11,2,27,10.95,6.11,0,,,
542,Nightsaver,40,11,1,27,10.95,6.11,0,,,
106,Nightsaver,3,11,2,27,10.95,6.11,0,,,
106,Nightsaver,3,11,1,27,10.95,6.11,0,,,
653,Nightsaver,2,11,2,27,10.95,6.11,0,,,
653,Nightsaver,2,11,1,27,10.95,6.11,0,,,
542,Nightsaver,14,11,2,27,10.95,6.11,0,,,
542,Nightsaver,14,11,1,27,10.95,6.11,0,,,
613,Nightsaver,3,11,2,27,10.95,6.11,0,,,
613,Nightsaver,3,11,1,27,10.95,6.11,0,,,
613,Nightsaver,7,11,2,27,10.95,6.11,0,,,
613,Nightsaver,7,11,1,27,10.95,6.11,0,,,
542,Nightsaver,15,11,2,27,10.95,6.11,0,,,
542,Nightsaver,15,11,1,27,10.95,6.11,0,,,
542,Nightsaver,17,11,2,27,10.95,6.11,0,,,
542,Nightsaver,17,11,1,27,10.95,6.11,0,,,
653,Nightsaver,7,11,2,27,10.95,6.11,0,,,
653,Nightsaver,7,11,1,27,10.95,6.11,0,,,
542,Nightsaver,21,11,2,27,10.95,6.11,0,,,
542,Nightsaver,21,11,1,27,10.95,6.11,0,,,
542,Nightsaver,140,11,2,27,10.95,6.11,0,,,
542,Nightsaver,140,11,1,27,10.95,6.11,0,,,
110,Nightsaver,2,11,2,27,10.95,6.11,0,,,
110,Nightsaver,2,11,1,27,10.95,6.11,0,,,
542,Nightsaver,134,11,2,27,10.95,6.11,0,,,
542,Nightsaver,134,11,1,27,10.95,6.11,0,,,
542,Nightsaver,119,11,2,27,10.95,6.11,0,,,
542,Nightsaver,119,11,1,27,10.95,6.11,0,,,
608,Nightsaver,2,11,2,27,10.95,6.11,0,,,
608,Nightsaver,2,11,1,27,10.95,6.11,0,,,
548,Nightsaver,113,11,2,27,10.95,6.11,0,,,
548,Nightsaver,113,11,1,27,10.95,6.11,0,,,
542,Nightsaver,103,11,2,27,10.95,6.11,0,,,
542,Nightsaver,103,11,1,27,10.95,6.11,0,,,
542,Nightsaver,113,11,2,27,10.95,6.11,0,,,
542,Nightsaver,113,11,1,27,10.95,6.11,0,,,
653,Nightsaver,3,11,2,27,10.95,6.11,0,,,
653,Nightsaver,3,11,1,27,10.95,6.11,0,,,
548,Nightsaver,14,11,2,27,10.95,6.11,0,,,
548,Nightsaver,14,11,1,27,10.95,6.11,0,,,
548,Nightsaver,29,11,2,27,10.95,6.11,0,,,
548,Nightsaver,29,11,1,27,10.95,6.11,0,,,
548,Nightsaver,27,11,2,27,10.95,6.11,0,,,
548,Nightsaver,27,11,1,27,10.95,6.11,0,,,
542,Nightsaver,13,11,2,27,10.95,6.11,0,,,
542,Nightsaver,13,11,1,27,10.95,6.11,0,,,
648,Nightsaver,2,11,2,27,10.95,6.11,0,,,
648,Nightsaver,2,11,1,27,10.95,6.11,0,,,
608,Nightsaver,3,11,2,27,10.95,6.11,0,,,
608,Nightsaver,3,11,1,27,10.95,6.11,0,,,
648,Nightsaver,7,11,2,27,10.95,6.11,0,,,
648,Nightsaver,7,11,1,27,10.95,6.11,0,,,
548,Nightsaver,134,11,2,27,10.95,6.11,0,,,
548,Nightsaver,134,11,1,27,10.95,6.11,0,,,
548,Nightsaver,23,11,2,27,10.95,6.11,0,,,
548,Nightsaver,23,11,1,27,10.95,6.11,0,,,
548,Nightsaver,21,11,2,27,10.95,6.11,0,,,
548,Nightsaver,21,11,1,27,10.95,6.11,0,,,
548,Nightsaver,19,11,2,27,10.95,6.11,0,,,
548,Nightsaver,19,11,1,27,10.95,6.11,0,,,
548,Nightsaver,34,11,2,27,10.95,6.11,0,,,
548,Nightsaver,34,11,1,27,10.95,6.11,0,,,
548,Nightsaver,15,11,2,27,10.95,6.11,0,,,
548,Nightsaver,15,11,1,27,10.95,6.11,0,,,
648,Nightsaver,3,11,2,27,10.95,6.11,0,,,
648,Nightsaver,3,11,1,27,10.95,6.11,0,,,
548,Nightsaver,13,11,2,27,10.95,6.11,0,,,
548,Nightsaver,13,11,1,27,10.95,6.11,0,,,
548,Nightsaver,12,11,2,27,10.95,6.11,0,,,
548,Nightsaver,12,11,1,27,10.95,6.11,0,,,
548,Nightsaver,3,11,2,27,10.95,6.11,0,,,
548,Nightsaver,3,11,1,27,10.95,6.11,0,,,
542,Nightsaver,1,11,2,27,10.95,6.11,0,,,
542,Nightsaver,1,11,1,27,10.95,6.11,0,,,
542,Nightsaver,3,11,2,27,10.95,6.11,0,,,
542,Nightsaver,3,11,1,27,10.95,6.11,0,,,
542,Nightsaver,12,11,2,27,10.95,6.11,0,,,
542,Nightsaver,12,11,1,27,10.95,6.11,0,,,
548,Nightsaver,1,11,2,27,10.95,6.11,0,,,
548,Nightsaver,1,11,1,27,10.95,6.11,0,,,
150,Nightsaver,2,11,2,27,10.95,6.11,0,,,
150,Nightsaver,2,11,1,27,10.95,6.11,0,,,
150,Nightsaver,3,11,2,27,10.95,6.11,0,,,
150,Nightsaver,3,11,1,27,10.95,6.11,0,,,
150,Nightsaver,7,11,2,27,10.95,6.11,0,,,
150,Nightsaver,7,11,1,27,10.95,6.11,0,,,
548,Nightsaver,17,11,2,27,10.95,6.11,0,,,
548,Nightsaver,17,11,1,27,10.95,6.11,0,,,
608,Nightsaver,7,11,2,27,10.95,6.11,0,,,
608,Nightsaver,7,11,1,27,10.95,6.11,0,,,
548,Nightsaver,140,11,2,27,10.95,6.11,0,,,
548,Nightsaver,140,11,1,27,10.95,6.11,0,,,
548,Nightsaver,119,11,2,27,10.95,6.11,0,,,
548,Nightsaver,119,11,1,27,10.95,6.11,0,,,
548,Nightsaver,103,11,2,27,10.95,6.11,0,,,
548,Nightsaver,103,11,1,27,10.95,6.11,0,,,
548,Nightsaver,101,11,2,27,10.95,6.11,0,,,
548,Nightsaver,101,11,1,27,10.95,6.11,0,,,
548,Nightsaver,40,11,2,27,10.95,6.11,0,,,
548,Nightsaver,40,11,1,27,10.95,6.11,0,,,
548,Nightsaver,37,11,2,27,10.95,6.11,0,,,
548,Nightsaver,37,11,1,27,10.95,6.11,0,,,
110,Nightsaver,7,11,2,27,10.95,6.11,0,,,
110,Nightsaver,7,11,1,27,10.95,6.11,0,,,
613,Nightsaver,2,11,2,27,10.95,6.11,0,,,
613,Nightsaver,2,11,1,27,10.95,6.11,0,,,
110,Nightsaver,3,11,2,27,10.95,6.11,0,,,
110,Nightsaver,3,11,1,27,10.95,6.11,0,,,
831,Nightsaver,52,11,2,27,10.95,6.11,0,,,
831,Nightsaver,52,11,1,27,10.95,6.11,0,,,
831,Nightsaver,103,11,2,27,10.95,6.11,0,,,
831,Nightsaver,103,11,1,27,10.95,6.11,0,,,
831,Nightsaver,37,11,2,27,10.95,6.11,0,,,
831,Nightsaver,37,11,1,27,10.95,6.11,0,,,
831,Nightsaver,113,11,2,27,10.95,6.11,0,,,
831,Nightsaver,113,11,1,27,10.95,6.11,0,,,
831,Nightsaver,101,11,2,27,10.95,6.11,0,,,
831,Nightsaver,101,11,1,27,10.95,6.11,0,,,
831,Nightsaver,116,11,2,27,10.95,6.11,0,,,
831,Nightsaver,116,11,1,27,10.95,6.11,0,,,
831,Nightsaver,37,11,2,27,10.95,6.11,0,,,
831,Nightsaver,37,11,1,27,10.95,6.11,0,,,
831,Nightsaver,19,11,2,27,10.95,6.11,0,,,
831,Nightsaver,19,11,1,27,10.95,6.11,0,,,
831,Nightsaver,16,11,2,27,10.95,6.11,0,,,
831,Nightsaver,16,11,1,27,10.95,6.11,0,,,
831,Nightsaver,13,11,2,27,10.95,6.11,0,,,
831,Nightsaver,13,11,1,27,10.95,6.11,0,,,
831,Nightsaver,3,11,2,27,10.95,6.11,0,,,
831,Nightsaver,3,11,1,27,10.95,6.11,0,,,
831,Nightsaver,1,11,2,27,10.95,6.11,0,,,
831,Nightsaver,1,11,1,27,10.95,6.11,0,,,
831,Nightsaver,40,11,2,27,10.95,6.11,0,,,
831,Nightsaver,40,11,1,27,10.95,6.11,0,,,
830,Nightsaver,103,11,2,27,10.95,6.11,0,,,
830,Nightsaver,103,11,1,27,10.95,6.11,0,,,
830,Nightsaver,1,11,2,27,10.95,6.11,0,,,
830,Nightsaver,1,11,1,27,10.95,6.11,0,,,
830,Nightsaver,3,11,2,27,10.95,6.11,0,,,
830,Nightsaver,3,11,1,27,10.95,6.11,0,,,
830,Nightsaver,13,11,2,27,10.95,6.11,0,,,
830,Nightsaver,13,11,1,27,10.95,6.11,0,,,
830,Nightsaver,16,11,2,27,10.95,6.11,0,,,
830,Nightsaver,16,11,1,27,10.95,6.11,0,,,
830,Nightsaver,19,11,2,27,10.95,6.11,0,,,
830,Nightsaver,19,11,1,27,10.95,6.11,0,,,
830,Nightsaver,37,11,2,27,10.95,6.11,0,,,
830,Nightsaver,37,11,1,27,10.95,6.11,0,,,
830,Nightsaver,37,11,2,27,10.95,6.11,0,,,
830,Nightsaver,37,11,1,27,10.95,6.11,0,,,
830,Nightsaver,40,11,2,27,10.95,6.11,0,,,
830,Nightsaver,40,11,1,27,10.95,6.11,0,,,
831,Nightsaver,140,11,2,27,10.95,6.11,0,,,
831,Nightsaver,140,11,1,27,10.95,6.11,0,,,
830,Nightsaver,101,11,2,27,10.95,6.11,0,,,
830,Nightsaver,101,11,1,27,10.95,6.11,0,,,
831,Nightsaver,119,11,2,27,10.95,6.11,0,,,
831,Nightsaver,119,11,1,27,10.95,6.11,0,,,
830,Nightsaver,113,11,2,27,10.95,6.11,0,,,
830,Nightsaver,113,11,1,27,10.95,6.11,0,,,
830,Nightsaver,116,11,2,27,10.95,6.11,0,,,
830,Nightsaver,116,11,1,27,10.95,6.11,0,,,
830,Nightsaver,119,11,2,27,10.95,6.11,0,,,
830,Nightsaver,119,11,1,27,10.95,6.11,0,,,
830,Nightsaver,137,11,2,27,10.95,6.11,0,,,
830,Nightsaver,137,11,1,27,10.95,6.11,0,,,
830,Nightsaver,152,11,2,27,10.95,6.11,0,,,
830,Nightsaver,152,11,1,27,10.95,6.11,0,,,
831,Nightsaver,152,11,2,27,10.95,6.11,0,,,
831,Nightsaver,152,11,1,27,10.95,6.11,0,,,
830,Nightsaver,140,11,2,27,10.95,6.11,0,,,
830,Nightsaver,140,11,1,27,10.95,6.11,0,,,
831,Nightsaver,137,11,2,27,10.95,6.11,0,,,
831,Nightsaver,137,11,1,27,10.95,6.11,0,,,
830,Nightsaver,52,11,2,27,10.95,6.11,0,,,
830,Nightsaver,52,11,1,27,10.95,6.11,0,,,
542,Nightsaver,40,11,2,27,10.95,6.11,0,,,
542,Nightsaver,40,11,1,27,10.95,6.11,0,,,
542,Nightsaver,19,11,2,27,10.95,6.11,0,,,
542,Nightsaver,19,11,1,27,10.95,6.11,0,,,
548,Nightsaver,37,11,2,27,10.95,6.11,0,,,
548,Nightsaver,37,11,1,27,10.95,6.11,0,,,
548,Nightsaver,134,11,2,27,10.95,6.11,0,,,
548,Nightsaver,134,11,1,27,10.95,6.11,0,,,
548,Nightsaver,103,11,2,27,10.95,6.11,0,,,
548,Nightsaver,103,11,1,27,10.95,6.11,0,,,
542,Nightsaver,13,11,2,27,10.95,6.11,0,,,
542,Nightsaver,13,11,1,27,10.95,6.11,0,,,
653,Nightsaver,3,11,2,27,10.95,6.11,0,,,
653,Nightsaver,3,11,1,27,10.95,6.11,0,,,
150,Nightsaver,7,11,2,27,10.95,6.11,0,,,
150,Nightsaver,7,11,1,27,10.95,6.11,0,,,
548,Nightsaver,29,11,2,27,10.95,6.11,0,,,
548,Nightsaver,29,11,1,27,10.95,6.11,0,,,
548,Nightsaver,27,11,2,27,10.95,6.11,0,,,
548,Nightsaver,27,11,1,27,10.95,6.11,0,,,
548,Nightsaver,23,11,2,27,10.95,6.11,0,,,
548,Nightsaver,23,11,1,27,10.95,6.11,0,,,
150,Nightsaver,2,11,2,27,10.95,6.11,0,,,
150,Nightsaver,2,11,1,27,10.95,6.11,0,,,
548,Nightsaver,113,11,2,27,10.95,6.11,0,,,
548,Nightsaver,113,11,1,27,10.95,6.11,0,,,
548,Nightsaver,119,11,2,27,10.95,6.11,0,,,
548,Nightsaver,119,11,1,27,10.95,6.11,0,,,
548,Nightsaver,34,11,2,27,10.95,6.11,0,,,
548,Nightsaver,34,11,1,27,10.95,6.11,0,,,
548,Nightsaver,17,11,2,27,10.95,6.11,0,,,
548,Nightsaver,17,11,1,27,10.95,6.11,0,,,
542,Nightsaver,14,11,2,27,10.95,6.11,0,,,
542,Nightsaver,14,11,1,27,10.95,6.11,0,,,
542,Nightsaver,29,11,2,27,10.95,6.11,0,,,
542,Nightsaver,29,11,1,27,10.95,6.11,0,,,
542,Nightsaver,23,11,2,27,10.95,6.11,0,,,
542,Nightsaver,23,11,1,27,10.95,6.11,0,,,
542,Nightsaver,12,11,2,27,10.95,6.11,0,,,
542,Nightsaver,12,11,1,27,10.95,6.11,0,,,
542,Nightsaver,27,11,2,27,10.95,6.11,0,,,
542,Nightsaver,27,11,1,27,10.95,6.11,0,,,
542,Nightsaver,3,11,2,27,10.95,6.11,0,,,
542,Nightsaver,3,11,1,27,10.95,6.11,0,,,
548,Nightsaver,40,11,2,27,10.95,6.11,0,,,
548,Nightsaver,40,11,1,27,10.95,6.11,0,,,
548,Nightsaver,19,11,2,27,10.95,6.11,0,,,
548,Nightsaver,19,11,1,27,10.95,6.11,0,,,
548,Nightsaver,101,11,2,27,10.95,6.11,0,,,
548,Nightsaver,101,11,1,27,10.95,6.11,0,,,
548,Nightsaver,15,11,2,27,10.95,6.11,0,,,
548,Nightsaver,15,11,1,27,10.95,6.11,0,,,
542,Nightsaver,1,11,2,27,10.95,6.11,0,,,
542,Nightsaver,1,11,1,27,10.95,6.11,0,,,
653,Nightsaver,2,11,2,27,10.95,6.11,0,,,
653,Nightsaver,2,11,1,27,10.95,6.11,0,,,
542,Nightsaver,17,11,2,27,10.95,6.11,0,,,
542,Nightsaver,17,11,1,27,10.95,6.11,0,,,
542,Nightsaver,15,11,2,27,10.95,6.11,0,,,
542,Nightsaver,15,11,1,27,10.95,6.11,0,,,
542,Nightsaver,21,11,2,27,10.95,6.11,0,,,
542,Nightsaver,21,11,1,27,10.95,6.11,0,,,
548,Nightsaver,21,11,2,27,10.95,6.11,0,,,
548,Nightsaver,21,11,1,27,10.95,6.11,0,,,
110,Nightsaver,3,11,2,27,10.95,6.11,0,,,
110,Nightsaver,3,11,1,27,10.95,6.11,0,,,
542,Nightsaver,101,11,2,27,10.95,6.11,0,,,
542,Nightsaver,101,11,1,27,10.95,6.11,0,,,
608,Nightsaver,7,11,2,27,10.95,6.11,0,,,
608,Nightsaver,7,11,1,27,10.95,6.11,0,,,
106,Nightsaver,7,11,2,27,10.95,6.11,0,,,
106,Nightsaver,7,11,1,27,10.95,6.11,0,,,
653,Nightsaver,7,11,2,27,10.95,6.11,0,,,
653,Nightsaver,7,11,1,27,10.95,6.11,0,,,
146,Nightsaver,7,11,2,27,10.95,6.11,0,,,
146,Nightsaver,7,11,1,27,10.95,6.11,0,,,
106,Nightsaver,3,11,2,27,10.95,6.11,0,,,
106,Nightsaver,3,11,1,27,10.95,6.11,0,,,
106,Nightsaver,2,11,2,27,10.95,6.11,0,,,
106,Nightsaver,2,11,1,27,10.95,6.11,0,,,
146,Nightsaver,3,11,2,27,10.95,6.11,0,,,
146,Nightsaver,3,11,1,27,10.95,6.11,0,,,
548,Nightsaver,12,11,2,27,10.95,6.11,0,,,
548,Nightsaver,12,11,1,27,10.95,6.11,0,,,
542,Nightsaver,34,11,2,27,10.95,6.11,0,,,
542,Nightsaver,34,11,1,27,10.95,6.11,0,,,
150,Nightsaver,3,11,2,27,10.95,6.11,0,,,
150,Nightsaver,3,11,1,27,10.95,6.11,0,,,
648,Nightsaver,7,11,2,27,10.95,6.11,0,,,
648,Nightsaver,7,11,1,27,10.95,6.11,0,,,
548,Nightsaver,3,11,2,27,10.95,6.11,0,,,
548,Nightsaver,3,11,1,27,10.95,6.11,0,,,
548,Nightsaver,1,11,2,27,10.95,6.11,0,,,
548,Nightsaver,1,11,1,27,10.95,6.11,0,,,
542,Nightsaver,37,11,2,27,10.95,6.11,0,,,
542,Nightsaver,37,11,1,27,10.95,6.11,0,,,
648,Nightsaver,3,11,2,27,10.95,6.11,0,,,
648,Nightsaver,3,11,1,27,10.95,6.11,0,,,
648,Nightsaver,2,11,2,27,10.95,6.11,0,,,
648,Nightsaver,2,11,1,27,10.95,6.11,0,,,
608,Nightsaver,2,11,2,27,10.95,6.11,0,,,
608,Nightsaver,2,11,1,27,10.95,6.11,0,,,
608,Nightsaver,3,11,2,27,10.95,6.11,0,,,
608,Nightsaver,3,11,1,27,10.95,6.11,0,,,
110,Nightsaver,2,11,2,27,10.95,6.11,0,,,
110,Nightsaver,2,11,1,27,10.95,6.11,0,,,
146,Nightsaver,2,11,2,27,10.95,6.11,0,,,
146,Nightsaver,2,11,1,27,10.95,6.11,0,,,
542,Nightsaver,134,11,2,27,10.95,6.11,0,,,
542,Nightsaver,134,11,1,27,10.95,6.11,0,,,
110,Nightsaver,7,11,2,27,10.95,6.11,0,,,
110,Nightsaver,7,11,1,27,10.95,6.11,0,,,
548,Nightsaver,13,11,2,27,10.95,6.11,0,,,
548,Nightsaver,13,11,1,27,10.95,6.11,0,,,
613,Nightsaver,7,11,2,27,10.95,6.11,0,,,
613,Nightsaver,7,11,1,27,10.95,6.11,0,,,
542,Nightsaver,140,11,2,27,10.95,6.11,0,,,
542,Nightsaver,140,11,1,27,10.95,6.11,0,,,
613,Nightsaver,3,11,2,27,10.95,6.11,0,,,
613,Nightsaver,3,11,1,27,10.95,6.11,0,,,
542,Nightsaver,119,11,2,27,10.95,6.11,0,,,
542,Nightsaver,119,11,1,27,10.95,6.11,0,,,
542,Nightsaver,113,11,2,27,10.95,6.11,0,,,
542,Nightsaver,113,11,1,27,10.95,6.11,0,,,
542,Nightsaver,103,11,2,27,10.95,6.11,0,,,
542,Nightsaver,103,11,1,27,10.95,6.11,0,,,
613,Nightsaver,2,11,2,27,10.95,6.11,0,,,
613,Nightsaver,2,11,1,27,10.95,6.11,0,,,
548,Nightsaver,14,11,2,27,10.95,6.11,0,,,
548,Nightsaver,14,11,1,27,10.95,6.11,0,,,
548,Nightsaver,140,11,2,27,10.95,6.11,0,,,
548,Nightsaver,140,11,1,27,10.95,6.11,0,,,
830,Nightsaver,119,11,2,27,10.95,6.11,0,,,
830,Nightsaver,119,11,1,27,10.95,6.11,0,,,
830,Nightsaver,103,11,2,27,10.95,6.11,0,,,
830,Nightsaver,103,11,1,27,10.95,6.11,0,,,
830,Nightsaver,116,11,2,27,10.95,6.11,0,,,
830,Nightsaver,116,11,1,27,10.95,6.11,0,,,
830,Nightsaver,40,11,2,27,10.95,6.11,0,,,
830,Nightsaver,40,11,1,27,10.95,6.11,0,,,
830,Nightsaver,137,11,2,27,10.95,6.11,0,,,
830,Nightsaver,137,11,1,27,10.95,6.11,0,,,
830,Nightsaver,140,11,2,27,10.95,6.11,0,,,
830,Nightsaver,140,11,1,27,10.95,6.11,0,,,
830,Nightsaver,113,11,2,27,10.95,6.11,0,,,
830,Nightsaver,113,11,1,27,10.95,6.11,0,,,
830,Nightsaver,152,11,2,27,10.95,6.11,0,,,
830,Nightsaver,152,11,1,27,10.95,6.11,0,,,
830,Nightsaver,52,11,2,27,10.95,6.11,0,,,
830,Nightsaver,52,11,1,27,10.95,6.11,0,,,
830,Nightsaver,37,11,2,27,10.95,6.11,0,,,
830,Nightsaver,37,11,1,27,10.95,6.11,0,,,
830,Nightsaver,37,11,2,27,10.95,6.11,0,,,
830,Nightsaver,37,11,1,27,10.95,6.11,0,,,
830,Nightsaver,19,11,2,27,10.95,6.11,0,,,
830,Nightsaver,19,11,1,27,10.95,6.11,0,,,
830,Nightsaver,16,11,2,27,10.95,6.11,0,,,
830,Nightsaver,16,11,1,27,10.95,6.11,0,,,
830,Nightsaver,13,11,2,27,10.95,6.11,0,,,
830,Nightsaver,13,11,1,27,10.95,6.11,0,,,
830,Nightsaver,3,11,2,27,10.95,6.11,0,,,
830,Nightsaver,3,11,1,27,10.95,6.11,0,,,
830,Nightsaver,101,11,2,27,10.95,6.11,0,,,
830,Nightsaver,101,11,1,27,10.95,6.11,0,,,
831,Nightsaver,103,11,2,27,10.95,6.11,0,,,
831,Nightsaver,103,11,1,27,10.95,6.11,0,,,
831,Nightsaver,3,11,2,27,10.95,6.11,0,,,
831,Nightsaver,3,11,1,27,10.95,6.11,0,,,
831,Nightsaver,13,11,2,27,10.95,6.11,0,,,
831,Nightsaver,13,11,1,27,10.95,6.11,0,,,
831,Nightsaver,16,11,2,27,10.95,6.11,0,,,
831,Nightsaver,16,11,1,27,10.95,6.11,0,,,
831,Nightsaver,19,11,2,27,10.95,6.11,0,,,
831,Nightsaver,19,11,1,27,10.95,6.11,0,,,
831,Nightsaver,37,11,2,27,10.95,6.11,0,,,
831,Nightsaver,37,11,1,27,10.95,6.11,0,,,
831,Nightsaver,37,11,2,27,10.95,6.11,0,,,
831,Nightsaver,37,11,1,27,10.95,6.11,0,,,
831,Nightsaver,1,11,2,27,10.95,6.11,0,,,
831,Nightsaver,1,11,1,27,10.95,6.11,0,,,
831,Nightsaver,52,11,2,27,10.95,6.11,0,,,
831,Nightsaver,52,11,1,27,10.95,6.11,0,,,
831,Nightsaver,101,11,2,27,10.95,6.11,0,,,
831,Nightsaver,101,11,1,27,10.95,6.11,0,,,
830,Nightsaver,1,11,2,27,10.95,6.11,0,,,
830,Nightsaver,1,11,1,27,10.95,6.11,0,,,
831,Nightsaver,113,11,2,27,10.95,6.11,0,,,
831,Nightsaver,113,11,1,27,10.95,6.11,0,,,
831,Nightsaver,116,11,2,27,10.95,6.11,0,,,
831,Nightsaver,116,11,1,27,10.95,6.11,0,,,
831,Nightsaver,119,11,2,27,10.95,6.11,0,,,
831,Nightsaver,119,11,1,27,10.95,6.11,0,,,
831,Nightsaver,137,11,2,27,10.95,6.11,0,,,
831,Nightsaver,137,11,1,27,10.95,6.11,0,,,
831,Nightsaver,140,11,2,27,10.95,6.11,0,,,
831,Nightsaver,140,11,1,27,10.95,6.11,0,,,
831,Nightsaver,152,11,2,27,10.95,6.11,0,,,
831,Nightsaver,152,11,1,27,10.95,6.11,0,,,
831,Nightsaver,40,11,2,27,10.95,6.11,0,,,
831,Nightsaver,40,11,1,27,10.95,6.11,0,,,
150,Nightsaver,3,11,2,27,10.95,6.11,0,,,
150,Nightsaver,3,11,1,27,10.95,6.11,0,,,
548,Nightsaver,134,11,2,27,10.95,6.11,0,,,
548,Nightsaver,134,11,1,27,10.95,6.11,0,,,
548,Nightsaver,119,11,2,27,10.95,6.11,0,,,
548,Nightsaver,119,11,1,27,10.95,6.11,0,,,
548,Nightsaver,113,11,2,27,10.95,6.11,0,,,
548,Nightsaver,113,11,1,27,10.95,6.11,0,,,
548,Nightsaver,103,11,2,27,10.95,6.11,0,,,
548,Nightsaver,103,11,1,27,10.95,6.11,0,,,
542,Nightsaver,103,11,2,27,10.95,6.11,0,,,
542,Nightsaver,103,11,1,27,10.95,6.11,0,,,
150,Nightsaver,7,11,2,27,10.95,6.11,0,,,
150,Nightsaver,7,11,1,27,10.95,6.11,0,,,
653,Nightsaver,7,11,2,27,10.95,6.11,0,,,
653,Nightsaver,7,11,1,27,10.95,6.11,0,,,
150,Nightsaver,2,11,2,27,10.95,6.11,0,,,
150,Nightsaver,2,11,1,27,10.95,6.11,0,,,
653,Nightsaver,3,11,2,27,10.95,6.11,0,,,
653,Nightsaver,3,11,1,27,10.95,6.11,0,,,
548,Nightsaver,101,11,2,27,10.95,6.11,0,,,
548,Nightsaver,101,11,1,27,10.95,6.11,0,,,
150,Nightsaver,1,11,2,27,10.95,6.11,0,,,
150,Nightsaver,1,11,1,27,10.95,6.11,0,,,
548,Nightsaver,23,11,2,27,10.95,6.11,0,,,
548,Nightsaver,23,11,1,27,10.95,6.11,0,,,
548,Nightsaver,1,11,2,27,10.95,6.11,0,,,
548,Nightsaver,1,11,1,27,10.95,6.11,0,,,
548,Nightsaver,3,11,2,27,10.95,6.11,0,,,
548,Nightsaver,3,11,1,27,10.95,6.11,0,,,
548,Nightsaver,12,11,2,27,10.95,6.11,0,,,
548,Nightsaver,12,11,1,27,10.95,6.11,0,,,
548,Nightsaver,13,11,2,27,10.95,6.11,0,,,
548,Nightsaver,13,11,1,27,10.95,6.11,0,,,
548,Nightsaver,14,11,2,27,10.95,6.11,0,,,
548,Nightsaver,14,11,1,27,10.95,6.11,0,,,
548,Nightsaver,15,11,2,27,10.95,6.11,0,,,
548,Nightsaver,15,11,1,27,10.95,6.11,0,,,
548,Nightsaver,17,11,2,27,10.95,6.11,0,,,
548,Nightsaver,17,11,1,27,10.95,6.11,0,,,
548,Nightsaver,34,11,2,27,10.95,6.11,0,,,
548,Nightsaver,34,11,1,27,10.95,6.11,0,,,
548,Nightsaver,21,11,2,27,10.95,6.11,0,,,
548,Nightsaver,21,11,1,27,10.95,6.11,0,,,
548,Nightsaver,40,11,2,27,10.95,6.11,0,,,
548,Nightsaver,40,11,1,27,10.95,6.11,0,,,
542,Nightsaver,1,11,2,27,10.95,6.11,0,,,
542,Nightsaver,1,11,1,27,10.95,6.11,0,,,
548,Nightsaver,29,11,2,27,10.95,6.11,0,,,
548,Nightsaver,29,11,1,27,10.95,6.11,0,,,
548,Nightsaver,27,11,2,27,10.95,6.11,0,,,
548,Nightsaver,27,11,1,27,10.95,6.11,0,,,
653,Nightsaver,2,11,2,27,10.95,6.11,0,,,
653,Nightsaver,2,11,1,27,10.95,6.11,0,,,
542,Nightsaver,37,11,2,27,10.95,6.11,0,,,
542,Nightsaver,37,11,1,27,10.95,6.11,0,,,
542,Nightsaver,40,11,2,27,10.95,6.11,0,,,
542,Nightsaver,40,11,1,27,10.95,6.11,0,,,
542,Nightsaver,101,11,2,27,10.95,6.11,0,,,
542,Nightsaver,101,11,1,27,10.95,6.11,0,,,
548,Nightsaver,37,11,2,27,10.95,6.11,0,,,
548,Nightsaver,37,11,1,27,10.95,6.11,0,,,
548,Nightsaver,19,11,2,27,10.95,6.11,0,,,
548,Nightsaver,19,11,1,27,10.95,6.11,0,,,
613,Nightsaver,7,11,2,27,10.95,6.11,0,,,
613,Nightsaver,7,11,1,27,10.95,6.11,0,,,
542,Nightsaver,12,11,2,27,10.95,6.11,0,,,
542,Nightsaver,12,11,1,27,10.95,6.11,0,,,
542,Nightsaver,13,11,2,27,10.95,6.11,0,,,
542,Nightsaver,13,11,1,27,10.95,6.11,0,,,
548,Nightsaver,140,11,2,27,10.95,6.11,0,,,
548,Nightsaver,140,11,1,27,10.95,6.11,0,,,
542,Nightsaver,3,11,2,27,10.95,6.11,0,,,
542,Nightsaver,3,11,1,27,10.95,6.11,0,,,
146,Nightsaver,3,11,2,27,10.95,6.11,0,,,
146,Nightsaver,3,11,1,27,10.95,6.11,0,,,
146,Nightsaver,2,11,2,27,10.95,6.11,0,,,
146,Nightsaver,2,11,1,27,10.95,6.11,0,,,
146,Nightsaver,1,11,2,27,10.95,6.11,0,,,
146,Nightsaver,1,11,1,27,10.95,6.11,0,,,
648,Nightsaver,7,11,2,27,10.95,6.11,0,,,
648,Nightsaver,7,11,1,27,10.95,6.11,0,,,
542,Nightsaver,15,11,2,27,10.95,6.11,0,,,
542,Nightsaver,15,11,1,27,10.95,6.11,0,,,
648,Nightsaver,2,11,2,27,10.95,6.11,0,,,
648,Nightsaver,2,11,1,27,10.95,6.11,0,,,
613,Nightsaver,1,11,2,27,10.95,6.11,0,,,
613,Nightsaver,1,11,1,27,10.95,6.11,0,,,
608,Nightsaver,3,11,2,27,10.95,6.11,0,,,
608,Nightsaver,3,11,1,27,10.95,6.11,0,,,
110,Nightsaver,1,11,2,27,10.95,6.11,0,,,
110,Nightsaver,1,11,1,27,10.95,6.11,0,,,
110,Nightsaver,2,11,2,27,10.95,6.11,0,,,
110,Nightsaver,2,11,1,27,10.95,6.11,0,,,
110,Nightsaver,3,11,2,27,10.95,6.11,0,,,
110,Nightsaver,3,11,1,27,10.95,6.11,0,,,
608,Nightsaver,2,11,2,27,10.95,6.11,0,,,
608,Nightsaver,2,11,1,27,10.95,6.11,0,,,
608,Nightsaver,37,11,2,27,10.95,6.11,0,,,
608,Nightsaver,37,11,1,27,10.95,6.11,0,,,
608,Nightsaver,7,11,2,27,10.95,6.11,0,,,
608,Nightsaver,7,11,1,27,10.95,6.11,0,,,
110,Nightsaver,7,11,2,27,10.95,6.11,0,,,
110,Nightsaver,7,11,1,27,10.95,6.11,0,,,
648,Nightsaver,3,11,2,27,10.95,6.11,0,,,
648,Nightsaver,3,11,1,27,10.95,6.11,0,,,
106,Nightsaver,2,11,2,27,10.95,6.11,0,,,
106,Nightsaver,2,11,1,27,10.95,6.11,0,,,
542,Nightsaver,119,11,2,27,10.95,6.11,0,,,
542,Nightsaver,119,11,1,27,10.95,6.11,0,,,
542,Nightsaver,134,11,2,27,10.95,6.11,0,,,
542,Nightsaver,134,11,1,27,10.95,6.11,0,,,
542,Nightsaver,140,11,2,27,10.95,6.11,0,,,
542,Nightsaver,140,11,1,27,10.95,6.11,0,,,
542,Nightsaver,34,11,2,27,10.95,6.11,0,,,
542,Nightsaver,34,11,1,27,10.95,6.11,0,,,
106,Nightsaver,37,11,2,27,10.95,6.11,0,,,
106,Nightsaver,37,11,1,27,10.95,6.11,0,,,
106,Nightsaver,7,11,2,27,10.95,6.11,0,,,
106,Nightsaver,7,11,1,27,10.95,6.11,0,,,
106,Nightsaver,3,11,2,27,10.95,6.11,0,,,
106,Nightsaver,3,11,1,27,10.95,6.11,0,,,
542,Nightsaver,14,11,2,27,10.95,6.11,0,,,
542,Nightsaver,14,11,1,27,10.95,6.11,0,,,
542,Nightsaver,27,11,2,27,10.95,6.11,0,,,
542,Nightsaver,27,11,1,27,10.95,6.11,0,,,
542,Nightsaver,113,11,2,27,10.95,6.11,0,,,
542,Nightsaver,113,11,1,27,10.95,6.11,0,,,
106,Nightsaver,1,11,2,27,10.95,6.11,0,,,
106,Nightsaver,1,11,1,27,10.95,6.11,0,,,
542,Nightsaver,23,11,2,27,10.95,6.11,0,,,
542,Nightsaver,23,11,1,27,10.95,6.11,0,,,
542,Nightsaver,21,11,2,27,10.95,6.11,0,,,
542,Nightsaver,21,11,1,27,10.95,6.11,0,,,
146,Nightsaver,7,11,2,27,10.95,6.11,0,,,
146,Nightsaver,7,11,1,27,10.95,6.11,0,,,
542,Nightsaver,19,11,2,27,10.95,6.11,0,,,
542,Nightsaver,19,11,1,27,10.95,6.11,0,,,
542,Nightsaver,17,11,2,27,10.95,6.11,0,,,
542,Nightsaver,17,11,1,27,10.95,6.11,0,,,
613,Nightsaver,3,11,2,27,10.95,6.11,0,,,
613,Nightsaver,3,11,1,27,10.95,6.11,0,,,
613,Nightsaver,2,11,2,27,10.95,6.11,0,,,
613,Nightsaver,2,11,1,27,10.95,6.11,0,,,
542,Nightsaver,29,11,2,27,10.95,6.11,0,,,
542,Nightsaver,29,11,1,27,10.95,6.11,0,,,
831,Nightsaver,37,11,2,27,10.95,6.11,0,,,
831,Nightsaver,37,11,1,27,10.95,6.11,0,,,
830,Nightsaver,19,11,2,27,10.95,6.11,0,,,
830,Nightsaver,19,11,1,27,10.95,6.11,0,,,
830,Nightsaver,37,11,2,27,10.95,6.11,0,,,
830,Nightsaver,37,11,1,27,10.95,6.11,0,,,
830,Nightsaver,37,11,2,27,10.95,6.11,0,,,
830,Nightsaver,37,11,1,27,10.95,6.11,0,,,
830,Nightsaver,40,11,2,27,10.95,6.11,0,,,
830,Nightsaver,40,11,1,27,10.95,6.11,0,,,
830,Nightsaver,52,11,2,27,10.95,6.11,0,,,
830,Nightsaver,52,11,1,27,10.95,6.11,0,,,
831,Nightsaver,1,11,2,27,10.95,6.11,0,,,
831,Nightsaver,1,11,1,27,10.95,6.11,0,,,
831,Nightsaver,3,11,2,27,10.95,6.11,0,,,
831,Nightsaver,3,11,1,27,10.95,6.11,0,,,
831,Nightsaver,13,11,2,27,10.95,6.11,0,,,
831,Nightsaver,13,11,1,27,10.95,6.11,0,,,
831,Nightsaver,16,11,2,27,10.95,6.11,0,,,
831,Nightsaver,16,11,1,27,10.95,6.11,0,,,
830,Nightsaver,16,11,2,27,10.95,6.11,0,,,
830,Nightsaver,16,11,1,27,10.95,6.11,0,,,
831,Nightsaver,37,11,2,27,10.95,6.11,0,,,
831,Nightsaver,37,11,1,27,10.95,6.11,0,,,
830,Nightsaver,13,11,2,27,10.95,6.11,0,,,
830,Nightsaver,13,11,1,27,10.95,6.11,0,,,
831,Nightsaver,40,11,2,27,10.95,6.11,0,,,
831,Nightsaver,40,11,1,27,10.95,6.11,0,,,
831,Nightsaver,52,11,2,27,10.95,6.11,0,,,
831,Nightsaver,52,11,1,27,10.95,6.11,0,,,
831,Nightsaver,101,11,2,27,10.95,6.11,0,,,
831,Nightsaver,101,11,1,27,10.95,6.11,0,,,
831,Nightsaver,103,11,2,27,10.95,6.11,0,,,
831,Nightsaver,103,11,1,27,10.95,6.11,0,,,
831,Nightsaver,113,11,2,27,10.95,6.11,0,,,
831,Nightsaver,113,11,1,27,10.95,6.11,0,,,
831,Nightsaver,116,11,2,27,10.95,6.11,0,,,
831,Nightsaver,116,11,1,27,10.95,6.11,0,,,
831,Nightsaver,119,11,2,27,10.95,6.11,0,,,
831,Nightsaver,119,11,1,27,10.95,6.11,0,,,
831,Nightsaver,137,11,2,27,10.95,6.11,0,,,
831,Nightsaver,137,11,1,27,10.95,6.11,0,,,
831,Nightsaver,140,11,2,27,10.95,6.11,0,,,
831,Nightsaver,140,11,1,27,10.95,6.11,0,,,
831,Nightsaver,19,11,2,27,10.95,6.11,0,,,
831,Nightsaver,19,11,1,27,10.95,6.11,0,,,
830,Nightsaver,1,11,2,27,10.95,6.11,0,,,
830,Nightsaver,1,11,1,27,10.95,6.11,0,,,
830,Nightsaver,140,11,2,27,10.95,6.11,0,,,
830,Nightsaver,140,11,1,27,10.95,6.11,0,,,
830,Nightsaver,152,11,2,27,10.95,6.11,0,,,
830,Nightsaver,152,11,1,27,10.95,6.11,0,,,
830,Nightsaver,119,11,2,27,10.95,6.11,0,,,
830,Nightsaver,119,11,1,27,10.95,6.11,0,,,
830,Nightsaver,116,11,2,27,10.95,6.11,0,,,
830,Nightsaver,116,11,1,27,10.95,6.11,0,,,
830,Nightsaver,113,11,2,27,10.95,6.11,0,,,
830,Nightsaver,113,11,1,27,10.95,6.11,0,,,
830,Nightsaver,103,11,2,27,10.95,6.11,0,,,
830,Nightsaver,103,11,1,27,10.95,6.11,0,,,
830,Nightsaver,137,11,2,27,10.95,6.11,0,,,
830,Nightsaver,137,11,1,27,10.95,6.11,0,,,
830,Nightsaver,3,11,2,27,10.95,6.11,0,,,
830,Nightsaver,3,11,1,27,10.95,6.11,0,,,
831,Nightsaver,152,11,2,27,10.95,6.11,0,,,
831,Nightsaver,152,11,1,27,10.95,6.11,0,,,
830,Nightsaver,101,11,2,27,10.95,6.11,0,,,
830,Nightsaver,101,11,1,27,10.95,6.11,0,,,
524,Nightsaver,81,11,2,27,10.95,6.11,0,,,
524,Nightsaver,81,11,1,27,10.95,6.11,0,,,
536,Nightsaver,171,11,2,27,10.95,6.11,0,,,
536,Nightsaver,171,11,1,27,10.95,6.11,0,,,
536,Nightsaver,56,11,2,27,10.95,6.11,0,,,
536,Nightsaver,56,11,1,27,10.95,6.11,0,,,
536,Nightsaver,81,11,2,27,10.95,6.11,0,,,
536,Nightsaver,81,11,1,27,10.95,6.11,0,,,
536,Nightsaver,82,11,2,27,10.95,6.11,0,,,
536,Nightsaver,82,11,1,27,10.95,6.11,0,,,
536,Nightsaver,90,11,2,27,10.95,6.11,0,,,
536,Nightsaver,90,11,1,27,10.95,6.11,0,,,
536,Nightsaver,903,11,2,27,10.95,6.11,0,,,
536,Nightsaver,903,11,1,27,10.95,6.11,0,,,
536,Nightsaver,94,11,2,27,10.95,6.11,0,,,
536,Nightsaver,94,11,1,27,10.95,6.11,0,,,
536,Nightsaver,113,11,2,27,10.95,6.11,0,,,
536,Nightsaver,113,11,1,27,10.95,6.11,0,,,
536,Nightsaver,134,11,2,27,10.95,6.11,0,,,
536,Nightsaver,134,11,1,27,10.95,6.11,0,,,
536,Nightsaver,161,11,2,27,10.95,6.11,0,,,
536,Nightsaver,161,11,1,27,10.95,6.11,0,,,
524,Nightsaver,12,11,2,27,10.95,6.11,0,,,
524,Nightsaver,12,11,1,27,10.95,6.11,0,,,
524,Nightsaver,82,11,2,27,10.95,6.11,0,,,
524,Nightsaver,82,11,1,27,10.95,6.11,0,,,
524,Nightsaver,13,11,2,27,10.95,6.11,0,,,
524,Nightsaver,13,11,1,27,10.95,6.11,0,,,
524,Nightsaver,14,11,2,27,10.95,6.11,0,,,
524,Nightsaver,14,11,1,27,10.95,6.11,0,,,
524,Nightsaver,15,11,2,27,10.95,6.11,0,,,
524,Nightsaver,15,11,1,27,10.95,6.11,0,,,
524,Nightsaver,17,11,2,27,10.95,6.11,0,,,
524,Nightsaver,17,11,1,27,10.95,6.11,0,,,
524,Nightsaver,34,11,2,27,10.95,6.11,0,,,
524,Nightsaver,34,11,1,27,10.95,6.11,0,,,
536,Nightsaver,162,11,2,27,10.95,6.11,0,,,
536,Nightsaver,162,11,1,27,10.95,6.11,0,,,
524,Nightsaver,56,11,2,27,10.95,6.11,0,,,
524,Nightsaver,56,11,1,27,10.95,6.11,0,,,
536,Nightsaver,170,11,2,27,10.95,6.11,0,,,
536,Nightsaver,170,11,1,27,10.95,6.11,0,,,
524,Nightsaver,90,11,2,27,10.95,6.11,0,,,
524,Nightsaver,90,11,1,27,10.95,6.11,0,,,
524,Nightsaver,91,11,2,27,10.95,6.11,0,,,
524,Nightsaver,91,11,1,27,10.95,6.11,0,,,
536,Nightsaver,902,11,2,27,10.95,6.11,0,,,
536,Nightsaver,902,11,1,27,10.95,6.11,0,,,
536,Nightsaver,176,11,2,27,10.95,6.11,0,,,
536,Nightsaver,176,11,1,27,10.95,6.11,0,,,
536,Nightsaver,174,11,2,27,10.95,6.11,0,,,
536,Nightsaver,174,11,1,27,10.95,6.11,0,,,
524,Nightsaver,55,11,2,27,10.95,6.11,0,,,
524,Nightsaver,55,11,1,27,10.95,6.11,0,,,
524,Nightsaver,914,11,2,27,10.95,6.11,0,,,
524,Nightsaver,914,11,1,27,10.95,6.11,0,,,
524,Nightsaver,161,11,2,27,10.95,6.11,0,,,
524,Nightsaver,161,11,1,27,10.95,6.11,0,,,
524,Nightsaver,162,11,2,27,10.95,6.11,0,,,
524,Nightsaver,162,11,1,27,10.95,6.11,0,,,
524,Nightsaver,170,11,2,27,10.95,6.11,0,,,
524,Nightsaver,170,11,1,27,10.95,6.11,0,,,
524,Nightsaver,171,11,2,27,10.95,6.11,0,,,
524,Nightsaver,171,11,1,27,10.95,6.11,0,,,
524,Nightsaver,113,11,2,27,10.95,6.11,0,,,
524,Nightsaver,113,11,1,27,10.95,6.11,0,,,
524,Nightsaver,915,11,2,27,10.95,6.11,0,,,
524,Nightsaver,915,11,1,27,10.95,6.11,0,,,
524,Nightsaver,96,11,2,27,10.95,6.11,0,,,
524,Nightsaver,96,11,1,27,10.95,6.11,0,,,
524,Nightsaver,912,11,2,27,10.95,6.11,0,,,
524,Nightsaver,912,11,1,27,10.95,6.11,0,,,
524,Nightsaver,908,11,2,27,10.95,6.11,0,,,
524,Nightsaver,908,11,1,27,10.95,6.11,0,,,
524,Nightsaver,907,11,2,27,10.95,6.11,0,,,
524,Nightsaver,907,11,1,27,10.95,6.11,0,,,
524,Nightsaver,903,11,2,27,10.95,6.11,0,,,
524,Nightsaver,903,11,1,27,10.95,6.11,0,,,
524,Nightsaver,902,11,2,27,10.95,6.11,0,,,
524,Nightsaver,902,11,1,27,10.95,6.11,0,,,
524,Nightsaver,176,11,2,27,10.95,6.11,0,,,
524,Nightsaver,176,11,1,27,10.95,6.11,0,,,
524,Nightsaver,174,11,2,27,10.95,6.11,0,,,
524,Nightsaver,174,11,1,27,10.95,6.11,0,,,
536,Nightsaver,34,11,2,27,10.95,6.11,0,,,
536,Nightsaver,34,11,1,27,10.95,6.11,0,,,
536,Nightsaver,96,11,2,27,10.95,6.11,0,,,
536,Nightsaver,96,11,1,27,10.95,6.11,0,,,
524,Nightsaver,134,11,2,27,10.95,6.11,0,,,
524,Nightsaver,134,11,1,27,10.95,6.11,0,,,
536,Nightsaver,55,11,2,27,10.95,6.11,0,,,
536,Nightsaver,55,11,1,27,10.95,6.11,0,,,
536,Nightsaver,17,11,2,27,10.95,6.11,0,,,
536,Nightsaver,17,11,1,27,10.95,6.11,0,,,
536,Nightsaver,15,11,2,27,10.95,6.11,0,,,
536,Nightsaver,15,11,1,27,10.95,6.11,0,,,
536,Nightsaver,14,11,2,27,10.95,6.11,0,,,
536,Nightsaver,14,11,1,27,10.95,6.11,0,,,
536,Nightsaver,13,11,2,27,10.95,6.11,0,,,
536,Nightsaver,13,11,1,27,10.95,6.11,0,,,
536,Nightsaver,12,11,2,27,10.95,6.11,0,,,
536,Nightsaver,12,11,1,27,10.95,6.11,0,,,
524,Nightsaver,94,11,2,27,10.95,6.11,0,,,
524,Nightsaver,94,11,1,27,10.95,6.11,0,,,
536,Nightsaver,907,11,2,27,10.95,6.11,0,,,
536,Nightsaver,907,11,1,27,10.95,6.11,0,,,
536,Nightsaver,91,11,2,27,10.95,6.11,0,,,
536,Nightsaver,91,11,1,27,10.95,6.11,0,,,
536,Nightsaver,915,11,2,27,10.95,6.11,0,,,
536,Nightsaver,915,11,1,27,10.95,6.11,0,,,
536,Nightsaver,914,11,2,27,10.95,6.11,0,,,
536,Nightsaver,914,11,1,27,10.95,6.11,0,,,
536,Nightsaver,912,11,2,27,10.95,6.11,0,,,
536,Nightsaver,912,11,1,27,10.95,6.11,0,,,
536,Nightsaver,908,11,2,27,10.95,6.11,0,,,
536,Nightsaver,908,11,1,27,10.95,6.11,0,,,
816,Nightsaver,912,11,2,27,10.95,6.11,0,,,
816,Nightsaver,912,11,1,27,10.95,6.11,0,,,
816,Nightsaver,908,11,2,27,10.95,6.11,0,,,
816,Nightsaver,908,11,1,27,10.95,6.11,0,,,
816,Nightsaver,907,11,2,27,10.95,6.11,0,,,
816,Nightsaver,907,11,1,27,10.95,6.11,0,,,
816,Nightsaver,903,11,2,27,10.95,6.11,0,,,
816,Nightsaver,903,11,1,27,10.95,6.11,0,,,
816,Nightsaver,176,11,2,27,10.95,6.11,0,,,
816,Nightsaver,176,11,1,27,10.95,6.11,0,,,
816,Nightsaver,171,11,2,27,10.95,6.11,0,,,
816,Nightsaver,171,11,1,27,10.95,6.11,0,,,
816,Nightsaver,174,11,2,27,10.95,6.11,0,,,
816,Nightsaver,174,11,1,27,10.95,6.11,0,,,
816,Nightsaver,902,11,2,27,10.95,6.11,0,,,
816,Nightsaver,902,11,1,27,10.95,6.11,0,,,
816,Nightsaver,914,11,2,27,10.95,6.11,0,,,
816,Nightsaver,914,11,1,27,10.95,6.11,0,,,
816,Nightsaver,915,11,2,27,10.95,6.11,0,,,
816,Nightsaver,915,11,1,27,10.95,6.11,0,,,
816,Nightsaver,170,11,2,27,10.95,6.11,0,,,
816,Nightsaver,170,11,1,27,10.95,6.11,0,,,
816,Nightsaver,13,11,2,27,10.95,6.11,0,,,
816,Nightsaver,13,11,1,27,10.95,6.11,0,,,
816,Nightsaver,81,11,2,27,10.95,6.11,0,,,
816,Nightsaver,81,11,1,27,10.95,6.11,0,,,
817,Nightsaver,912,11,2,27,10.95,6.11,0,,,
817,Nightsaver,912,11,1,27,10.95,6.11,0,,,
816,Nightsaver,12,11,2,27,10.95,6.11,0,,,
816,Nightsaver,12,11,1,27,10.95,6.11,0,,,
816,Nightsaver,14,11,2,27,10.95,6.11,0,,,
816,Nightsaver,14,11,1,27,10.95,6.11,0,,,
816,Nightsaver,17,11,2,27,10.95,6.11,0,,,
816,Nightsaver,17,11,1,27,10.95,6.11,0,,,
816,Nightsaver,34,11,2,27,10.95,6.11,0,,,
816,Nightsaver,34,11,1,27,10.95,6.11,0,,,
816,Nightsaver,37,11,2,27,10.95,6.11,0,,,
816,Nightsaver,37,11,1,27,10.95,6.11,0,,,
816,Nightsaver,15,11,2,27,10.95,6.11,0,,,
816,Nightsaver,15,11,1,27,10.95,6.11,0,,,
816,Nightsaver,56,11,2,27,10.95,6.11,0,,,
816,Nightsaver,56,11,1,27,10.95,6.11,0,,,
816,Nightsaver,162,11,2,27,10.95,6.11,0,,,
816,Nightsaver,162,11,1,27,10.95,6.11,0,,,
816,Nightsaver,82,11,2,27,10.95,6.11,0,,,
816,Nightsaver,82,11,1,27,10.95,6.11,0,,,
816,Nightsaver,90,11,2,27,10.95,6.11,0,,,
816,Nightsaver,90,11,1,27,10.95,6.11,0,,,
816,Nightsaver,91,11,2,27,10.95,6.11,0,,,
816,Nightsaver,91,11,1,27,10.95,6.11,0,,,
816,Nightsaver,94,11,2,27,10.95,6.11,0,,,
816,Nightsaver,94,11,1,27,10.95,6.11,0,,,
816,Nightsaver,96,11,2,27,10.95,6.11,0,,,
816,Nightsaver,96,11,1,27,10.95,6.11,0,,,
816,Nightsaver,113,11,2,27,10.95,6.11,0,,,
816,Nightsaver,113,11,1,27,10.95,6.11,0,,,
816,Nightsaver,134,11,2,27,10.95,6.11,0,,,
816,Nightsaver,134,11,1,27,10.95,6.11,0,,,
816,Nightsaver,161,11,2,27,10.95,6.11,0,,,
816,Nightsaver,161,11,1,27,10.95,6.11,0,,,
816,Nightsaver,55,11,2,27,10.95,6.11,0,,,
816,Nightsaver,55,11,1,27,10.95,6.11,0,,,
817,Nightsaver,907,11,2,27,10.95,6.11,0,,,
817,Nightsaver,907,11,1,27,10.95,6.11,0,,,
817,Nightsaver,915,11,2,27,10.95,6.11,0,,,
817,Nightsaver,915,11,1,27,10.95,6.11,0,,,
817,Nightsaver,914,11,2,27,10.95,6.11,0,,,
817,Nightsaver,914,11,1,27,10.95,6.11,0,,,
817,Nightsaver,903,11,2,27,10.95,6.11,0,,,
817,Nightsaver,903,11,1,27,10.95,6.11,0,,,
817,Nightsaver,19,11,2,27,10.95,6.11,0,,,
817,Nightsaver,19,11,1,27,10.95,6.11,0,,,
817,Nightsaver,13,11,2,27,10.95,6.11,0,,,
817,Nightsaver,13,11,1,27,10.95,6.11,0,,,
817,Nightsaver,12,11,2,27,10.95,6.11,0,,,
817,Nightsaver,12,11,1,27,10.95,6.11,0,,,
817,Nightsaver,15,11,2,27,10.95,6.11,0,,,
817,Nightsaver,15,11,1,27,10.95,6.11,0,,,
817,Nightsaver,17,11,2,27,10.95,6.11,0,,,
817,Nightsaver,17,11,1,27,10.95,6.11,0,,,
817,Nightsaver,96,11,2,27,10.95,6.11,0,,,
817,Nightsaver,96,11,1,27,10.95,6.11,0,,,
817,Nightsaver,902,11,2,27,10.95,6.11,0,,,
817,Nightsaver,902,11,1,27,10.95,6.11,0,,,
817,Nightsaver,176,11,2,27,10.95,6.11,0,,,
817,Nightsaver,176,11,1,27,10.95,6.11,0,,,
817,Nightsaver,174,11,2,27,10.95,6.11,0,,,
817,Nightsaver,174,11,1,27,10.95,6.11,0,,,
817,Nightsaver,171,11,2,27,10.95,6.11,0,,,
817,Nightsaver,171,11,1,27,10.95,6.11,0,,,
817,Nightsaver,170,11,2,27,10.95,6.11,0,,,
817,Nightsaver,170,11,1,27,10.95,6.11,0,,,
817,Nightsaver,162,11,2,27,10.95,6.11,0,,,
817,Nightsaver,162,11,1,27,10.95,6.11,0,,,
817,Nightsaver,161,11,2,27,10.95,6.11,0,,,
817,Nightsaver,161,11,1,27,10.95,6.11,0,,,
817,Nightsaver,14,11,2,27,10.95,6.11,0,,,
817,Nightsaver,14,11,1,27,10.95,6.11,0,,,
817,Nightsaver,113,11,2,27,10.95,6.11,0,,,
817,Nightsaver,113,11,1,27,10.95,6.11,0,,,
817,Nightsaver,908,11,2,27,10.95,6.11,0,,,
817,Nightsaver,908,11,1,27,10.95,6.11,0,,,
817,Nightsaver,94,11,2,27,10.95,6.11,0,,,
817,Nightsaver,94,11,1,27,10.95,6.11,0,,,
817,Nightsaver,91,11,2,27,10.95,6.11,0,,,
817,Nightsaver,91,11,1,27,10.95,6.11,0,,,
817,Nightsaver,90,11,2,27,10.95,6.11,0,,,
817,Nightsaver,90,11,1,27,10.95,6.11,0,,,
817,Nightsaver,82,11,2,27,10.95,6.11,0,,,
817,Nightsaver,82,11,1,27,10.95,6.11,0,,,
817,Nightsaver,81,11,2,27,10.95,6.11,0,,,
817,Nightsaver,81,11,1,27,10.95,6.11,0,,,
817,Nightsaver,56,11,2,27,10.95,6.11,0,,,
817,Nightsaver,56,11,1,27,10.95,6.11,0,,,
817,Nightsaver,55,11,2,27,10.95,6.11,0,,,
817,Nightsaver,55,11,1,27,10.95,6.11,0,,,
817,Nightsaver,40,11,2,27,10.95,6.11,0,,,
817,Nightsaver,40,11,1,27,10.95,6.11,0,,,
817,Nightsaver,34,11,2,27,10.95,6.11,0,,,
817,Nightsaver,34,11,1,27,10.95,6.11,0,,,
817,Nightsaver,134,11,2,27,10.95,6.11,0,,,
817,Nightsaver,134,11,1,27,10.95,6.11,0,,,
817,Nightsaver,37,11,2,27,10.95,6.11,0,,,
817,Nightsaver,37,11,1,27,10.95,6.11,0,,,
19,Nightsaver,81,11,2,27,10.95,6.11,0,,,
19,Nightsaver,81,11,1,27,10.95,6.11,0,,,
537,Nightsaver,904,11,2,27,10.95,6.11,0,,,
537,Nightsaver,904,11,1,27,10.95,6.11,0,,,
12,Nightsaver,83,11,2,27,10.95,6.11,0,,,
12,Nightsaver,83,11,1,27,10.95,6.11,0,,,
12,Nightsaver,90,11,2,27,10.95,6.11,0,,,
12,Nightsaver,90,11,1,27,10.95,6.11,0,,,
12,Nightsaver,91,11,2,27,10.95,6.11,0,,,
12,Nightsaver,91,11,1,27,10.95,6.11,0,,,
12,Nightsaver,917,11,2,27,10.95,6.11,0,,,
12,Nightsaver,917,11,1,27,10.95,6.11,0,,,
12,Nightsaver,910,11,2,27,10.95,6.11,0,,,
12,Nightsaver,910,11,1,27,10.95,6.11,0,,,
12,Nightsaver,911,11,2,27,10.95,6.11,0,,,
12,Nightsaver,911,11,1,27,10.95,6.11,0,,,
537,Nightsaver,163,11,2,27,10.95,6.11,0,,,
537,Nightsaver,163,11,1,27,10.95,6.11,0,,,
537,Nightsaver,164,11,2,27,10.95,6.11,0,,,
537,Nightsaver,164,11,1,27,10.95,6.11,0,,,
12,Nightsaver,913,11,2,27,10.95,6.11,0,,,
12,Nightsaver,913,11,1,27,10.95,6.11,0,,,
537,Nightsaver,906,11,2,27,10.95,6.11,0,,,
537,Nightsaver,906,11,1,27,10.95,6.11,0,,,
537,Nightsaver,172,11,2,27,10.95,6.11,0,,,
537,Nightsaver,172,11,1,27,10.95,6.11,0,,,
12,Nightsaver,81,11,2,27,10.95,6.11,0,,,
12,Nightsaver,81,11,1,27,10.95,6.11,0,,,
537,Nightsaver,173,11,2,27,10.95,6.11,0,,,
537,Nightsaver,173,11,1,27,10.95,6.11,0,,,
537,Nightsaver,175,11,2,27,10.95,6.11,0,,,
537,Nightsaver,175,11,1,27,10.95,6.11,0,,,
537,Nightsaver,177,11,2,27,10.95,6.11,0,,,
537,Nightsaver,177,11,1,27,10.95,6.11,0,,,
537,Nightsaver,905,11,2,27,10.95,6.11,0,,,
537,Nightsaver,905,11,1,27,10.95,6.11,0,,,
537,Nightsaver,83,11,2,27,10.95,6.11,0,,,
537,Nightsaver,83,11,1,27,10.95,6.11,0,,,
12,Nightsaver,84,11,2,27,10.95,6.11,0,,,
12,Nightsaver,84,11,1,27,10.95,6.11,0,,,
12,Nightsaver,916,11,2,27,10.95,6.11,0,,,
12,Nightsaver,916,11,1,27,10.95,6.11,0,,,
525,Nightsaver,91,11,2,27,10.95,6.11,0,,,
525,Nightsaver,91,11,1,27,10.95,6.11,0,,,
537,Nightsaver,910,11,2,27,10.95,6.11,0,,,
537,Nightsaver,910,11,1,27,10.95,6.11,0,,,
525,Nightsaver,172,11,2,27,10.95,6.11,0,,,
525,Nightsaver,172,11,1,27,10.95,6.11,0,,,
525,Nightsaver,164,11,2,27,10.95,6.11,0,,,
525,Nightsaver,164,11,1,27,10.95,6.11,0,,,
525,Nightsaver,163,11,2,27,10.95,6.11,0,,,
525,Nightsaver,163,11,1,27,10.95,6.11,0,,,
525,Nightsaver,97,11,2,27,10.95,6.11,0,,,
525,Nightsaver,97,11,1,27,10.95,6.11,0,,,
525,Nightsaver,95,11,2,27,10.95,6.11,0,,,
525,Nightsaver,95,11,1,27,10.95,6.11,0,,,
525,Nightsaver,175,11,2,27,10.95,6.11,0,,,
525,Nightsaver,175,11,1,27,10.95,6.11,0,,,
525,Nightsaver,92,11,2,27,10.95,6.11,0,,,
525,Nightsaver,92,11,1,27,10.95,6.11,0,,,
525,Nightsaver,177,11,2,27,10.95,6.11,0,,,
525,Nightsaver,177,11,1,27,10.95,6.11,0,,,
525,Nightsaver,90,11,2,27,10.95,6.11,0,,,
525,Nightsaver,90,11,1,27,10.95,6.11,0,,,
525,Nightsaver,84,11,2,27,10.95,6.11,0,,,
525,Nightsaver,84,11,1,27,10.95,6.11,0,,,
525,Nightsaver,83,11,2,27,10.95,6.11,0,,,
525,Nightsaver,83,11,1,27,10.95,6.11,0,,,
525,Nightsaver,82,11,2,27,10.95,6.11,0,,,
525,Nightsaver,82,11,1,27,10.95,6.11,0,,,
525,Nightsaver,81,11,2,27,10.95,6.11,0,,,
525,Nightsaver,81,11,1,27,10.95,6.11,0,,,
537,Nightsaver,917,11,2,27,10.95,6.11,0,,,
537,Nightsaver,917,11,1,27,10.95,6.11,0,,,
525,Nightsaver,93,11,2,27,10.95,6.11,0,,,
525,Nightsaver,93,11,1,27,10.95,6.11,0,,,
525,Nightsaver,913,11,2,27,10.95,6.11,0,,,
525,Nightsaver,913,11,1,27,10.95,6.11,0,,,
537,Nightsaver,909,11,2,27,10.95,6.11,0,,,
537,Nightsaver,909,11,1,27,10.95,6.11,0,,,
12,Nightsaver,909,11,2,27,10.95,6.11,0,,,
12,Nightsaver,909,11,1,27,10.95,6.11,0,,,
537,Nightsaver,911,11,2,27,10.95,6.11,0,,,
537,Nightsaver,911,11,1,27,10.95,6.11,0,,,
12,Nightsaver,82,11,2,27,10.95,6.11,0,,,
12,Nightsaver,82,11,1,27,10.95,6.11,0,,,
537,Nightsaver,913,11,2,27,10.95,6.11,0,,,
537,Nightsaver,913,11,1,27,10.95,6.11,0,,,
537,Nightsaver,916,11,2,27,10.95,6.11,0,,,
537,Nightsaver,916,11,1,27,10.95,6.11,0,,,
525,Nightsaver,173,11,2,27,10.95,6.11,0,,,
525,Nightsaver,173,11,1,27,10.95,6.11,0,,,
525,Nightsaver,916,11,2,27,10.95,6.11,0,,,
525,Nightsaver,916,11,1,27,10.95,6.11,0,,,
537,Nightsaver,84,11,2,27,10.95,6.11,0,,,
537,Nightsaver,84,11,1,27,10.95,6.11,0,,,
525,Nightsaver,911,11,2,27,10.95,6.11,0,,,
525,Nightsaver,911,11,1,27,10.95,6.11,0,,,
525,Nightsaver,910,11,2,27,10.95,6.11,0,,,
525,Nightsaver,910,11,1,27,10.95,6.11,0,,,
525,Nightsaver,909,11,2,27,10.95,6.11,0,,,
525,Nightsaver,909,11,1,27,10.95,6.11,0,,,
525,Nightsaver,906,11,2,27,10.95,6.11,0,,,
525,Nightsaver,906,11,1,27,10.95,6.11,0,,,
525,Nightsaver,905,11,2,27,10.95,6.11,0,,,
525,Nightsaver,905,11,1,27,10.95,6.11,0,,,
525,Nightsaver,904,11,2,27,10.95,6.11,0,,,
525,Nightsaver,904,11,1,27,10.95,6.11,0,,,
525,Nightsaver,917,11,2,27,10.95,6.11,0,,,
525,Nightsaver,917,11,1,27,10.95,6.11,0,,,
537,Nightsaver,91,11,2,27,10.95,6.11,0,,,
537,Nightsaver,91,11,1,27,10.95,6.11,0,,,
19,Nightsaver,91,11,2,27,10.95,6.11,0,,,
19,Nightsaver,91,11,1,27,10.95,6.11,0,,,
19,Nightsaver,905,11,2,27,10.95,6.11,0,,,
19,Nightsaver,905,11,1,27,10.95,6.11,0,,,
19,Nightsaver,904,11,2,27,10.95,6.11,0,,,
19,Nightsaver,904,11,1,27,10.95,6.11,0,,,
19,Nightsaver,177,11,2,27,10.95,6.11,0,,,
19,Nightsaver,177,11,1,27,10.95,6.11,0,,,
19,Nightsaver,175,11,2,27,10.95,6.11,0,,,
19,Nightsaver,175,11,1,27,10.95,6.11,0,,,
19,Nightsaver,173,11,2,27,10.95,6.11,0,,,
19,Nightsaver,173,11,1,27,10.95,6.11,0,,,
19,Nightsaver,906,11,2,27,10.95,6.11,0,,,
19,Nightsaver,906,11,1,27,10.95,6.11,0,,,
19,Nightsaver,163,11,2,27,10.95,6.11,0,,,
19,Nightsaver,163,11,1,27,10.95,6.11,0,,,
19,Nightsaver,909,11,2,27,10.95,6.11,0,,,
19,Nightsaver,909,11,1,27,10.95,6.11,0,,,
537,Nightsaver,81,11,2,27,10.95,6.11,0,,,
537,Nightsaver,81,11,1,27,10.95,6.11,0,,,
537,Nightsaver,82,11,2,27,10.95,6.11,0,,,
537,Nightsaver,82,11,1,27,10.95,6.11,0,,,
19,Nightsaver,97,11,2,27,10.95,6.11,0,,,
19,Nightsaver,97,11,1,27,10.95,6.11,0,,,
19,Nightsaver,95,11,2,27,10.95,6.11,0,,,
19,Nightsaver,95,11,1,27,10.95,6.11,0,,,
19,Nightsaver,93,11,2,27,10.95,6.11,0,,,
19,Nightsaver,93,11,1,27,10.95,6.11,0,,,
19,Nightsaver,92,11,2,27,10.95,6.11,0,,,
19,Nightsaver,92,11,1,27,10.95,6.11,0,,,
19,Nightsaver,172,11,2,27,10.95,6.11,0,,,
19,Nightsaver,172,11,1,27,10.95,6.11,0,,,
537,Nightsaver,95,11,2,27,10.95,6.11,0,,,
537,Nightsaver,95,11,1,27,10.95,6.11,0,,,
12,Nightsaver,95,11,2,27,10.95,6.11,0,,,
12,Nightsaver,95,11,1,27,10.95,6.11,0,,,
12,Nightsaver,97,11,2,27,10.95,6.11,0,,,
12,Nightsaver,97,11,1,27,10.95,6.11,0,,,
12,Nightsaver,163,11,2,27,10.95,6.11,0,,,
12,Nightsaver,163,11,1,27,10.95,6.11,0,,,
12,Nightsaver,164,11,2,27,10.95,6.11,0,,,
12,Nightsaver,164,11,1,27,10.95,6.11,0,,,
12,Nightsaver,906,11,2,27,10.95,6.11,0,,,
12,Nightsaver,906,11,1,27,10.95,6.11,0,,,
537,Nightsaver,92,11,2,27,10.95,6.11,0,,,
537,Nightsaver,92,11,1,27,10.95,6.11,0,,,
12,Nightsaver,93,11,2,27,10.95,6.11,0,,,
12,Nightsaver,93,11,1,27,10.95,6.11,0,,,
537,Nightsaver,93,11,2,27,10.95,6.11,0,,,
537,Nightsaver,93,11,1,27,10.95,6.11,0,,,
12,Nightsaver,92,11,2,27,10.95,6.11,0,,,
12,Nightsaver,92,11,1,27,10.95,6.11,0,,,
537,Nightsaver,97,11,2,27,10.95,6.11,0,,,
537,Nightsaver,97,11,1,27,10.95,6.11,0,,,
19,Nightsaver,917,11,2,27,10.95,6.11,0,,,
19,Nightsaver,917,11,1,27,10.95,6.11,0,,,
19,Nightsaver,916,11,2,27,10.95,6.11,0,,,
19,Nightsaver,916,11,1,27,10.95,6.11,0,,,
19,Nightsaver,913,11,2,27,10.95,6.11,0,,,
19,Nightsaver,913,11,1,27,10.95,6.11,0,,,
19,Nightsaver,911,11,2,27,10.95,6.11,0,,,
19,Nightsaver,911,11,1,27,10.95,6.11,0,,,
19,Nightsaver,910,11,2,27,10.95,6.11,0,,,
19,Nightsaver,910,11,1,27,10.95,6.11,0,,,
12,Nightsaver,172,11,2,27,10.95,6.11,0,,,
12,Nightsaver,172,11,1,27,10.95,6.11,0,,,
12,Nightsaver,904,11,2,27,10.95,6.11,0,,,
12,Nightsaver,904,11,1,27,10.95,6.11,0,,,
537,Nightsaver,90,11,2,27,10.95,6.11,0,,,
537,Nightsaver,90,11,1,27,10.95,6.11,0,,,
12,Nightsaver,173,11,2,27,10.95,6.11,0,,,
12,Nightsaver,173,11,1,27,10.95,6.11,0,,,
19,Nightsaver,164,11,2,27,10.95,6.11,0,,,
19,Nightsaver,164,11,1,27,10.95,6.11,0,,,
19,Nightsaver,84,11,2,27,10.95,6.11,0,,,
19,Nightsaver,84,11,1,27,10.95,6.11,0,,,
12,Nightsaver,175,11,2,27,10.95,6.11,0,,,
12,Nightsaver,175,11,1,27,10.95,6.11,0,,,
12,Nightsaver,177,11,2,27,10.95,6.11,0,,,
12,Nightsaver,177,11,1,27,10.95,6.11,0,,,
19,Nightsaver,90,11,2,27,10.95,6.11,0,,,
19,Nightsaver,90,11,1,27,10.95,6.11,0,,,
19,Nightsaver,83,11,2,27,10.95,6.11,0,,,
19,Nightsaver,83,11,1,27,10.95,6.11,0,,,
19,Nightsaver,82,11,2,27,10.95,6.11,0,,,
19,Nightsaver,82,11,1,27,10.95,6.11,0,,,
12,Nightsaver,905,11,2,27,10.95,6.11,0,,,
12,Nightsaver,905,11,1,27,10.95,6.11,0,,,
529,Flexirate 2,113,11,2,27,10.95,0,9.64,,,
529,Flexirate 2,113,11,1,27,10.95,0,9.64,,,
538,Flexirate 2,143,11,2,27,10.95,0,9.64,,,
538,Flexirate 2,143,11,1,27,10.95,0,9.64,,,
529,Flexirate 2,15,11,2,27,10.95,0,9.64,,,
529,Flexirate 2,15,11,1,27,10.95,0,9.64,,,
529,Flexirate 2,122,11,2,27,10.95,0,9.64,,,
529,Flexirate 2,122,11,1,27,10.95,0,9.64,,,
529,Flexirate 2,134,11,2,27,10.95,0,9.64,,,
529,Flexirate 2,134,11,1,27,10.95,0,9.64,,,
529,Flexirate 2,143,11,2,27,10.95,0,9.64,,,
529,Flexirate 2,143,11,1,27,10.95,0,9.64,,,
529,Flexirate 2,22,11,2,27,10.95,0,9.64,,,
529,Flexirate 2,22,11,1,27,10.95,0,9.64,,,
529,Flexirate 2,17,11,2,27,10.95,0,9.64,,,
529,Flexirate 2,17,11,1,27,10.95,0,9.64,,,
529,Flexirate 2,14,11,2,27,10.95,0,9.64,,,
529,Flexirate 2,14,11,1,27,10.95,0,9.64,,,
529,Flexirate 2,13,11,2,27,10.95,0,9.64,,,
529,Flexirate 2,13,11,1,27,10.95,0,9.64,,,
529,Flexirate 2,12,11,2,27,10.95,0,9.64,,,
529,Flexirate 2,12,11,1,27,10.95,0,9.64,,,
529,Flexirate 2,32,11,2,27,10.95,0,9.64,,,
529,Flexirate 2,32,11,1,27,10.95,0,9.64,,,
538,Flexirate 2,13,11,2,27,10.95,0,9.64,,,
538,Flexirate 2,13,11,1,27,10.95,0,9.64,,,
538,Flexirate 2,12,11,2,27,10.95,0,9.64,,,
538,Flexirate 2,12,11,1,27,10.95,0,9.64,,,
529,Flexirate 2,43,11,2,27,10.95,0,9.64,,,
529,Flexirate 2,43,11,1,27,10.95,0,9.64,,,
529,Flexirate 2,38,11,2,27,10.95,0,9.64,,,
529,Flexirate 2,38,11,1,27,10.95,0,9.64,,,
538,Flexirate 2,113,11,2,27,10.95,0,9.64,,,
538,Flexirate 2,113,11,1,27,10.95,0,9.64,,,
529,Flexirate 2,34,11,2,27,10.95,0,9.64,,,
529,Flexirate 2,34,11,1,27,10.95,0,9.64,,,
538,Flexirate 2,15,11,2,27,10.95,0,9.64,,,
538,Flexirate 2,15,11,1,27,10.95,0,9.64,,,
529,Flexirate 2,30,11,2,27,10.95,0,9.64,,,
529,Flexirate 2,30,11,1,27,10.95,0,9.64,,,
529,Flexirate 2,36,11,2,27,10.95,0,9.64,,,
529,Flexirate 2,36,11,1,27,10.95,0,9.64,,,
538,Flexirate 2,32,11,2,27,10.95,0,9.64,,,
538,Flexirate 2,32,11,1,27,10.95,0,9.64,,,
538,Flexirate 2,122,11,2,27,10.95,0,9.64,,,
538,Flexirate 2,122,11,1,27,10.95,0,9.64,,,
538,Flexirate 2,43,11,2,27,10.95,0,9.64,,,
538,Flexirate 2,43,11,1,27,10.95,0,9.64,,,
538,Flexirate 2,38,11,2,27,10.95,0,9.64,,,
538,Flexirate 2,38,11,1,27,10.95,0,9.64,,,
538,Flexirate 2,36,11,2,27,10.95,0,9.64,,,
538,Flexirate 2,36,11,1,27,10.95,0,9.64,,,
538,Flexirate 2,14,11,2,27,10.95,0,9.64,,,
538,Flexirate 2,14,11,1,27,10.95,0,9.64,,,
538,Flexirate 2,30,11,2,27,10.95,0,9.64,,,
538,Flexirate 2,30,11,1,27,10.95,0,9.64,,,
538,Flexirate 2,22,11,2,27,10.95,0,9.64,,,
538,Flexirate 2,22,11,1,27,10.95,0,9.64,,,
538,Flexirate 2,17,11,2,27,10.95,0,9.64,,,
538,Flexirate 2,17,11,1,27,10.95,0,9.64,,,
538,Flexirate 2,134,11,2,27,10.95,0,9.64,,,
538,Flexirate 2,134,11,1,27,10.95,0,9.64,,,
538,Flexirate 2,34,11,2,27,10.95,0,9.64,,,
538,Flexirate 2,34,11,1,27,10.95,0,9.64,,,
826,Flexirate 2,12,11,2,27,10.95,0,9.64,,,
826,Flexirate 2,12,11,1,27,10.95,0,9.64,,,
826,Flexirate 2,38,11,2,27,10.95,0,9.64,,,
826,Flexirate 2,38,11,1,27,10.95,0,9.64,,,
826,Flexirate 2,36,11,2,27,10.95,0,9.64,,,
826,Flexirate 2,36,11,1,27,10.95,0,9.64,,,
826,Flexirate 2,34,11,2,27,10.95,0,9.64,,,
826,Flexirate 2,34,11,1,27,10.95,0,9.64,,,
826,Flexirate 2,32,11,2,27,10.95,0,9.64,,,
826,Flexirate 2,32,11,1,27,10.95,0,9.64,,,
826,Flexirate 2,30,11,2,27,10.95,0,9.64,,,
826,Flexirate 2,30,11,1,27,10.95,0,9.64,,,
826,Flexirate 2,22,11,2,27,10.95,0,9.64,,,
826,Flexirate 2,22,11,1,27,10.95,0,9.64,,,
826,Flexirate 2,17,11,2,27,10.95,0,9.64,,,
826,Flexirate 2,17,11,1,27,10.95,0,9.64,,,
826,Flexirate 2,15,11,2,27,10.95,0,9.64,,,
826,Flexirate 2,15,11,1,27,10.95,0,9.64,,,
826,Flexirate 2,13,11,2,27,10.95,0,9.64,,,
826,Flexirate 2,13,11,1,27,10.95,0,9.64,,,
826,Flexirate 2,122,11,2,27,10.95,0,9.64,,,
826,Flexirate 2,122,11,1,27,10.95,0,9.64,,,
826,Flexirate 2,14,11,2,27,10.95,0,9.64,,,
826,Flexirate 2,14,11,1,27,10.95,0,9.64,,,
827,Flexirate 2,36,11,2,27,10.95,0,9.64,,,
827,Flexirate 2,36,11,1,27,10.95,0,9.64,,,
826,Flexirate 2,113,11,2,27,10.95,0,9.64,,,
826,Flexirate 2,113,11,1,27,10.95,0,9.64,,,
826,Flexirate 2,43,11,2,27,10.95,0,9.64,,,
826,Flexirate 2,43,11,1,27,10.95,0,9.64,,,
827,Flexirate 2,143,11,2,27,10.95,0,9.64,,,
827,Flexirate 2,143,11,1,27,10.95,0,9.64,,,
827,Flexirate 2,134,11,2,27,10.95,0,9.64,,,
827,Flexirate 2,134,11,1,27,10.95,0,9.64,,,
827,Flexirate 2,122,11,2,27,10.95,0,9.64,,,
827,Flexirate 2,122,11,1,27,10.95,0,9.64,,,
827,Flexirate 2,113,11,2,27,10.95,0,9.64,,,
827,Flexirate 2,113,11,1,27,10.95,0,9.64,,,
827,Flexirate 2,38,11,2,27,10.95,0,9.64,,,
827,Flexirate 2,38,11,1,27,10.95,0,9.64,,,
827,Flexirate 2,34,11,2,27,10.95,0,9.64,,,
827,Flexirate 2,34,11,1,27,10.95,0,9.64,,,
827,Flexirate 2,32,11,2,27,10.95,0,9.64,,,
827,Flexirate 2,32,11,1,27,10.95,0,9.64,,,
826,Flexirate 2,134,11,2,27,10.95,0,9.64,,,
826,Flexirate 2,134,11,1,27,10.95,0,9.64,,,
826,Flexirate 2,143,11,2,27,10.95,0,9.64,,,
826,Flexirate 2,143,11,1,27,10.95,0,9.64,,,
827,Flexirate 2,43,11,2,27,10.95,0,9.64,,,
827,Flexirate 2,43,11,1,27,10.95,0,9.64,,,
827,Flexirate 2,30,11,2,27,10.95,0,9.64,,,
827,Flexirate 2,30,11,1,27,10.95,0,9.64,,,
827,Flexirate 2,12,11,2,27,10.95,0,9.64,,,
827,Flexirate 2,12,11,1,27,10.95,0,9.64,,,
827,Flexirate 2,13,11,2,27,10.95,0,9.64,,,
827,Flexirate 2,13,11,1,27,10.95,0,9.64,,,
827,Flexirate 2,14,11,2,27,10.95,0,9.64,,,
827,Flexirate 2,14,11,1,27,10.95,0,9.64,,,
827,Flexirate 2,15,11,2,27,10.95,0,9.64,,,
827,Flexirate 2,15,11,1,27,10.95,0,9.64,,,
827,Flexirate 2,17,11,2,27,10.95,0,9.64,,,
827,Flexirate 2,17,11,1,27,10.95,0,9.64,,,
827,Flexirate 2,22,11,2,27,10.95,0,9.64,,,
827,Flexirate 2,22,11,1,27,10.95,0,9.64,,,
530,Flexirate 3,44,11,2,27,11.26,6.11,10.42,,,
530,Flexirate 3,44,11,1,27,11.26,6.11,10.42,,,
530,Flexirate 3,48,11,2,27,11.26,6.11,10.42,,,
530,Flexirate 3,48,11,1,27,11.26,6.11,10.42,,,
530,Flexirate 3,49,11,2,27,11.26,6.11,10.42,,,
530,Flexirate 3,49,11,1,27,11.26,6.11,10.42,,,
530,Flexirate 3,52,11,2,27,11.26,6.11,10.42,,,
530,Flexirate 3,52,11,1,27,11.26,6.11,10.42,,,
539,Flexirate 3,128,11,2,27,11.26,6.11,10.42,,,
539,Flexirate 3,128,11,1,27,11.26,6.11,10.42,,,
539,Flexirate 3,134,11,2,27,11.26,6.11,10.42,,,
539,Flexirate 3,134,11,1,27,11.26,6.11,10.42,,,
530,Flexirate 3,113,11,2,27,11.26,6.11,10.42,,,
530,Flexirate 3,113,11,1,27,11.26,6.11,10.42,,,
530,Flexirate 3,128,11,2,27,11.26,6.11,10.42,,,
530,Flexirate 3,128,11,1,27,11.26,6.11,10.42,,,
530,Flexirate 3,50,11,2,27,11.26,6.11,10.42,,,
530,Flexirate 3,50,11,1,27,11.26,6.11,10.42,,,
530,Flexirate 3,149,11,2,27,11.26,6.11,10.42,,,
530,Flexirate 3,149,11,1,27,11.26,6.11,10.42,,,
530,Flexirate 3,34,11,2,27,11.26,6.11,10.42,,,
530,Flexirate 3,34,11,1,27,11.26,6.11,10.42,,,
539,Flexirate 3,149,11,2,27,11.26,6.11,10.42,,,
539,Flexirate 3,149,11,1,27,11.26,6.11,10.42,,,
530,Flexirate 3,134,11,2,27,11.26,6.11,10.42,,,
530,Flexirate 3,134,11,1,27,11.26,6.11,10.42,,,
539,Flexirate 3,50,11,2,27,11.26,6.11,10.42,,,
539,Flexirate 3,50,11,1,27,11.26,6.11,10.42,,,
539,Flexirate 3,13,11,2,27,11.26,6.11,10.42,,,
539,Flexirate 3,13,11,1,27,11.26,6.11,10.42,,,
539,Flexirate 3,14,11,2,27,11.26,6.11,10.42,,,
539,Flexirate 3,14,11,1,27,11.26,6.11,10.42,,,
539,Flexirate 3,15,11,2,27,11.26,6.11,10.42,,,
539,Flexirate 3,15,11,1,27,11.26,6.11,10.42,,,
539,Flexirate 3,17,11,2,27,11.26,6.11,10.42,,,
539,Flexirate 3,17,11,1,27,11.26,6.11,10.42,,,
539,Flexirate 3,28,11,2,27,11.26,6.11,10.42,,,
539,Flexirate 3,28,11,1,27,11.26,6.11,10.42,,,
539,Flexirate 3,34,11,2,27,11.26,6.11,10.42,,,
539,Flexirate 3,34,11,1,27,11.26,6.11,10.42,,,
539,Flexirate 3,37,11,2,27,11.26,6.11,10.42,,,
539,Flexirate 3,37,11,1,27,11.26,6.11,10.42,,,
539,Flexirate 3,42,11,2,27,11.26,6.11,10.42,,,
539,Flexirate 3,42,11,1,27,11.26,6.11,10.42,,,
539,Flexirate 3,44,11,2,27,11.26,6.11,10.42,,,
539,Flexirate 3,44,11,1,27,11.26,6.11,10.42,,,
530,Flexirate 3,42,11,2,27,11.26,6.11,10.42,,,
530,Flexirate 3,42,11,1,27,11.26,6.11,10.42,,,
539,Flexirate 3,49,11,2,27,11.26,6.11,10.42,,,
539,Flexirate 3,49,11,1,27,11.26,6.11,10.42,,,
530,Flexirate 3,37,11,2,27,11.26,6.11,10.42,,,
530,Flexirate 3,37,11,1,27,11.26,6.11,10.42,,,
539,Flexirate 3,52,11,2,27,11.26,6.11,10.42,,,
539,Flexirate 3,52,11,1,27,11.26,6.11,10.42,,,
539,Flexirate 3,113,11,2,27,11.26,6.11,10.42,,,
539,Flexirate 3,113,11,1,27,11.26,6.11,10.42,,,
530,Flexirate 3,12,11,2,27,11.26,6.11,10.42,,,
530,Flexirate 3,12,11,1,27,11.26,6.11,10.42,,,
530,Flexirate 3,13,11,2,27,11.26,6.11,10.42,,,
530,Flexirate 3,13,11,1,27,11.26,6.11,10.42,,,
530,Flexirate 3,14,11,2,27,11.26,6.11,10.42,,,
530,Flexirate 3,14,11,1,27,11.26,6.11,10.42,,,
530,Flexirate 3,15,11,2,27,11.26,6.11,10.42,,,
530,Flexirate 3,15,11,1,27,11.26,6.11,10.42,,,
530,Flexirate 3,17,11,2,27,11.26,6.11,10.42,,,
530,Flexirate 3,17,11,1,27,11.26,6.11,10.42,,,
530,Flexirate 3,28,11,2,27,11.26,6.11,10.42,,,
530,Flexirate 3,28,11,1,27,11.26,6.11,10.42,,,
539,Flexirate 3,12,11,2,27,11.26,6.11,10.42,,,
539,Flexirate 3,12,11,1,27,11.26,6.11,10.42,,,
539,Flexirate 3,48,11,2,27,11.26,6.11,10.42,,,
539,Flexirate 3,48,11,1,27,11.26,6.11,10.42,,,
829,Flexirate 3,50,11,2,27,11.26,6.11,10.42,,,
829,Flexirate 3,50,11,1,27,11.26,6.11,10.42,,,
829,Flexirate 3,49,11,2,27,11.26,6.11,10.42,,,
829,Flexirate 3,49,11,1,27,11.26,6.11,10.42,,,
829,Flexirate 3,44,11,2,27,11.26,6.11,10.42,,,
829,Flexirate 3,44,11,1,27,11.26,6.11,10.42,,,
829,Flexirate 3,42,11,2,27,11.26,6.11,10.42,,,
829,Flexirate 3,42,11,1,27,11.26,6.11,10.42,,,
829,Flexirate 3,37,11,2,27,11.26,6.11,10.42,,,
829,Flexirate 3,37,11,1,27,11.26,6.11,10.42,,,
829,Flexirate 3,48,11,2,27,11.26,6.11,10.42,,,
829,Flexirate 3,48,11,1,27,11.26,6.11,10.42,,,
829,Flexirate 3,52,11,2,27,11.26,6.11,10.42,,,
829,Flexirate 3,52,11,1,27,11.26,6.11,10.42,,,
829,Flexirate 3,113,11,2,27,11.26,6.11,10.42,,,
829,Flexirate 3,113,11,1,27,11.26,6.11,10.42,,,
829,Flexirate 3,128,11,2,27,11.26,6.11,10.42,,,
829,Flexirate 3,128,11,1,27,11.26,6.11,10.42,,,
829,Flexirate 3,149,11,2,27,11.26,6.11,10.42,,,
829,Flexirate 3,149,11,1,27,11.26,6.11,10.42,,,
828,Flexirate 3,49,11,2,27,11.26,6.11,10.42,,,
828,Flexirate 3,49,11,1,27,11.26,6.11,10.42,,,
829,Flexirate 3,34,11,2,27,11.26,6.11,10.42,,,
829,Flexirate 3,34,11,1,27,11.26,6.11,10.42,,,
829,Flexirate 3,134,11,2,27,11.26,6.11,10.42,,,
829,Flexirate 3,134,11,1,27,11.26,6.11,10.42,,,
828,Flexirate 3,128,11,2,27,11.26,6.11,10.42,,,
828,Flexirate 3,128,11,1,27,11.26,6.11,10.42,,,
828,Flexirate 3,12,11,2,27,11.26,6.11,10.42,,,
828,Flexirate 3,12,11,1,27,11.26,6.11,10.42,,,
828,Flexirate 3,13,11,2,27,11.26,6.11,10.42,,,
828,Flexirate 3,13,11,1,27,11.26,6.11,10.42,,,
828,Flexirate 3,14,11,2,27,11.26,6.11,10.42,,,
828,Flexirate 3,14,11,1,27,11.26,6.11,10.42,,,
828,Flexirate 3,15,11,2,27,11.26,6.11,10.42,,,
828,Flexirate 3,15,11,1,27,11.26,6.11,10.42,,,
828,Flexirate 3,17,11,2,27,11.26,6.11,10.42,,,
828,Flexirate 3,17,11,1,27,11.26,6.11,10.42,,,
828,Flexirate 3,28,11,2,27,11.26,6.11,10.42,,,
828,Flexirate 3,28,11,1,27,11.26,6.11,10.42,,,
828,Flexirate 3,34,11,2,27,11.26,6.11,10.42,,,
828,Flexirate 3,34,11,1,27,11.26,6.11,10.42,,,
828,Flexirate 3,37,11,2,27,11.26,6.11,10.42,,,
828,Flexirate 3,37,11,1,27,11.26,6.11,10.42,,,
828,Flexirate 3,42,11,2,27,11.26,6.11,10.42,,,
828,Flexirate 3,42,11,1,27,11.26,6.11,10.42,,,
828,Flexirate 3,44,11,2,27,11.26,6.11,10.42,,,
828,Flexirate 3,44,11,1,27,11.26,6.11,10.42,,,
828,Flexirate 3,48,11,2,27,11.26,6.11,10.42,,,
828,Flexirate 3,48,11,1,27,11.26,6.11,10.42,,,
828,Flexirate 3,52,11,2,27,11.26,6.11,10.42,,,
828,Flexirate 3,52,11,1,27,11.26,6.11,10.42,,,
828,Flexirate 3,113,11,2,27,11.26,6.11,10.42,,,
828,Flexirate 3,113,11,1,27,11.26,6.11,10.42,,,
829,Flexirate 3,28,11,2,27,11.26,6.11,10.42,,,
829,Flexirate 3,28,11,1,27,11.26,6.11,10.42,,,
828,Flexirate 3,134,11,2,27,11.26,6.11,10.42,,,
828,Flexirate 3,134,11,1,27,11.26,6.11,10.42,,,
828,Flexirate 3,149,11,2,27,11.26,6.11,10.42,,,
828,Flexirate 3,149,11,1,27,11.26,6.11,10.42,,,
829,Flexirate 3,12,11,2,27,11.26,6.11,10.42,,,
829,Flexirate 3,12,11,1,27,11.26,6.11,10.42,,,
829,Flexirate 3,13,11,2,27,11.26,6.11,10.42,,,
829,Flexirate 3,13,11,1,27,11.26,6.11,10.42,,,
829,Flexirate 3,14,11,2,27,11.26,6.11,10.42,,,
829,Flexirate 3,14,11,1,27,11.26,6.11,10.42,,,
829,Flexirate 3,15,11,2,27,11.26,6.11,10.42,,,
829,Flexirate 3,15,11,1,27,11.26,6.11,10.42,,,
829,Flexirate 3,17,11,2,27,11.26,6.11,10.42,,,
829,Flexirate 3,17,11,1,27,11.26,6.11,10.42,,,
828,Flexirate 3,50,11,2,27,11.26,6.11,10.42,,,
828,Flexirate 3,50,11,1,27,11.26,6.11,10.42,,,
25,Flexirate 3,53,11,2,27,11.26,6.11,10.42,,,
25,Flexirate 3,53,11,1,27,11.26,6.11,10.42,,,
25,Flexirate 3,113,11,2,27,11.26,6.11,10.42,,,
25,Flexirate 3,113,11,1,27,11.26,6.11,10.42,,,
25,Flexirate 3,131,11,2,27,11.26,6.11,10.42,,,
25,Flexirate 3,131,11,1,27,11.26,6.11,10.42,,,
546,Flexirate 3,37,11,2,27,11.26,6.11,10.42,,,
546,Flexirate 3,37,11,1,27,11.26,6.11,10.42,,,
552,Flexirate 3,37,11,2,27,11.26,6.11,10.42,,,
552,Flexirate 3,37,11,1,27,11.26,6.11,10.42,,,
552,Flexirate 3,45,11,2,27,11.26,6.11,10.42,,,
552,Flexirate 3,45,11,1,27,11.26,6.11,10.42,,,
552,Flexirate 3,47,11,2,27,11.26,6.11,10.42,,,
552,Flexirate 3,47,11,1,27,11.26,6.11,10.42,,,
546,Flexirate 3,31,11,2,27,11.26,6.11,10.42,,,
546,Flexirate 3,31,11,1,27,11.26,6.11,10.42,,,
25,Flexirate 3,134,11,2,27,11.26,6.11,10.42,,,
25,Flexirate 3,134,11,1,27,11.26,6.11,10.42,,,
546,Flexirate 3,15,11,2,27,11.26,6.11,10.42,,,
546,Flexirate 3,15,11,1,27,11.26,6.11,10.42,,,
546,Flexirate 3,14,11,2,27,11.26,6.11,10.42,,,
546,Flexirate 3,14,11,1,27,11.26,6.11,10.42,,,
25,Flexirate 3,152,11,2,27,11.26,6.11,10.42,,,
25,Flexirate 3,152,11,1,27,11.26,6.11,10.42,,,
552,Flexirate 3,134,11,2,27,11.26,6.11,10.42,,,
552,Flexirate 3,134,11,1,27,11.26,6.11,10.42,,,
25,Flexirate 3,52,11,2,27,11.26,6.11,10.42,,,
25,Flexirate 3,52,11,1,27,11.26,6.11,10.42,,,
552,Flexirate 3,13,11,2,27,11.26,6.11,10.42,,,
552,Flexirate 3,13,11,1,27,11.26,6.11,10.42,,,
546,Flexirate 3,34,11,2,27,11.26,6.11,10.42,,,
546,Flexirate 3,34,11,1,27,11.26,6.11,10.42,,,
552,Flexirate 3,12,11,2,27,11.26,6.11,10.42,,,
552,Flexirate 3,12,11,1,27,11.26,6.11,10.42,,,
25,Flexirate 3,14,11,2,27,11.26,6.11,10.42,,,
25,Flexirate 3,14,11,1,27,11.26,6.11,10.42,,,
25,Flexirate 3,12,11,2,27,11.26,6.11,10.42,,,
25,Flexirate 3,12,11,1,27,11.26,6.11,10.42,,,
546,Flexirate 3,45,11,2,27,11.26,6.11,10.42,,,
546,Flexirate 3,45,11,1,27,11.26,6.11,10.42,,,
546,Flexirate 3,17,11,2,27,11.26,6.11,10.42,,,
546,Flexirate 3,17,11,1,27,11.26,6.11,10.42,,,
25,Flexirate 3,15,11,2,27,11.26,6.11,10.42,,,
25,Flexirate 3,15,11,1,27,11.26,6.11,10.42,,,
25,Flexirate 3,17,11,2,27,11.26,6.11,10.42,,,
25,Flexirate 3,17,11,1,27,11.26,6.11,10.42,,,
25,Flexirate 3,31,11,2,27,11.26,6.11,10.42,,,
25,Flexirate 3,31,11,1,27,11.26,6.11,10.42,,,
552,Flexirate 3,31,11,2,27,11.26,6.11,10.42,,,
552,Flexirate 3,31,11,1,27,11.26,6.11,10.42,,,
552,Flexirate 3,51,11,2,27,11.26,6.11,10.42,,,
552,Flexirate 3,51,11,1,27,11.26,6.11,10.42,,,
552,Flexirate 3,17,11,2,27,11.26,6.11,10.42,,,
552,Flexirate 3,17,11,1,27,11.26,6.11,10.42,,,
25,Flexirate 3,51,11,2,27,11.26,6.11,10.42,,,
25,Flexirate 3,51,11,1,27,11.26,6.11,10.42,,,
25,Flexirate 3,34,11,2,27,11.26,6.11,10.42,,,
25,Flexirate 3,34,11,1,27,11.26,6.11,10.42,,,
25,Flexirate 3,37,11,2,27,11.26,6.11,10.42,,,
25,Flexirate 3,37,11,1,27,11.26,6.11,10.42,,,
25,Flexirate 3,45,11,2,27,11.26,6.11,10.42,,,
25,Flexirate 3,45,11,1,27,11.26,6.11,10.42,,,
25,Flexirate 3,13,11,2,27,11.26,6.11,10.42,,,
25,Flexirate 3,13,11,1,27,11.26,6.11,10.42,,,
552,Flexirate 3,52,11,2,27,11.26,6.11,10.42,,,
552,Flexirate 3,52,11,1,27,11.26,6.11,10.42,,,
546,Flexirate 3,12,11,2,27,11.26,6.11,10.42,,,
546,Flexirate 3,12,11,1,27,11.26,6.11,10.42,,,
546,Flexirate 3,13,11,2,27,11.26,6.11,10.42,,,
546,Flexirate 3,13,11,1,27,11.26,6.11,10.42,,,
25,Flexirate 3,47,11,2,27,11.26,6.11,10.42,,,
25,Flexirate 3,47,11,1,27,11.26,6.11,10.42,,,
552,Flexirate 3,34,11,2,27,11.26,6.11,10.42,,,
552,Flexirate 3,34,11,1,27,11.26,6.11,10.42,,,
28,Flexirate 3,47,11,2,27,11.26,6.11,10.42,,,
28,Flexirate 3,47,11,1,27,11.26,6.11,10.42,,,
28,Flexirate 3,13,11,2,27,11.26,6.11,10.42,,,
28,Flexirate 3,13,11,1,27,11.26,6.11,10.42,,,
28,Flexirate 3,14,11,2,27,11.26,6.11,10.42,,,
28,Flexirate 3,14,11,1,27,11.26,6.11,10.42,,,
28,Flexirate 3,15,11,2,27,11.26,6.11,10.42,,,
28,Flexirate 3,15,11,1,27,11.26,6.11,10.42,,,
28,Flexirate 3,17,11,2,27,11.26,6.11,10.42,,,
28,Flexirate 3,17,11,1,27,11.26,6.11,10.42,,,
28,Flexirate 3,31,11,2,27,11.26,6.11,10.42,,,
28,Flexirate 3,31,11,1,27,11.26,6.11,10.42,,,
28,Flexirate 3,34,11,2,27,11.26,6.11,10.42,,,
28,Flexirate 3,34,11,1,27,11.26,6.11,10.42,,,
28,Flexirate 3,12,11,2,27,11.26,6.11,10.42,,,
28,Flexirate 3,12,11,1,27,11.26,6.11,10.42,,,
28,Flexirate 3,45,11,2,27,11.26,6.11,10.42,,,
28,Flexirate 3,45,11,1,27,11.26,6.11,10.42,,,
28,Flexirate 3,51,11,2,27,11.26,6.11,10.42,,,
28,Flexirate 3,51,11,1,27,11.26,6.11,10.42,,,
28,Flexirate 3,52,11,2,27,11.26,6.11,10.42,,,
28,Flexirate 3,52,11,1,27,11.26,6.11,10.42,,,
28,Flexirate 3,113,11,2,27,11.26,6.11,10.42,,,
28,Flexirate 3,113,11,1,27,11.26,6.11,10.42,,,
28,Flexirate 3,131,11,2,27,11.26,6.11,10.42,,,
28,Flexirate 3,131,11,1,27,11.26,6.11,10.42,,,
28,Flexirate 3,134,11,2,27,11.26,6.11,10.42,,,
28,Flexirate 3,134,11,1,27,11.26,6.11,10.42,,,
28,Flexirate 3,152,11,2,27,11.26,6.11,10.42,,,
28,Flexirate 3,152,11,1,27,11.26,6.11,10.42,,,
546,Flexirate 3,47,11,2,27,11.26,6.11,10.42,,,
546,Flexirate 3,47,11,1,27,11.26,6.11,10.42,,,
28,Flexirate 3,37,11,2,27,11.26,6.11,10.42,,,
28,Flexirate 3,37,11,1,27,11.26,6.11,10.42,,,
552,Flexirate 3,15,11,2,27,11.26,6.11,10.42,,,
552,Flexirate 3,15,11,1,27,11.26,6.11,10.42,,,
552,Flexirate 3,152,11,2,27,11.26,6.11,10.42,,,
552,Flexirate 3,152,11,1,27,11.26,6.11,10.42,,,
28,Flexirate 3,53,11,2,27,11.26,6.11,10.42,,,
28,Flexirate 3,53,11,1,27,11.26,6.11,10.42,,,
546,Flexirate 3,131,11,2,27,11.26,6.11,10.42,,,
546,Flexirate 3,131,11,1,27,11.26,6.11,10.42,,,
546,Flexirate 3,134,11,2,27,11.26,6.11,10.42,,,
546,Flexirate 3,134,11,1,27,11.26,6.11,10.42,,,
546,Flexirate 3,52,11,2,27,11.26,6.11,10.42,,,
546,Flexirate 3,52,11,1,27,11.26,6.11,10.42,,,
546,Flexirate 3,53,11,2,27,11.26,6.11,10.42,,,
546,Flexirate 3,53,11,1,27,11.26,6.11,10.42,,,
546,Flexirate 3,113,11,2,27,11.26,6.11,10.42,,,
546,Flexirate 3,113,11,1,27,11.26,6.11,10.42,,,
552,Flexirate 3,131,11,2,27,11.26,6.11,10.42,,,
552,Flexirate 3,131,11,1,27,11.26,6.11,10.42,,,
552,Flexirate 3,14,11,2,27,11.26,6.11,10.42,,,
552,Flexirate 3,14,11,1,27,11.26,6.11,10.42,,,
552,Flexirate 3,113,11,2,27,11.26,6.11,10.42,,,
552,Flexirate 3,113,11,1,27,11.26,6.11,10.42,,,
552,Flexirate 3,53,11,2,27,11.26,6.11,10.42,,,
552,Flexirate 3,53,11,1,27,11.26,6.11,10.42,,,
546,Flexirate 3,51,11,2,27,11.26,6.11,10.42,,,
546,Flexirate 3,51,11,1,27,11.26,6.11,10.42,,,
546,Flexirate 3,152,11,2,27,11.26,6.11,10.42,,,
546,Flexirate 3,152,11,1,27,11.26,6.11,10.42,,,
152,Nightsaver,9,11,2,27,10.95,6.11,0,,,
152,Nightsaver,9,11,1,27,10.95,6.11,0,,,
112,Nightsaver,2,11,2,27,10.95,6.11,0,,,
112,Nightsaver,2,11,1,27,10.95,6.11,0,,,
544,Nightsaver,105,11,2,27,10.95,6.11,0,,,
544,Nightsaver,105,11,1,27,10.95,6.11,0,,,
108,Nightsaver,2,11,2,27,10.95,6.11,0,,,
108,Nightsaver,2,11,1,27,10.95,6.11,0,,,
650,Nightsaver,9,11,2,27,10.95,6.11,0,,,
650,Nightsaver,9,11,1,27,10.95,6.11,0,,,
23,Nightsaver,5,11,2,27,10.95,6.11,0,,,
23,Nightsaver,5,11,1,27,10.95,6.11,0,,,
615,Nightsaver,2,11,2,27,10.95,6.11,0,,,
615,Nightsaver,2,11,1,27,10.95,6.11,0,,,
26,Nightsaver,101,11,2,27,10.95,6.11,0,,,
26,Nightsaver,101,11,1,27,10.95,6.11,0,,,
26,Nightsaver,105,11,2,27,10.95,6.11,0,,,
26,Nightsaver,105,11,1,27,10.95,6.11,0,,,
108,Nightsaver,9,11,2,27,10.95,6.11,0,,,
108,Nightsaver,9,11,1,27,10.95,6.11,0,,,
26,Nightsaver,1,11,2,27,10.95,6.11,0,,,
26,Nightsaver,1,11,1,27,10.95,6.11,0,,,
26,Nightsaver,3,11,2,27,10.95,6.11,0,,,
26,Nightsaver,3,11,1,27,10.95,6.11,0,,,
550,Nightsaver,1,11,2,27,10.95,6.11,0,,,
550,Nightsaver,1,11,1,27,10.95,6.11,0,,,
112,Nightsaver,3,11,2,27,10.95,6.11,0,,,
112,Nightsaver,3,11,1,27,10.95,6.11,0,,,
615,Nightsaver,9,11,2,27,10.95,6.11,0,,,
615,Nightsaver,9,11,1,27,10.95,6.11,0,,,
650,Nightsaver,3,11,2,27,10.95,6.11,0,,,
650,Nightsaver,3,11,1,27,10.95,6.11,0,,,
544,Nightsaver,101,11,2,27,10.95,6.11,0,,,
544,Nightsaver,101,11,1,27,10.95,6.11,0,,,
544,Nightsaver,5,11,2,27,10.95,6.11,0,,,
544,Nightsaver,5,11,1,27,10.95,6.11,0,,,
23,Nightsaver,1,11,2,27,10.95,6.11,0,,,
23,Nightsaver,1,11,1,27,10.95,6.11,0,,,
23,Nightsaver,3,11,2,27,10.95,6.11,0,,,
23,Nightsaver,3,11,1,27,10.95,6.11,0,,,
544,Nightsaver,3,11,2,27,10.95,6.11,0,,,
544,Nightsaver,3,11,1,27,10.95,6.11,0,,,
544,Nightsaver,1,11,2,27,10.95,6.11,0,,,
544,Nightsaver,1,11,1,27,10.95,6.11,0,,,
152,Nightsaver,3,11,2,27,10.95,6.11,0,,,
152,Nightsaver,3,11,1,27,10.95,6.11,0,,,
152,Nightsaver,2,11,2,27,10.95,6.11,0,,,
152,Nightsaver,2,11,1,27,10.95,6.11,0,,,
23,Nightsaver,101,11,2,27,10.95,6.11,0,,,
23,Nightsaver,101,11,1,27,10.95,6.11,0,,,
23,Nightsaver,105,11,2,27,10.95,6.11,0,,,
23,Nightsaver,105,11,1,27,10.95,6.11,0,,,
655,Nightsaver,3,11,2,27,10.95,6.11,0,,,
655,Nightsaver,3,11,1,27,10.95,6.11,0,,,
655,Nightsaver,2,11,2,27,10.95,6.11,0,,,
655,Nightsaver,2,11,1,27,10.95,6.11,0,,,
615,Nightsaver,3,11,2,27,10.95,6.11,0,,,
615,Nightsaver,3,11,1,27,10.95,6.11,0,,,
610,Nightsaver,3,11,2,27,10.95,6.11,0,,,
610,Nightsaver,3,11,1,27,10.95,6.11,0,,,
650,Nightsaver,2,11,2,27,10.95,6.11,0,,,
650,Nightsaver,2,11,1,27,10.95,6.11,0,,,
148,Nightsaver,2,11,2,27,10.95,6.11,0,,,
148,Nightsaver,2,11,1,27,10.95,6.11,0,,,
655,Nightsaver,9,11,2,27,10.95,6.11,0,,,
655,Nightsaver,9,11,1,27,10.95,6.11,0,,,
148,Nightsaver,3,11,2,27,10.95,6.11,0,,,
148,Nightsaver,3,11,1,27,10.95,6.11,0,,,
610,Nightsaver,2,11,2,27,10.95,6.11,0,,,
610,Nightsaver,2,11,1,27,10.95,6.11,0,,,
550,Nightsaver,5,11,2,27,10.95,6.11,0,,,
550,Nightsaver,5,11,1,27,10.95,6.11,0,,,
610,Nightsaver,9,11,2,27,10.95,6.11,0,,,
610,Nightsaver,9,11,1,27,10.95,6.11,0,,,
550,Nightsaver,105,11,2,27,10.95,6.11,0,,,
550,Nightsaver,105,11,1,27,10.95,6.11,0,,,
112,Nightsaver,9,11,2,27,10.95,6.11,0,,,
112,Nightsaver,9,11,1,27,10.95,6.11,0,,,
26,Nightsaver,5,11,2,27,10.95,6.11,0,,,
26,Nightsaver,5,11,1,27,10.95,6.11,0,,,
550,Nightsaver,3,11,2,27,10.95,6.11,0,,,
550,Nightsaver,3,11,1,27,10.95,6.11,0,,,
108,Nightsaver,3,11,2,27,10.95,6.11,0,,,
108,Nightsaver,3,11,1,27,10.95,6.11,0,,,
550,Nightsaver,101,11,2,27,10.95,6.11,0,,,
550,Nightsaver,101,11,1,27,10.95,6.11,0,,,
148,Nightsaver,9,11,2,27,10.95,6.11,0,,,
148,Nightsaver,9,11,1,27,10.95,6.11,0,,,
24,Nightsaver,3,11,2,27,10.95,6.11,0,,,
24,Nightsaver,3,11,1,27,10.95,6.11,0,,,
153,Nightsaver,2,11,2,27,10.95,6.11,0,,,
153,Nightsaver,2,11,1,27,10.95,6.11,0,,,
545,Nightsaver,101,11,2,27,10.95,6.11,0,,,
545,Nightsaver,101,11,1,27,10.95,6.11,0,,,
545,Nightsaver,5,11,2,27,10.95,6.11,0,,,
545,Nightsaver,5,11,1,27,10.95,6.11,0,,,
545,Nightsaver,105,11,2,27,10.95,6.11,0,,,
545,Nightsaver,105,11,1,27,10.95,6.11,0,,,
545,Nightsaver,3,11,2,27,10.95,6.11,0,,,
545,Nightsaver,3,11,1,27,10.95,6.11,0,,,
545,Nightsaver,1,11,2,27,10.95,6.11,0,,,
545,Nightsaver,1,11,1,27,10.95,6.11,0,,,
611,Nightsaver,2,11,2,27,10.95,6.11,0,,,
611,Nightsaver,2,11,1,27,10.95,6.11,0,,,
611,Nightsaver,3,11,2,27,10.95,6.11,0,,,
611,Nightsaver,3,11,1,27,10.95,6.11,0,,,
24,Nightsaver,101,11,2,27,10.95,6.11,0,,,
24,Nightsaver,101,11,1,27,10.95,6.11,0,,,
24,Nightsaver,105,11,2,27,10.95,6.11,0,,,
24,Nightsaver,105,11,1,27,10.95,6.11,0,,,
27,Nightsaver,1,11,2,27,10.95,6.11,0,,,
27,Nightsaver,1,11,1,27,10.95,6.11,0,,,
113,Nightsaver,2,11,2,27,10.95,6.11,0,,,
113,Nightsaver,2,11,1,27,10.95,6.11,0,,,
113,Nightsaver,3,11,2,27,10.95,6.11,0,,,
113,Nightsaver,3,11,1,27,10.95,6.11,0,,,
24,Nightsaver,5,11,2,27,10.95,6.11,0,,,
24,Nightsaver,5,11,1,27,10.95,6.11,0,,,
27,Nightsaver,3,11,2,27,10.95,6.11,0,,,
27,Nightsaver,3,11,1,27,10.95,6.11,0,,,
616,Nightsaver,2,11,2,27,10.95,6.11,0,,,
616,Nightsaver,2,11,1,27,10.95,6.11,0,,,
616,Nightsaver,3,11,2,27,10.95,6.11,0,,,
616,Nightsaver,3,11,1,27,10.95,6.11,0,,,
616,Nightsaver,9,11,2,27,10.95,6.11,0,,,
616,Nightsaver,9,11,1,27,10.95,6.11,0,,,
611,Nightsaver,9,11,2,27,10.95,6.11,0,,,
611,Nightsaver,9,11,1,27,10.95,6.11,0,,,
551,Nightsaver,105,11,2,27,10.95,6.11,0,,,
551,Nightsaver,105,11,1,27,10.95,6.11,0,,,
149,Nightsaver,3,11,2,27,10.95,6.11,0,,,
149,Nightsaver,3,11,1,27,10.95,6.11,0,,,
109,Nightsaver,2,11,2,27,10.95,6.11,0,,,
109,Nightsaver,2,11,1,27,10.95,6.11,0,,,
149,Nightsaver,2,11,2,27,10.95,6.11,0,,,
149,Nightsaver,2,11,1,27,10.95,6.11,0,,,
651,Nightsaver,2,11,2,27,10.95,6.11,0,,,
651,Nightsaver,2,11,1,27,10.95,6.11,0,,,
149,Nightsaver,9,11,2,27,10.95,6.11,0,,,
149,Nightsaver,9,11,1,27,10.95,6.11,0,,,
656,Nightsaver,9,11,2,27,10.95,6.11,0,,,
656,Nightsaver,9,11,1,27,10.95,6.11,0,,,
656,Nightsaver,3,11,2,27,10.95,6.11,0,,,
656,Nightsaver,3,11,1,27,10.95,6.11,0,,,
651,Nightsaver,3,11,2,27,10.95,6.11,0,,,
651,Nightsaver,3,11,1,27,10.95,6.11,0,,,
551,Nightsaver,101,11,2,27,10.95,6.11,0,,,
551,Nightsaver,101,11,1,27,10.95,6.11,0,,,
109,Nightsaver,9,11,2,27,10.95,6.11,0,,,
109,Nightsaver,9,11,1,27,10.95,6.11,0,,,
27,Nightsaver,5,11,2,27,10.95,6.11,0,,,
27,Nightsaver,5,11,1,27,10.95,6.11,0,,,
551,Nightsaver,3,11,2,27,10.95,6.11,0,,,
551,Nightsaver,3,11,1,27,10.95,6.11,0,,,
109,Nightsaver,3,11,2,27,10.95,6.11,0,,,
109,Nightsaver,3,11,1,27,10.95,6.11,0,,,
651,Nightsaver,9,11,2,27,10.95,6.11,0,,,
651,Nightsaver,9,11,1,27,10.95,6.11,0,,,
113,Nightsaver,9,11,2,27,10.95,6.11,0,,,
113,Nightsaver,9,11,1,27,10.95,6.11,0,,,
551,Nightsaver,1,11,2,27,10.95,6.11,0,,,
551,Nightsaver,1,11,1,27,10.95,6.11,0,,,
27,Nightsaver,101,11,2,27,10.95,6.11,0,,,
27,Nightsaver,101,11,1,27,10.95,6.11,0,,,
551,Nightsaver,5,11,2,27,10.95,6.11,0,,,
551,Nightsaver,5,11,1,27,10.95,6.11,0,,,
27,Nightsaver,105,11,2,27,10.95,6.11,0,,,
27,Nightsaver,105,11,1,27,10.95,6.11,0,,,
24,Nightsaver,1,11,2,27,10.95,6.11,0,,,
24,Nightsaver,1,11,1,27,10.95,6.11,0,,,
153,Nightsaver,3,11,2,27,10.95,6.11,0,,,
153,Nightsaver,3,11,1,27,10.95,6.11,0,,,
153,Nightsaver,9,11,2,27,10.95,6.11,0,,,
153,Nightsaver,9,11,1,27,10.95,6.11,0,,,
656,Nightsaver,2,11,2,27,10.95,6.11,0,,,
656,Nightsaver,2,11,1,27,10.95,6.11,0,,,
500,Baserate,165,11,2,27,10.3,0,0,,,
500,Baserate,165,11,1,27,10.3,0,0,,,
500,Baserate,17,11,2,27,10.3,0,0,,,
500,Baserate,17,11,1,27,10.3,0,0,,,
500,Baserate,34,11,2,27,10.3,0,0,,,
500,Baserate,34,11,1,27,10.3,0,0,,,
500,Baserate,81,11,2,27,10.3,0,0,,,
500,Baserate,81,11,1,27,10.3,0,0,,,
500,Baserate,85,11,2,27,10.3,0,0,,,
500,Baserate,85,11,1,27,10.3,0,0,,,
500,Baserate,90,11,2,27,10.3,0,0,,,
500,Baserate,90,11,1,27,10.3,0,0,,,
500,Baserate,98,11,2,27,10.3,0,0,,,
500,Baserate,98,11,1,27,10.3,0,0,,,
500,Baserate,99,11,2,27,10.3,0,0,,,
500,Baserate,99,11,1,27,10.3,0,0,,,
500,Baserate,101,11,2,27,10.3,0,0,,,
500,Baserate,101,11,1,27,10.3,0,0,,,
500,Baserate,134,11,2,27,10.3,0,0,,,
500,Baserate,134,11,1,27,10.3,0,0,,,
500,Baserate,178,11,2,27,10.3,0,0,,,
500,Baserate,178,11,1,27,10.3,0,0,,,
500,Baserate,179,11,2,27,10.3,0,0,,,
500,Baserate,179,11,1,27,10.3,0,0,,,
500,Baserate,953,11,2,27,10.3,0,0,,,
500,Baserate,953,11,1,27,10.3,0,0,,,
500,Baserate,954,11,2,27,10.3,0,0,,,
500,Baserate,954,11,1,27,10.3,0,0,,,
500,Baserate,955,11,2,27,10.3,0,0,,,
500,Baserate,955,11,1,27,10.3,0,0,,,
500,Baserate,13,11,2,27,10.3,0,0,,,
500,Baserate,13,11,1,27,10.3,0,0,,,
500,Baserate,12,11,2,27,10.3,0,0,,,
500,Baserate,12,11,1,27,10.3,0,0,,,
500,Baserate,15,11,2,27,10.3,0,0,,,
500,Baserate,15,11,1,27,10.3,0,0,,,
500,Baserate,1,11,2,27,10.3,0,0,,,
500,Baserate,1,11,1,27,10.3,0,0,,,
500,Baserate,113,11,2,27,10.3,0,0,,,
500,Baserate,113,11,1,27,10.3,0,0,,,
500,Baserate,14,11,2,27,10.3,0,0,,,
500,Baserate,14,11,1,27,10.3,0,0,,,
661,Baserate,134,11,2,27,10.3,0,0,,,
661,Baserate,134,11,1,27,10.3,0,0,,,
661,Baserate,34,11,2,27,10.3,0,0,,,
661,Baserate,34,11,1,27,10.3,0,0,,,
661,Baserate,955,11,2,27,10.3,0,0,,,
661,Baserate,955,11,1,27,10.3,0,0,,,
661,Baserate,954,11,2,27,10.3,0,0,,,
661,Baserate,954,11,1,27,10.3,0,0,,,
661,Baserate,953,11,2,27,10.3,0,0,,,
661,Baserate,953,11,1,27,10.3,0,0,,,
661,Baserate,179,11,2,27,10.3,0,0,,,
661,Baserate,179,11,1,27,10.3,0,0,,,
661,Baserate,165,11,2,27,10.3,0,0,,,
661,Baserate,165,11,1,27,10.3,0,0,,,
661,Baserate,113,11,2,27,10.3,0,0,,,
661,Baserate,113,11,1,27,10.3,0,0,,,
661,Baserate,101,11,2,27,10.3,0,0,,,
661,Baserate,101,11,1,27,10.3,0,0,,,
661,Baserate,99,11,2,27,10.3,0,0,,,
661,Baserate,99,11,1,27,10.3,0,0,,,
661,Baserate,98,11,2,27,10.3,0,0,,,
661,Baserate,98,11,1,27,10.3,0,0,,,
661,Baserate,90,11,2,27,10.3,0,0,,,
661,Baserate,90,11,1,27,10.3,0,0,,,
661,Baserate,85,11,2,27,10.3,0,0,,,
661,Baserate,85,11,1,27,10.3,0,0,,,
22,Baserate,14,11,2,27,10.3,0,0,,,
22,Baserate,14,11,1,27,10.3,0,0,,,
661,Baserate,178,11,2,27,10.3,0,0,,,
661,Baserate,178,11,1,27,10.3,0,0,,,
22,Baserate,113,11,2,27,10.3,0,0,,,
22,Baserate,113,11,1,27,10.3,0,0,,,
22,Baserate,1,11,2,27,10.3,0,0,,,
22,Baserate,1,11,1,27,10.3,0,0,,,
22,Baserate,17,11,2,27,10.3,0,0,,,
22,Baserate,17,11,1,27,10.3,0,0,,,
22,Baserate,34,11,2,27,10.3,0,0,,,
22,Baserate,34,11,1,27,10.3,0,0,,,
22,Baserate,81,11,2,27,10.3,0,0,,,
22,Baserate,81,11,1,27,10.3,0,0,,,
22,Baserate,85,11,2,27,10.3,0,0,,,
22,Baserate,85,11,1,27,10.3,0,0,,,
22,Baserate,90,11,2,27,10.3,0,0,,,
22,Baserate,90,11,1,27,10.3,0,0,,,
22,Baserate,98,11,2,27,10.3,0,0,,,
22,Baserate,98,11,1,27,10.3,0,0,,,
22,Baserate,101,11,2,27,10.3,0,0,,,
22,Baserate,101,11,1,27,10.3,0,0,,,
661,Baserate,17,11,2,27,10.3,0,0,,,
661,Baserate,17,11,1,27,10.3,0,0,,,
22,Baserate,134,11,2,27,10.3,0,0,,,
22,Baserate,134,11,1,27,10.3,0,0,,,
22,Baserate,165,11,2,27,10.3,0,0,,,
22,Baserate,165,11,1,27,10.3,0,0,,,
22,Baserate,178,11,2,27,10.3,0,0,,,
22,Baserate,178,11,1,27,10.3,0,0,,,
22,Baserate,179,11,2,27,10.3,0,0,,,
22,Baserate,179,11,1,27,10.3,0,0,,,
22,Baserate,953,11,2,27,10.3,0,0,,,
22,Baserate,953,11,1,27,10.3,0,0,,,
22,Baserate,954,11,2,27,10.3,0,0,,,
22,Baserate,954,11,1,27,10.3,0,0,,,
22,Baserate,955,11,2,27,10.3,0,0,,,
22,Baserate,955,11,1,27,10.3,0,0,,,
22,Baserate,99,11,2,27,10.3,0,0,,,
22,Baserate,99,11,1,27,10.3,0,0,,,
659,Baserate,165,11,2,27,10.3,0,0,,,
659,Baserate,165,11,1,27,10.3,0,0,,,
661,Baserate,81,11,2,27,10.3,0,0,,,
661,Baserate,81,11,1,27,10.3,0,0,,,
659,Baserate,81,11,2,27,10.3,0,0,,,
659,Baserate,81,11,1,27,10.3,0,0,,,
659,Baserate,85,11,2,27,10.3,0,0,,,
659,Baserate,85,11,1,27,10.3,0,0,,,
659,Baserate,90,11,2,27,10.3,0,0,,,
659,Baserate,90,11,1,27,10.3,0,0,,,
659,Baserate,98,11,2,27,10.3,0,0,,,
659,Baserate,98,11,1,27,10.3,0,0,,,
659,Baserate,99,11,2,27,10.3,0,0,,,
659,Baserate,99,11,1,27,10.3,0,0,,,
659,Baserate,101,11,2,27,10.3,0,0,,,
659,Baserate,101,11,1,27,10.3,0,0,,,
659,Baserate,17,11,2,27,10.3,0,0,,,
659,Baserate,17,11,1,27,10.3,0,0,,,
659,Baserate,134,11,2,27,10.3,0,0,,,
659,Baserate,134,11,1,27,10.3,0,0,,,
659,Baserate,15,11,2,27,10.3,0,0,,,
659,Baserate,15,11,1,27,10.3,0,0,,,
659,Baserate,178,11,2,27,10.3,0,0,,,
659,Baserate,178,11,1,27,10.3,0,0,,,
659,Baserate,179,11,2,27,10.3,0,0,,,
659,Baserate,179,11,1,27,10.3,0,0,,,
659,Baserate,953,11,2,27,10.3,0,0,,,
659,Baserate,953,11,1,27,10.3,0,0,,,
659,Baserate,954,11,2,27,10.3,0,0,,,
659,Baserate,954,11,1,27,10.3,0,0,,,
659,Baserate,955,11,2,27,10.3,0,0,,,
659,Baserate,955,11,1,27,10.3,0,0,,,
660,Baserate,2,11,2,27,10.3,0,0,,,
660,Baserate,2,11,1,27,10.3,0,0,,,
660,Baserate,1,11,2,27,10.3,0,0,,,
660,Baserate,1,11,1,27,10.3,0,0,,,
659,Baserate,113,11,2,27,10.3,0,0,,,
659,Baserate,113,11,1,27,10.3,0,0,,,
658,Baserate,1,11,2,27,10.3,0,0,,,
658,Baserate,1,11,1,27,10.3,0,0,,,
661,Baserate,15,11,2,27,10.3,0,0,,,
661,Baserate,15,11,1,27,10.3,0,0,,,
661,Baserate,14,11,2,27,10.3,0,0,,,
661,Baserate,14,11,1,27,10.3,0,0,,,
661,Baserate,13,11,2,27,10.3,0,0,,,
661,Baserate,13,11,1,27,10.3,0,0,,,
661,Baserate,12,11,2,27,10.3,0,0,,,
661,Baserate,12,11,1,27,10.3,0,0,,,
661,Baserate,1,11,2,27,10.3,0,0,,,
661,Baserate,1,11,1,27,10.3,0,0,,,
659,Baserate,34,11,2,27,10.3,0,0,,,
659,Baserate,34,11,1,27,10.3,0,0,,,
22,Baserate,13,11,2,27,10.3,0,0,,,
22,Baserate,13,11,1,27,10.3,0,0,,,
658,Baserate,2,11,2,27,10.3,0,0,,,
658,Baserate,2,11,1,27,10.3,0,0,,,
659,Baserate,1,11,2,27,10.3,0,0,,,
659,Baserate,1,11,1,27,10.3,0,0,,,
659,Baserate,12,11,2,27,10.3,0,0,,,
659,Baserate,12,11,1,27,10.3,0,0,,,
659,Baserate,13,11,2,27,10.3,0,0,,,
659,Baserate,13,11,1,27,10.3,0,0,,,
659,Baserate,14,11,2,27,10.3,0,0,,,
659,Baserate,14,11,1,27,10.3,0,0,,,
156,Baserate,98,11,2,27,10.3,0,0,,,
156,Baserate,98,11,1,27,10.3,0,0,,,
156,Baserate,13,11,2,27,10.3,0,0,,,
156,Baserate,13,11,1,27,10.3,0,0,,,
156,Baserate,953,11,2,27,10.3,0,0,,,
156,Baserate,953,11,1,27,10.3,0,0,,,
156,Baserate,179,11,2,27,10.3,0,0,,,
156,Baserate,179,11,1,27,10.3,0,0,,,
156,Baserate,178,11,2,27,10.3,0,0,,,
156,Baserate,178,11,1,27,10.3,0,0,,,
156,Baserate,165,11,2,27,10.3,0,0,,,
156,Baserate,165,11,1,27,10.3,0,0,,,
156,Baserate,134,11,2,27,10.3,0,0,,,
156,Baserate,134,11,1,27,10.3,0,0,,,
156,Baserate,113,11,2,27,10.3,0,0,,,
156,Baserate,113,11,1,27,10.3,0,0,,,
156,Baserate,955,11,2,27,10.3,0,0,,,
156,Baserate,955,11,1,27,10.3,0,0,,,
156,Baserate,99,11,2,27,10.3,0,0,,,
156,Baserate,99,11,1,27,10.3,0,0,,,
156,Baserate,90,11,2,27,10.3,0,0,,,
156,Baserate,90,11,1,27,10.3,0,0,,,
156,Baserate,85,11,2,27,10.3,0,0,,,
156,Baserate,85,11,1,27,10.3,0,0,,,
156,Baserate,81,11,2,27,10.3,0,0,,,
156,Baserate,81,11,1,27,10.3,0,0,,,
156,Baserate,34,11,2,27,10.3,0,0,,,
156,Baserate,34,11,1,27,10.3,0,0,,,
156,Baserate,17,11,2,27,10.3,0,0,,,
156,Baserate,17,11,1,27,10.3,0,0,,,
156,Baserate,15,11,2,27,10.3,0,0,,,
156,Baserate,15,11,1,27,10.3,0,0,,,
22,Baserate,15,11,2,27,10.3,0,0,,,
22,Baserate,15,11,1,27,10.3,0,0,,,
156,Baserate,101,11,2,27,10.3,0,0,,,
156,Baserate,101,11,1,27,10.3,0,0,,,
156,Baserate,954,11,2,27,10.3,0,0,,,
156,Baserate,954,11,1,27,10.3,0,0,,,
156,Baserate,12,11,2,27,10.3,0,0,,,
156,Baserate,12,11,1,27,10.3,0,0,,,
15,Baserate,178,11,2,27,10.3,0,0,,,
15,Baserate,178,11,1,27,10.3,0,0,,,
156,Baserate,14,11,2,27,10.3,0,0,,,
156,Baserate,14,11,1,27,10.3,0,0,,,
15,Baserate,99,11,2,27,10.3,0,0,,,
15,Baserate,99,11,1,27,10.3,0,0,,,
115,Baserate,2,11,2,27,10.3,0,0,,,
115,Baserate,2,11,1,27,10.3,0,0,,,
115,Baserate,1,11,2,27,10.3,0,0,,,
115,Baserate,1,11,1,27,10.3,0,0,,,
15,Baserate,101,11,2,27,10.3,0,0,,,
15,Baserate,101,11,1,27,10.3,0,0,,,
15,Baserate,113,11,2,27,10.3,0,0,,,
15,Baserate,113,11,1,27,10.3,0,0,,,
15,Baserate,90,11,2,27,10.3,0,0,,,
15,Baserate,90,11,1,27,10.3,0,0,,,
15,Baserate,165,11,2,27,10.3,0,0,,,
15,Baserate,165,11,1,27,10.3,0,0,,,
15,Baserate,85,11,2,27,10.3,0,0,,,
15,Baserate,85,11,1,27,10.3,0,0,,,
15,Baserate,179,11,2,27,10.3,0,0,,,
15,Baserate,179,11,1,27,10.3,0,0,,,
15,Baserate,953,11,2,27,10.3,0,0,,,
15,Baserate,953,11,1,27,10.3,0,0,,,
15,Baserate,954,11,2,27,10.3,0,0,,,
15,Baserate,954,11,1,27,10.3,0,0,,,
15,Baserate,955,11,2,27,10.3,0,0,,,
15,Baserate,955,11,1,27,10.3,0,0,,,
114,Baserate,2,11,2,27,10.3,0,0,,,
114,Baserate,2,11,1,27,10.3,0,0,,,
114,Baserate,1,11,2,27,10.3,0,0,,,
114,Baserate,1,11,1,27,10.3,0,0,,,
22,Baserate,12,11,2,27,10.3,0,0,,,
22,Baserate,12,11,1,27,10.3,0,0,,,
15,Baserate,134,11,2,27,10.3,0,0,,,
15,Baserate,134,11,1,27,10.3,0,0,,,
15,Baserate,1,11,2,27,10.3,0,0,,,
15,Baserate,1,11,1,27,10.3,0,0,,,
156,Baserate,1,11,2,27,10.3,0,0,,,
156,Baserate,1,11,1,27,10.3,0,0,,,
155,Baserate,13,11,2,27,10.3,0,0,,,
155,Baserate,13,11,1,27,10.3,0,0,,,
155,Baserate,2,11,2,27,10.3,0,0,,,
155,Baserate,2,11,1,27,10.3,0,0,,,
155,Baserate,1,11,2,27,10.3,0,0,,,
155,Baserate,1,11,1,27,10.3,0,0,,,
154,Baserate,2,11,2,27,10.3,0,0,,,
154,Baserate,2,11,1,27,10.3,0,0,,,
154,Baserate,1,11,2,27,10.3,0,0,,,
154,Baserate,1,11,1,27,10.3,0,0,,,
15,Baserate,98,11,2,27,10.3,0,0,,,
15,Baserate,98,11,1,27,10.3,0,0,,,
15,Baserate,12,11,2,27,10.3,0,0,,,
15,Baserate,12,11,1,27,10.3,0,0,,,
15,Baserate,13,11,2,27,10.3,0,0,,,
15,Baserate,13,11,1,27,10.3,0,0,,,
15,Baserate,14,11,2,27,10.3,0,0,,,
15,Baserate,14,11,1,27,10.3,0,0,,,
15,Baserate,15,11,2,27,10.3,0,0,,,
15,Baserate,15,11,1,27,10.3,0,0,,,
15,Baserate,17,11,2,27,10.3,0,0,,,
15,Baserate,17,11,1,27,10.3,0,0,,,
15,Baserate,34,11,2,27,10.3,0,0,,,
15,Baserate,34,11,1,27,10.3,0,0,,,
15,Baserate,81,11,2,27,10.3,0,0,,,
15,Baserate,81,11,1,27,10.3,0,0,,,
618,Baserate,1,11,2,27,10.3,0,0,,,
618,Baserate,1,11,1,27,10.3,0,0,,,
603,Baserate,1,11,2,27,10.3,0,0,,,
603,Baserate,1,11,1,27,10.3,0,0,,,
603,Baserate,2,11,2,27,10.3,0,0,,,
603,Baserate,2,11,1,27,10.3,0,0,,,
643,Baserate,1,11,2,27,10.3,0,0,,,
643,Baserate,1,11,1,27,10.3,0,0,,,
643,Baserate,2,11,2,27,10.3,0,0,,,
643,Baserate,2,11,1,27,10.3,0,0,,,
618,Baserate,2,11,2,27,10.3,0,0,,,
618,Baserate,2,11,1,27,10.3,0,0,,,
607,Baserate,2,11,2,27,10.3,0,0,,,
607,Baserate,2,11,1,27,10.3,0,0,,,
647,Baserate,1,11,2,27,10.3,0,0,,,
647,Baserate,1,11,1,27,10.3,0,0,,,
647,Baserate,2,11,2,27,10.3,0,0,,,
647,Baserate,2,11,1,27,10.3,0,0,,,
532,Baserate,955,11,2,27,10.3,0,0,,,
532,Baserate,955,11,1,27,10.3,0,0,,,
532,Baserate,954,11,2,27,10.3,0,0,,,
532,Baserate,954,11,1,27,10.3,0,0,,,
532,Baserate,953,11,2,27,10.3,0,0,,,
532,Baserate,953,11,1,27,10.3,0,0,,,
532,Baserate,179,11,2,27,10.3,0,0,,,
532,Baserate,179,11,1,27,10.3,0,0,,,
532,Baserate,178,11,2,27,10.3,0,0,,,
532,Baserate,178,11,1,27,10.3,0,0,,,
532,Baserate,113,11,2,27,10.3,0,0,,,
532,Baserate,113,11,1,27,10.3,0,0,,,
532,Baserate,165,11,2,27,10.3,0,0,,,
532,Baserate,165,11,1,27,10.3,0,0,,,
532,Baserate,101,11,2,27,10.3,0,0,,,
532,Baserate,101,11,1,27,10.3,0,0,,,
532,Baserate,99,11,2,27,10.3,0,0,,,
532,Baserate,99,11,1,27,10.3,0,0,,,
532,Baserate,98,11,2,27,10.3,0,0,,,
532,Baserate,98,11,1,27,10.3,0,0,,,
532,Baserate,90,11,2,27,10.3,0,0,,,
532,Baserate,90,11,1,27,10.3,0,0,,,
532,Baserate,85,11,2,27,10.3,0,0,,,
532,Baserate,85,11,1,27,10.3,0,0,,,
532,Baserate,81,11,2,27,10.3,0,0,,,
532,Baserate,81,11,1,27,10.3,0,0,,,
532,Baserate,17,11,2,27,10.3,0,0,,,
532,Baserate,17,11,1,27,10.3,0,0,,,
532,Baserate,134,11,2,27,10.3,0,0,,,
532,Baserate,134,11,1,27,10.3,0,0,,,
532,Baserate,15,11,2,27,10.3,0,0,,,
532,Baserate,15,11,1,27,10.3,0,0,,,
532,Baserate,14,11,2,27,10.3,0,0,,,
532,Baserate,14,11,1,27,10.3,0,0,,,
532,Baserate,13,11,2,27,10.3,0,0,,,
532,Baserate,13,11,1,27,10.3,0,0,,,
532,Baserate,12,11,2,27,10.3,0,0,,,
532,Baserate,12,11,1,27,10.3,0,0,,,
532,Baserate,1,11,2,27,10.3,0,0,,,
532,Baserate,1,11,1,27,10.3,0,0,,,
532,Baserate,34,11,2,27,10.3,0,0,,,
532,Baserate,34,11,1,27,10.3,0,0,,,
541,Baserate,15,11,2,27,10.3,0,0,,,
541,Baserate,15,11,1,27,10.3,0,0,,,
541,Baserate,98,11,2,27,10.3,0,0,,,
541,Baserate,98,11,1,27,10.3,0,0,,,
541,Baserate,178,11,2,27,10.3,0,0,,,
541,Baserate,178,11,1,27,10.3,0,0,,,
541,Baserate,165,11,2,27,10.3,0,0,,,
541,Baserate,165,11,1,27,10.3,0,0,,,
541,Baserate,134,11,2,27,10.3,0,0,,,
541,Baserate,134,11,1,27,10.3,0,0,,,
541,Baserate,113,11,2,27,10.3,0,0,,,
541,Baserate,113,11,1,27,10.3,0,0,,,
541,Baserate,953,11,2,27,10.3,0,0,,,
541,Baserate,953,11,1,27,10.3,0,0,,,
541,Baserate,99,11,2,27,10.3,0,0,,,
541,Baserate,99,11,1,27,10.3,0,0,,,
541,Baserate,90,11,2,27,10.3,0,0,,,
541,Baserate,90,11,1,27,10.3,0,0,,,
541,Baserate,85,11,2,27,10.3,0,0,,,
541,Baserate,85,11,1,27,10.3,0,0,,,
541,Baserate,81,11,2,27,10.3,0,0,,,
541,Baserate,81,11,1,27,10.3,0,0,,,
541,Baserate,34,11,2,27,10.3,0,0,,,
541,Baserate,34,11,1,27,10.3,0,0,,,
541,Baserate,17,11,2,27,10.3,0,0,,,
541,Baserate,17,11,1,27,10.3,0,0,,,
541,Baserate,101,11,2,27,10.3,0,0,,,
541,Baserate,101,11,1,27,10.3,0,0,,,
541,Baserate,179,11,2,27,10.3,0,0,,,
541,Baserate,179,11,1,27,10.3,0,0,,,
541,Baserate,955,11,2,27,10.3,0,0,,,
541,Baserate,955,11,1,27,10.3,0,0,,,
541,Baserate,954,11,2,27,10.3,0,0,,,
541,Baserate,954,11,1,27,10.3,0,0,,,
619,Baserate,2,11,2,27,10.3,0,0,,,
619,Baserate,2,11,1,27,10.3,0,0,,,
619,Baserate,1,11,2,27,10.3,0,0,,,
619,Baserate,1,11,1,27,10.3,0,0,,,
607,Baserate,1,11,2,27,10.3,0,0,,,
607,Baserate,1,11,1,27,10.3,0,0,,,
501,Baserate,165,11,2,27,10.3,0,0,,,
501,Baserate,165,11,1,27,10.3,0,0,,,
501,Baserate,34,11,2,27,10.3,0,0,,,
501,Baserate,34,11,1,27,10.3,0,0,,,
501,Baserate,81,11,2,27,10.3,0,0,,,
501,Baserate,81,11,1,27,10.3,0,0,,,
501,Baserate,85,11,2,27,10.3,0,0,,,
501,Baserate,85,11,1,27,10.3,0,0,,,
501,Baserate,90,11,2,27,10.3,0,0,,,
501,Baserate,90,11,1,27,10.3,0,0,,,
501,Baserate,98,11,2,27,10.3,0,0,,,
501,Baserate,98,11,1,27,10.3,0,0,,,
501,Baserate,99,11,2,27,10.3,0,0,,,
501,Baserate,99,11,1,27,10.3,0,0,,,
501,Baserate,101,11,2,27,10.3,0,0,,,
501,Baserate,101,11,1,27,10.3,0,0,,,
501,Baserate,134,11,2,27,10.3,0,0,,,
501,Baserate,134,11,1,27,10.3,0,0,,,
501,Baserate,14,11,2,27,10.3,0,0,,,
501,Baserate,14,11,1,27,10.3,0,0,,,
501,Baserate,178,11,2,27,10.3,0,0,,,
501,Baserate,178,11,1,27,10.3,0,0,,,
501,Baserate,179,11,2,27,10.3,0,0,,,
501,Baserate,179,11,1,27,10.3,0,0,,,
501,Baserate,953,11,2,27,10.3,0,0,,,
501,Baserate,953,11,1,27,10.3,0,0,,,
501,Baserate,954,11,2,27,10.3,0,0,,,
501,Baserate,954,11,1,27,10.3,0,0,,,
501,Baserate,955,11,2,27,10.3,0,0,,,
501,Baserate,955,11,1,27,10.3,0,0,,,
501,Baserate,113,11,2,27,10.3,0,0,,,
501,Baserate,113,11,1,27,10.3,0,0,,,
541,Baserate,14,11,2,27,10.3,0,0,,,
541,Baserate,14,11,1,27,10.3,0,0,,,
501,Baserate,17,11,2,27,10.3,0,0,,,
501,Baserate,17,11,1,27,10.3,0,0,,,
501,Baserate,15,11,2,27,10.3,0,0,,,
501,Baserate,15,11,1,27,10.3,0,0,,,
501,Baserate,1,11,2,27,10.3,0,0,,,
501,Baserate,1,11,1,27,10.3,0,0,,,
501,Baserate,12,11,2,27,10.3,0,0,,,
501,Baserate,12,11,1,27,10.3,0,0,,,
501,Baserate,13,11,2,27,10.3,0,0,,,
501,Baserate,13,11,1,27,10.3,0,0,,,
541,Baserate,13,11,2,27,10.3,0,0,,,
541,Baserate,13,11,1,27,10.3,0,0,,,
541,Baserate,12,11,2,27,10.3,0,0,,,
541,Baserate,12,11,1,27,10.3,0,0,,,
541,Baserate,1,11,2,27,10.3,0,0,,,
541,Baserate,1,11,1,27,10.3,0,0,,,
837,Baserate,13,11,2,27,10.3,0,0,,,
837,Baserate,13,11,1,27,10.3,0,0,,,
833,Baserate,954,11,2,27,10.3,0,0,,,
833,Baserate,954,11,1,27,10.3,0,0,,,
833,Baserate,99,11,2,27,10.3,0,0,,,
833,Baserate,99,11,1,27,10.3,0,0,,,
833,Baserate,101,11,2,27,10.3,0,0,,,
833,Baserate,101,11,1,27,10.3,0,0,,,
833,Baserate,113,11,2,27,10.3,0,0,,,
833,Baserate,113,11,1,27,10.3,0,0,,,
833,Baserate,134,11,2,27,10.3,0,0,,,
833,Baserate,134,11,1,27,10.3,0,0,,,
833,Baserate,165,11,2,27,10.3,0,0,,,
833,Baserate,165,11,1,27,10.3,0,0,,,
833,Baserate,178,11,2,27,10.3,0,0,,,
833,Baserate,178,11,1,27,10.3,0,0,,,
833,Baserate,953,11,2,27,10.3,0,0,,,
833,Baserate,953,11,1,27,10.3,0,0,,,
833,Baserate,85,11,2,27,10.3,0,0,,,
833,Baserate,85,11,1,27,10.3,0,0,,,
833,Baserate,955,11,2,27,10.3,0,0,,,
833,Baserate,955,11,1,27,10.3,0,0,,,
833,Baserate,179,11,2,27,10.3,0,0,,,
833,Baserate,179,11,1,27,10.3,0,0,,,
833,Baserate,12,11,2,27,10.3,0,0,,,
833,Baserate,12,11,1,27,10.3,0,0,,,
833,Baserate,98,11,2,27,10.3,0,0,,,
833,Baserate,98,11,1,27,10.3,0,0,,,
833,Baserate,1,11,2,27,10.3,0,0,,,
833,Baserate,1,11,1,27,10.3,0,0,,,
833,Baserate,90,11,2,27,10.3,0,0,,,
833,Baserate,90,11,1,27,10.3,0,0,,,
833,Baserate,13,11,2,27,10.3,0,0,,,
833,Baserate,13,11,1,27,10.3,0,0,,,
833,Baserate,14,11,2,27,10.3,0,0,,,
833,Baserate,14,11,1,27,10.3,0,0,,,
833,Baserate,15,11,2,27,10.3,0,0,,,
833,Baserate,15,11,1,27,10.3,0,0,,,
833,Baserate,17,11,2,27,10.3,0,0,,,
833,Baserate,17,11,1,27,10.3,0,0,,,
833,Baserate,34,11,2,27,10.3,0,0,,,
833,Baserate,34,11,1,27,10.3,0,0,,,
833,Baserate,81,11,2,27,10.3,0,0,,,
833,Baserate,81,11,1,27,10.3,0,0,,,
835,Baserate,13,11,2,27,10.3,0,0,,,
835,Baserate,13,11,1,27,10.3,0,0,,,
835,Baserate,1,11,2,27,10.3,0,0,,,
835,Baserate,1,11,1,27,10.3,0,0,,,
835,Baserate,101,11,2,27,10.3,0,0,,,
835,Baserate,101,11,1,27,10.3,0,0,,,
835,Baserate,113,11,2,27,10.3,0,0,,,
835,Baserate,113,11,1,27,10.3,0,0,,,
837,Baserate,1,11,2,27,10.3,0,0,,,
837,Baserate,1,11,1,27,10.3,0,0,,,
802,Baserate,954,11,2,27,10.3,0,0,,,
802,Baserate,954,11,1,27,10.3,0,0,,,
802,Baserate,98,11,2,27,10.3,0,0,,,
802,Baserate,98,11,1,27,10.3,0,0,,,
802,Baserate,12,11,2,27,10.3,0,0,,,
802,Baserate,12,11,1,27,10.3,0,0,,,
802,Baserate,13,11,2,27,10.3,0,0,,,
802,Baserate,13,11,1,27,10.3,0,0,,,
802,Baserate,14,11,2,27,10.3,0,0,,,
802,Baserate,14,11,1,27,10.3,0,0,,,
802,Baserate,15,11,2,27,10.3,0,0,,,
802,Baserate,15,11,1,27,10.3,0,0,,,
802,Baserate,17,11,2,27,10.3,0,0,,,
802,Baserate,17,11,1,27,10.3,0,0,,,
802,Baserate,34,11,2,27,10.3,0,0,,,
802,Baserate,34,11,1,27,10.3,0,0,,,
802,Baserate,81,11,2,27,10.3,0,0,,,
802,Baserate,81,11,1,27,10.3,0,0,,,
802,Baserate,90,11,2,27,10.3,0,0,,,
802,Baserate,90,11,1,27,10.3,0,0,,,
802,Baserate,99,11,2,27,10.3,0,0,,,
802,Baserate,99,11,1,27,10.3,0,0,,,
802,Baserate,101,11,2,27,10.3,0,0,,,
802,Baserate,101,11,1,27,10.3,0,0,,,
802,Baserate,113,11,2,27,10.3,0,0,,,
802,Baserate,113,11,1,27,10.3,0,0,,,
802,Baserate,134,11,2,27,10.3,0,0,,,
802,Baserate,134,11,1,27,10.3,0,0,,,
802,Baserate,165,11,2,27,10.3,0,0,,,
802,Baserate,165,11,1,27,10.3,0,0,,,
802,Baserate,178,11,2,27,10.3,0,0,,,
802,Baserate,178,11,1,27,10.3,0,0,,,
802,Baserate,179,11,2,27,10.3,0,0,,,
802,Baserate,179,11,1,27,10.3,0,0,,,
802,Baserate,953,11,2,27,10.3,0,0,,,
802,Baserate,953,11,1,27,10.3,0,0,,,
802,Baserate,85,11,2,27,10.3,0,0,,,
802,Baserate,85,11,1,27,10.3,0,0,,,
802,Baserate,1,11,2,27,10.3,0,0,,,
802,Baserate,1,11,1,27,10.3,0,0,,,
802,Baserate,955,11,2,27,10.3,0,0,,,
802,Baserate,955,11,1,27,10.3,0,0,,,
801,Baserate,179,11,2,27,10.3,0,0,,,
801,Baserate,179,11,1,27,10.3,0,0,,,
801,Baserate,85,11,2,27,10.3,0,0,,,
801,Baserate,85,11,1,27,10.3,0,0,,,
801,Baserate,90,11,2,27,10.3,0,0,,,
801,Baserate,90,11,1,27,10.3,0,0,,,
801,Baserate,98,11,2,27,10.3,0,0,,,
801,Baserate,98,11,1,27,10.3,0,0,,,
801,Baserate,99,11,2,27,10.3,0,0,,,
801,Baserate,99,11,1,27,10.3,0,0,,,
801,Baserate,101,11,2,27,10.3,0,0,,,
801,Baserate,101,11,1,27,10.3,0,0,,,
801,Baserate,113,11,2,27,10.3,0,0,,,
801,Baserate,113,11,1,27,10.3,0,0,,,
801,Baserate,134,11,2,27,10.3,0,0,,,
801,Baserate,134,11,1,27,10.3,0,0,,,
801,Baserate,34,11,2,27,10.3,0,0,,,
801,Baserate,34,11,1,27,10.3,0,0,,,
801,Baserate,178,11,2,27,10.3,0,0,,,
801,Baserate,178,11,1,27,10.3,0,0,,,
801,Baserate,17,11,2,27,10.3,0,0,,,
801,Baserate,17,11,1,27,10.3,0,0,,,
801,Baserate,953,11,2,27,10.3,0,0,,,
801,Baserate,953,11,1,27,10.3,0,0,,,
801,Baserate,954,11,2,27,10.3,0,0,,,
801,Baserate,954,11,1,27,10.3,0,0,,,
801,Baserate,955,11,2,27,10.3,0,0,,,
801,Baserate,955,11,1,27,10.3,0,0,,,
801,Baserate,165,11,2,27,10.3,0,0,,,
801,Baserate,165,11,1,27,10.3,0,0,,,
801,Baserate,81,11,2,27,10.3,0,0,,,
801,Baserate,81,11,1,27,10.3,0,0,,,
801,Baserate,1,11,2,27,10.3,0,0,,,
801,Baserate,1,11,1,27,10.3,0,0,,,
801,Baserate,12,11,2,27,10.3,0,0,,,
801,Baserate,12,11,1,27,10.3,0,0,,,
801,Baserate,13,11,2,27,10.3,0,0,,,
801,Baserate,13,11,1,27,10.3,0,0,,,
801,Baserate,14,11,2,27,10.3,0,0,,,
801,Baserate,14,11,1,27,10.3,0,0,,,
801,Baserate,15,11,2,27,10.3,0,0,,,
801,Baserate,15,11,1,27,10.3,0,0,,,
839,Baserate,2,11,2,27,10.3,0,0,,,
839,Baserate,2,11,1,27,10.3,0,0,,,
839,Baserate,1,11,2,27,10.3,0,0,,,
839,Baserate,1,11,1,27,10.3,0,0,,,
840,Baserate,2,11,2,27,10.3,0,0,,,
840,Baserate,2,11,1,27,10.3,0,0,,,
838,Baserate,13,11,2,27,10.3,0,0,,,
838,Baserate,13,11,1,27,10.3,0,0,,,
838,Baserate,2,11,2,27,10.3,0,0,,,
838,Baserate,2,11,1,27,10.3,0,0,,,
838,Baserate,1,11,2,27,10.3,0,0,,,
838,Baserate,1,11,1,27,10.3,0,0,,,
840,Baserate,1,11,2,27,10.3,0,0,,,
840,Baserate,1,11,1,27,10.3,0,0,,,
873,Baserate,13,11,2,27,10.3,0,0,,,
873,Baserate,13,11,1,27,10.3,0,0,,,
837,Baserate,2,11,2,27,10.3,0,0,,,
837,Baserate,2,11,1,27,10.3,0,0,,,
34,Nightsaver,21,11,2,27,10.95,6.11,0,,,
34,Nightsaver,21,11,1,27,10.95,6.11,0,,,
556,Nightsaver,17,11,2,27,10.95,6.11,0,,,
556,Nightsaver,17,11,1,27,10.95,6.11,0,,,
556,Nightsaver,21,11,2,27,10.95,6.11,0,,,
556,Nightsaver,21,11,1,27,10.95,6.11,0,,,
556,Nightsaver,23,11,2,27,10.95,6.11,0,,,
556,Nightsaver,23,11,1,27,10.95,6.11,0,,,
556,Nightsaver,27,11,2,27,10.95,6.11,0,,,
556,Nightsaver,27,11,1,27,10.95,6.11,0,,,
556,Nightsaver,29,11,2,27,10.95,6.11,0,,,
556,Nightsaver,29,11,1,27,10.95,6.11,0,,,
33,Nightsaver,140,11,2,27,10.95,6.11,0,,,
33,Nightsaver,140,11,1,27,10.95,6.11,0,,,
557,Nightsaver,140,11,2,27,10.95,6.11,0,,,
557,Nightsaver,140,11,1,27,10.95,6.11,0,,,
34,Nightsaver,1,11,2,27,10.95,6.11,0,,,
34,Nightsaver,1,11,1,27,10.95,6.11,0,,,
557,Nightsaver,119,11,2,27,10.95,6.11,0,,,
557,Nightsaver,119,11,1,27,10.95,6.11,0,,,
34,Nightsaver,19,11,2,27,10.95,6.11,0,,,
34,Nightsaver,19,11,1,27,10.95,6.11,0,,,
556,Nightsaver,15,11,2,27,10.95,6.11,0,,,
556,Nightsaver,15,11,1,27,10.95,6.11,0,,,
33,Nightsaver,27,11,2,27,10.95,6.11,0,,,
33,Nightsaver,27,11,1,27,10.95,6.11,0,,,
33,Nightsaver,3,11,2,27,10.95,6.11,0,,,
33,Nightsaver,3,11,1,27,10.95,6.11,0,,,
557,Nightsaver,40,11,2,27,10.95,6.11,0,,,
557,Nightsaver,40,11,1,27,10.95,6.11,0,,,
557,Nightsaver,101,11,2,27,10.95,6.11,0,,,
557,Nightsaver,101,11,1,27,10.95,6.11,0,,,
557,Nightsaver,103,11,2,27,10.95,6.11,0,,,
557,Nightsaver,103,11,1,27,10.95,6.11,0,,,
557,Nightsaver,113,11,2,27,10.95,6.11,0,,,
557,Nightsaver,113,11,1,27,10.95,6.11,0,,,
557,Nightsaver,134,11,2,27,10.95,6.11,0,,,
557,Nightsaver,134,11,1,27,10.95,6.11,0,,,
556,Nightsaver,1,11,2,27,10.95,6.11,0,,,
556,Nightsaver,1,11,1,27,10.95,6.11,0,,,
34,Nightsaver,140,11,2,27,10.95,6.11,0,,,
34,Nightsaver,140,11,1,27,10.95,6.11,0,,,
33,Nightsaver,103,11,2,27,10.95,6.11,0,,,
33,Nightsaver,103,11,1,27,10.95,6.11,0,,,
33,Nightsaver,37,11,2,27,10.95,6.11,0,,,
33,Nightsaver,37,11,1,27,10.95,6.11,0,,,
33,Nightsaver,34,11,2,27,10.95,6.11,0,,,
33,Nightsaver,34,11,1,27,10.95,6.11,0,,,
33,Nightsaver,29,11,2,27,10.95,6.11,0,,,
33,Nightsaver,29,11,1,27,10.95,6.11,0,,,
33,Nightsaver,113,11,2,27,10.95,6.11,0,,,
33,Nightsaver,113,11,1,27,10.95,6.11,0,,,
33,Nightsaver,119,11,2,27,10.95,6.11,0,,,
33,Nightsaver,119,11,1,27,10.95,6.11,0,,,
556,Nightsaver,12,11,2,27,10.95,6.11,0,,,
556,Nightsaver,12,11,1,27,10.95,6.11,0,,,
33,Nightsaver,134,11,2,27,10.95,6.11,0,,,
33,Nightsaver,134,11,1,27,10.95,6.11,0,,,
556,Nightsaver,14,11,2,27,10.95,6.11,0,,,
556,Nightsaver,14,11,1,27,10.95,6.11,0,,,
556,Nightsaver,2,11,2,27,10.95,6.11,0,,,
556,Nightsaver,2,11,1,27,10.95,6.11,0,,,
556,Nightsaver,3,11,2,27,10.95,6.11,0,,,
556,Nightsaver,3,11,1,27,10.95,6.11,0,,,
33,Nightsaver,1,11,2,27,10.95,6.11,0,,,
33,Nightsaver,1,11,1,27,10.95,6.11,0,,,
556,Nightsaver,40,11,2,27,10.95,6.11,0,,,
556,Nightsaver,40,11,1,27,10.95,6.11,0,,,
556,Nightsaver,7,11,2,27,10.95,6.11,0,,,
556,Nightsaver,7,11,1,27,10.95,6.11,0,,,
557,Nightsaver,37,11,2,27,10.95,6.11,0,,,
557,Nightsaver,37,11,1,27,10.95,6.11,0,,,
556,Nightsaver,13,11,2,27,10.95,6.11,0,,,
556,Nightsaver,13,11,1,27,10.95,6.11,0,,,
34,Nightsaver,3,11,2,27,10.95,6.11,0,,,
34,Nightsaver,3,11,1,27,10.95,6.11,0,,,
33,Nightsaver,19,11,2,27,10.95,6.11,0,,,
33,Nightsaver,19,11,1,27,10.95,6.11,0,,,
557,Nightsaver,2,11,2,27,10.95,6.11,0,,,
557,Nightsaver,2,11,1,27,10.95,6.11,0,,,
557,Nightsaver,1,11,2,27,10.95,6.11,0,,,
557,Nightsaver,1,11,1,27,10.95,6.11,0,,,
556,Nightsaver,119,11,2,27,10.95,6.11,0,,,
556,Nightsaver,119,11,1,27,10.95,6.11,0,,,
34,Nightsaver,12,11,2,27,10.95,6.11,0,,,
34,Nightsaver,12,11,1,27,10.95,6.11,0,,,
556,Nightsaver,134,11,2,27,10.95,6.11,0,,,
556,Nightsaver,134,11,1,27,10.95,6.11,0,,,
34,Nightsaver,13,11,2,27,10.95,6.11,0,,,
34,Nightsaver,13,11,1,27,10.95,6.11,0,,,
556,Nightsaver,140,11,2,27,10.95,6.11,0,,,
556,Nightsaver,140,11,1,27,10.95,6.11,0,,,
556,Nightsaver,34,11,2,27,10.95,6.11,0,,,
556,Nightsaver,34,11,1,27,10.95,6.11,0,,,
33,Nightsaver,21,11,2,27,10.95,6.11,0,,,
33,Nightsaver,21,11,1,27,10.95,6.11,0,,,
556,Nightsaver,103,11,2,27,10.95,6.11,0,,,
556,Nightsaver,103,11,1,27,10.95,6.11,0,,,
34,Nightsaver,17,11,2,27,10.95,6.11,0,,,
34,Nightsaver,17,11,1,27,10.95,6.11,0,,,
34,Nightsaver,15,11,2,27,10.95,6.11,0,,,
34,Nightsaver,15,11,1,27,10.95,6.11,0,,,
33,Nightsaver,17,11,2,27,10.95,6.11,0,,,
33,Nightsaver,17,11,1,27,10.95,6.11,0,,,
33,Nightsaver,15,11,2,27,10.95,6.11,0,,,
33,Nightsaver,15,11,1,27,10.95,6.11,0,,,
33,Nightsaver,14,11,2,27,10.95,6.11,0,,,
33,Nightsaver,14,11,1,27,10.95,6.11,0,,,
34,Nightsaver,14,11,2,27,10.95,6.11,0,,,
34,Nightsaver,14,11,1,27,10.95,6.11,0,,,
33,Nightsaver,13,11,2,27,10.95,6.11,0,,,
33,Nightsaver,13,11,1,27,10.95,6.11,0,,,
33,Nightsaver,23,11,2,27,10.95,6.11,0,,,
33,Nightsaver,23,11,1,27,10.95,6.11,0,,,
557,Nightsaver,15,11,2,27,10.95,6.11,0,,,
557,Nightsaver,15,11,1,27,10.95,6.11,0,,,
557,Nightsaver,29,11,2,27,10.95,6.11,0,,,
557,Nightsaver,29,11,1,27,10.95,6.11,0,,,
557,Nightsaver,27,11,2,27,10.95,6.11,0,,,
557,Nightsaver,27,11,1,27,10.95,6.11,0,,,
34,Nightsaver,134,11,2,27,10.95,6.11,0,,,
34,Nightsaver,134,11,1,27,10.95,6.11,0,,,
556,Nightsaver,37,11,2,27,10.95,6.11,0,,,
556,Nightsaver,37,11,1,27,10.95,6.11,0,,,
556,Nightsaver,19,11,2,27,10.95,6.11,0,,,
556,Nightsaver,19,11,1,27,10.95,6.11,0,,,
557,Nightsaver,23,11,2,27,10.95,6.11,0,,,
557,Nightsaver,23,11,1,27,10.95,6.11,0,,,
557,Nightsaver,21,11,2,27,10.95,6.11,0,,,
557,Nightsaver,21,11,1,27,10.95,6.11,0,,,
556,Nightsaver,113,11,2,27,10.95,6.11,0,,,
556,Nightsaver,113,11,1,27,10.95,6.11,0,,,
557,Nightsaver,17,11,2,27,10.95,6.11,0,,,
557,Nightsaver,17,11,1,27,10.95,6.11,0,,,
33,Nightsaver,12,11,2,27,10.95,6.11,0,,,
33,Nightsaver,12,11,1,27,10.95,6.11,0,,,
556,Nightsaver,101,11,2,27,10.95,6.11,0,,,
556,Nightsaver,101,11,1,27,10.95,6.11,0,,,
557,Nightsaver,14,11,2,27,10.95,6.11,0,,,
557,Nightsaver,14,11,1,27,10.95,6.11,0,,,
557,Nightsaver,13,11,2,27,10.95,6.11,0,,,
557,Nightsaver,13,11,1,27,10.95,6.11,0,,,
557,Nightsaver,12,11,2,27,10.95,6.11,0,,,
557,Nightsaver,12,11,1,27,10.95,6.11,0,,,
557,Nightsaver,7,11,2,27,10.95,6.11,0,,,
557,Nightsaver,7,11,1,27,10.95,6.11,0,,,
557,Nightsaver,3,11,2,27,10.95,6.11,0,,,
557,Nightsaver,3,11,1,27,10.95,6.11,0,,,
33,Nightsaver,40,11,2,27,10.95,6.11,0,,,
33,Nightsaver,40,11,1,27,10.95,6.11,0,,,
557,Nightsaver,34,11,2,27,10.95,6.11,0,,,
557,Nightsaver,34,11,1,27,10.95,6.11,0,,,
557,Nightsaver,19,11,2,27,10.95,6.11,0,,,
557,Nightsaver,19,11,1,27,10.95,6.11,0,,,
34,Nightsaver,34,11,2,27,10.95,6.11,0,,,
34,Nightsaver,34,11,1,27,10.95,6.11,0,,,
33,Nightsaver,101,11,2,27,10.95,6.11,0,,,
33,Nightsaver,101,11,1,27,10.95,6.11,0,,,
34,Nightsaver,23,11,2,27,10.95,6.11,0,,,
34,Nightsaver,23,11,1,27,10.95,6.11,0,,,
34,Nightsaver,27,11,2,27,10.95,6.11,0,,,
34,Nightsaver,27,11,1,27,10.95,6.11,0,,,
34,Nightsaver,29,11,2,27,10.95,6.11,0,,,
34,Nightsaver,29,11,1,27,10.95,6.11,0,,,
34,Nightsaver,37,11,2,27,10.95,6.11,0,,,
34,Nightsaver,37,11,1,27,10.95,6.11,0,,,
34,Nightsaver,40,11,2,27,10.95,6.11,0,,,
34,Nightsaver,40,11,1,27,10.95,6.11,0,,,
34,Nightsaver,101,11,2,27,10.95,6.11,0,,,
34,Nightsaver,101,11,1,27,10.95,6.11,0,,,
34,Nightsaver,103,11,2,27,10.95,6.11,0,,,
34,Nightsaver,103,11,1,27,10.95,6.11,0,,,
34,Nightsaver,113,11,2,27,10.95,6.11,0,,,
34,Nightsaver,113,11,1,27,10.95,6.11,0,,,
34,Nightsaver,119,11,2,27,10.95,6.11,0,,,
34,Nightsaver,119,11,1,27,10.95,6.11,0,,,
29,Flexirate 2,33,11,2,27,10.95,0,9.64,,,
29,Flexirate 2,33,11,1,27,10.95,0,9.64,,,
30,Flexirate 2,14,11,2,27,10.95,0,9.64,,,
30,Flexirate 2,14,11,1,27,10.95,0,9.64,,,
29,Flexirate 2,41,11,2,27,10.95,0,9.64,,,
29,Flexirate 2,41,11,1,27,10.95,0,9.64,,,
29,Flexirate 2,39,11,2,27,10.95,0,9.64,,,
29,Flexirate 2,39,11,1,27,10.95,0,9.64,,,
30,Flexirate 2,13,11,2,27,10.95,0,9.64,,,
30,Flexirate 2,13,11,1,27,10.95,0,9.64,,,
29,Flexirate 2,34,11,2,27,10.95,0,9.64,,,
29,Flexirate 2,34,11,1,27,10.95,0,9.64,,,
29,Flexirate 2,25,11,2,27,10.95,0,9.64,,,
29,Flexirate 2,25,11,1,27,10.95,0,9.64,,,
29,Flexirate 2,17,11,2,27,10.95,0,9.64,,,
29,Flexirate 2,17,11,1,27,10.95,0,9.64,,,
30,Flexirate 2,15,11,2,27,10.95,0,9.64,,,
30,Flexirate 2,15,11,1,27,10.95,0,9.64,,,
30,Flexirate 2,17,11,2,27,10.95,0,9.64,,,
30,Flexirate 2,17,11,1,27,10.95,0,9.64,,,
29,Flexirate 2,35,11,2,27,10.95,0,9.64,,,
29,Flexirate 2,35,11,1,27,10.95,0,9.64,,,
30,Flexirate 2,46,11,2,27,10.95,0,9.64,,,
30,Flexirate 2,46,11,1,27,10.95,0,9.64,,,
30,Flexirate 2,134,11,2,27,10.95,0,9.64,,,
30,Flexirate 2,134,11,1,27,10.95,0,9.64,,,
30,Flexirate 2,146,11,2,27,10.95,0,9.64,,,
30,Flexirate 2,146,11,1,27,10.95,0,9.64,,,
29,Flexirate 2,15,11,2,27,10.95,0,9.64,,,
29,Flexirate 2,15,11,1,27,10.95,0,9.64,,,
30,Flexirate 2,12,11,2,27,10.95,0,9.64,,,
30,Flexirate 2,12,11,1,27,10.95,0,9.64,,,
559,Flexirate 2,125,11,2,27,10.95,0,9.64,,,
559,Flexirate 2,125,11,1,27,10.95,0,9.64,,,
30,Flexirate 2,113,11,2,27,10.95,0,9.64,,,
30,Flexirate 2,113,11,1,27,10.95,0,9.64,,,
559,Flexirate 2,146,11,2,27,10.95,0,9.64,,,
559,Flexirate 2,146,11,1,27,10.95,0,9.64,,,
30,Flexirate 2,125,11,2,27,10.95,0,9.64,,,
30,Flexirate 2,125,11,1,27,10.95,0,9.64,,,
559,Flexirate 2,13,11,2,27,10.95,0,9.64,,,
559,Flexirate 2,13,11,1,27,10.95,0,9.64,,,
29,Flexirate 2,13,11,2,27,10.95,0,9.64,,,
29,Flexirate 2,13,11,1,27,10.95,0,9.64,,,
30,Flexirate 2,25,11,2,27,10.95,0,9.64,,,
30,Flexirate 2,25,11,1,27,10.95,0,9.64,,,
558,Flexirate 2,146,11,2,27,10.95,0,9.64,,,
558,Flexirate 2,146,11,1,27,10.95,0,9.64,,,
29,Flexirate 2,12,11,2,27,10.95,0,9.64,,,
29,Flexirate 2,12,11,1,27,10.95,0,9.64,,,
559,Flexirate 2,46,11,2,27,10.95,0,9.64,,,
559,Flexirate 2,46,11,1,27,10.95,0,9.64,,,
559,Flexirate 2,43,11,2,27,10.95,0,9.64,,,
559,Flexirate 2,43,11,1,27,10.95,0,9.64,,,
559,Flexirate 2,35,11,2,27,10.95,0,9.64,,,
559,Flexirate 2,35,11,1,27,10.95,0,9.64,,,
559,Flexirate 2,39,11,2,27,10.95,0,9.64,,,
559,Flexirate 2,39,11,1,27,10.95,0,9.64,,,
558,Flexirate 2,46,11,2,27,10.95,0,9.64,,,
558,Flexirate 2,46,11,1,27,10.95,0,9.64,,,
30,Flexirate 2,35,11,2,27,10.95,0,9.64,,,
30,Flexirate 2,35,11,1,27,10.95,0,9.64,,,
558,Flexirate 2,43,11,2,27,10.95,0,9.64,,,
558,Flexirate 2,43,11,1,27,10.95,0,9.64,,,
30,Flexirate 2,39,11,2,27,10.95,0,9.64,,,
30,Flexirate 2,39,11,1,27,10.95,0,9.64,,,
30,Flexirate 2,41,11,2,27,10.95,0,9.64,,,
30,Flexirate 2,41,11,1,27,10.95,0,9.64,,,
30,Flexirate 2,43,11,2,27,10.95,0,9.64,,,
30,Flexirate 2,43,11,1,27,10.95,0,9.64,,,
559,Flexirate 2,41,11,2,27,10.95,0,9.64,,,
559,Flexirate 2,41,11,1,27,10.95,0,9.64,,,
558,Flexirate 2,33,11,2,27,10.95,0,9.64,,,
558,Flexirate 2,33,11,1,27,10.95,0,9.64,,,
559,Flexirate 2,25,11,2,27,10.95,0,9.64,,,
559,Flexirate 2,25,11,1,27,10.95,0,9.64,,,
559,Flexirate 2,33,11,2,27,10.95,0,9.64,,,
559,Flexirate 2,33,11,1,27,10.95,0,9.64,,,
30,Flexirate 2,34,11,2,27,10.95,0,9.64,,,
30,Flexirate 2,34,11,1,27,10.95,0,9.64,,,
558,Flexirate 2,125,11,2,27,10.95,0,9.64,,,
558,Flexirate 2,125,11,1,27,10.95,0,9.64,,,
558,Flexirate 2,25,11,2,27,10.95,0,9.64,,,
558,Flexirate 2,25,11,1,27,10.95,0,9.64,,,
30,Flexirate 2,33,11,2,27,10.95,0,9.64,,,
30,Flexirate 2,33,11,1,27,10.95,0,9.64,,,
29,Flexirate 2,14,11,2,27,10.95,0,9.64,,,
29,Flexirate 2,14,11,1,27,10.95,0,9.64,,,
558,Flexirate 2,35,11,2,27,10.95,0,9.64,,,
558,Flexirate 2,35,11,1,27,10.95,0,9.64,,,
558,Flexirate 2,39,11,2,27,10.95,0,9.64,,,
558,Flexirate 2,39,11,1,27,10.95,0,9.64,,,
558,Flexirate 2,41,11,2,27,10.95,0,9.64,,,
558,Flexirate 2,41,11,1,27,10.95,0,9.64,,,
558,Flexirate 2,13,11,2,27,10.95,0,9.64,,,
558,Flexirate 2,13,11,1,27,10.95,0,9.64,,,
29,Flexirate 2,134,11,2,27,10.95,0,9.64,,,
29,Flexirate 2,134,11,1,27,10.95,0,9.64,,,
29,Flexirate 2,125,11,2,27,10.95,0,9.64,,,
29,Flexirate 2,125,11,1,27,10.95,0,9.64,,,
29,Flexirate 2,113,11,2,27,10.95,0,9.64,,,
29,Flexirate 2,113,11,1,27,10.95,0,9.64,,,
29,Flexirate 2,46,11,2,27,10.95,0,9.64,,,
29,Flexirate 2,46,11,1,27,10.95,0,9.64,,,
29,Flexirate 2,146,11,2,27,10.95,0,9.64,,,
29,Flexirate 2,146,11,1,27,10.95,0,9.64,,,
29,Flexirate 2,43,11,2,27,10.95,0,9.64,,,
29,Flexirate 2,43,11,1,27,10.95,0,9.64,,,
31,Flexirate 3,152,11,2,27,11.26,6.11,10.42,,,
31,Flexirate 3,152,11,1,27,11.26,6.11,10.42,,,
561,Flexirate 3,131,11,2,27,11.26,6.11,10.42,,,
561,Flexirate 3,131,11,1,27,11.26,6.11,10.42,,,
561,Flexirate 3,53,11,2,27,11.26,6.11,10.42,,,
561,Flexirate 3,53,11,1,27,11.26,6.11,10.42,,,
561,Flexirate 3,52,11,2,27,11.26,6.11,10.42,,,
561,Flexirate 3,52,11,1,27,11.26,6.11,10.42,,,
561,Flexirate 3,51,11,2,27,11.26,6.11,10.42,,,
561,Flexirate 3,51,11,1,27,11.26,6.11,10.42,,,
561,Flexirate 3,47,11,2,27,11.26,6.11,10.42,,,
561,Flexirate 3,47,11,1,27,11.26,6.11,10.42,,,
561,Flexirate 3,45,11,2,27,11.26,6.11,10.42,,,
561,Flexirate 3,45,11,1,27,11.26,6.11,10.42,,,
31,Flexirate 3,17,11,2,27,11.26,6.11,10.42,,,
31,Flexirate 3,17,11,1,27,11.26,6.11,10.42,,,
561,Flexirate 3,31,11,2,27,11.26,6.11,10.42,,,
561,Flexirate 3,31,11,1,27,11.26,6.11,10.42,,,
32,Flexirate 3,13,11,2,27,11.26,6.11,10.42,,,
32,Flexirate 3,13,11,1,27,11.26,6.11,10.42,,,
32,Flexirate 3,37,11,2,27,11.26,6.11,10.42,,,
32,Flexirate 3,37,11,1,27,11.26,6.11,10.42,,,
31,Flexirate 3,31,11,2,27,11.26,6.11,10.42,,,
31,Flexirate 3,31,11,1,27,11.26,6.11,10.42,,,
560,Flexirate 3,45,11,2,27,11.26,6.11,10.42,,,
560,Flexirate 3,45,11,1,27,11.26,6.11,10.42,,,
32,Flexirate 3,17,11,2,27,11.26,6.11,10.42,,,
32,Flexirate 3,17,11,1,27,11.26,6.11,10.42,,,
31,Flexirate 3,37,11,2,27,11.26,6.11,10.42,,,
31,Flexirate 3,37,11,1,27,11.26,6.11,10.42,,,
561,Flexirate 3,37,11,2,27,11.26,6.11,10.42,,,
561,Flexirate 3,37,11,1,27,11.26,6.11,10.42,,,
32,Flexirate 3,131,11,2,27,11.26,6.11,10.42,,,
32,Flexirate 3,131,11,1,27,11.26,6.11,10.42,,,
31,Flexirate 3,51,11,2,27,11.26,6.11,10.42,,,
31,Flexirate 3,51,11,1,27,11.26,6.11,10.42,,,
560,Flexirate 3,152,11,2,27,11.26,6.11,10.42,,,
560,Flexirate 3,152,11,1,27,11.26,6.11,10.42,,,
32,Flexirate 3,52,11,2,27,11.26,6.11,10.42,,,
32,Flexirate 3,52,11,1,27,11.26,6.11,10.42,,,
31,Flexirate 3,14,11,2,27,11.26,6.11,10.42,,,
31,Flexirate 3,14,11,1,27,11.26,6.11,10.42,,,
32,Flexirate 3,51,11,2,27,11.26,6.11,10.42,,,
32,Flexirate 3,51,11,1,27,11.26,6.11,10.42,,,
32,Flexirate 3,15,11,2,27,11.26,6.11,10.42,,,
32,Flexirate 3,15,11,1,27,11.26,6.11,10.42,,,
560,Flexirate 3,131,11,2,27,11.26,6.11,10.42,,,
560,Flexirate 3,131,11,1,27,11.26,6.11,10.42,,,
32,Flexirate 3,47,11,2,27,11.26,6.11,10.42,,,
32,Flexirate 3,47,11,1,27,11.26,6.11,10.42,,,
32,Flexirate 3,152,11,2,27,11.26,6.11,10.42,,,
32,Flexirate 3,152,11,1,27,11.26,6.11,10.42,,,
31,Flexirate 3,45,11,2,27,11.26,6.11,10.42,,,
31,Flexirate 3,45,11,1,27,11.26,6.11,10.42,,,
32,Flexirate 3,14,11,2,27,11.26,6.11,10.42,,,
32,Flexirate 3,14,11,1,27,11.26,6.11,10.42,,,
31,Flexirate 3,47,11,2,27,11.26,6.11,10.42,,,
31,Flexirate 3,47,11,1,27,11.26,6.11,10.42,,,
31,Flexirate 3,34,11,2,27,11.26,6.11,10.42,,,
31,Flexirate 3,34,11,1,27,11.26,6.11,10.42,,,
31,Flexirate 3,13,11,2,27,11.26,6.11,10.42,,,
31,Flexirate 3,13,11,1,27,11.26,6.11,10.42,,,
32,Flexirate 3,34,11,2,27,11.26,6.11,10.42,,,
32,Flexirate 3,34,11,1,27,11.26,6.11,10.42,,,
31,Flexirate 3,15,11,2,27,11.26,6.11,10.42,,,
31,Flexirate 3,15,11,1,27,11.26,6.11,10.42,,,
32,Flexirate 3,134,11,2,27,11.26,6.11,10.42,,,
32,Flexirate 3,134,11,1,27,11.26,6.11,10.42,,,
32,Flexirate 3,12,11,2,27,11.26,6.11,10.42,,,
32,Flexirate 3,12,11,1,27,11.26,6.11,10.42,,,
32,Flexirate 3,53,11,2,27,11.26,6.11,10.42,,,
32,Flexirate 3,53,11,1,27,11.26,6.11,10.42,,,
560,Flexirate 3,53,11,2,27,11.26,6.11,10.42,,,
560,Flexirate 3,53,11,1,27,11.26,6.11,10.42,,,
31,Flexirate 3,131,11,2,27,11.26,6.11,10.42,,,
31,Flexirate 3,131,11,1,27,11.26,6.11,10.42,,,
32,Flexirate 3,113,11,2,27,11.26,6.11,10.42,,,
32,Flexirate 3,113,11,1,27,11.26,6.11,10.42,,,
31,Flexirate 3,12,11,2,27,11.26,6.11,10.42,,,
31,Flexirate 3,12,11,1,27,11.26,6.11,10.42,,,
560,Flexirate 3,51,11,2,27,11.26,6.11,10.42,,,
560,Flexirate 3,51,11,1,27,11.26,6.11,10.42,,,
31,Flexirate 3,113,11,2,27,11.26,6.11,10.42,,,
31,Flexirate 3,113,11,1,27,11.26,6.11,10.42,,,
560,Flexirate 3,52,11,2,27,11.26,6.11,10.42,,,
560,Flexirate 3,52,11,1,27,11.26,6.11,10.42,,,
31,Flexirate 3,53,11,2,27,11.26,6.11,10.42,,,
31,Flexirate 3,53,11,1,27,11.26,6.11,10.42,,,
31,Flexirate 3,52,11,2,27,11.26,6.11,10.42,,,
31,Flexirate 3,52,11,1,27,11.26,6.11,10.42,,,
31,Flexirate 3,134,11,2,27,11.26,6.11,10.42,,,
31,Flexirate 3,134,11,1,27,11.26,6.11,10.42,,,
561,Flexirate 3,152,11,2,27,11.26,6.11,10.42,,,
561,Flexirate 3,152,11,1,27,11.26,6.11,10.42,,,
560,Flexirate 3,31,11,2,27,11.26,6.11,10.42,,,
560,Flexirate 3,31,11,1,27,11.26,6.11,10.42,,,
560,Flexirate 3,37,11,2,27,11.26,6.11,10.42,,,
560,Flexirate 3,37,11,1,27,11.26,6.11,10.42,,,
32,Flexirate 3,31,11,2,27,11.26,6.11,10.42,,,
32,Flexirate 3,31,11,1,27,11.26,6.11,10.42,,,
32,Flexirate 3,45,11,2,27,11.26,6.11,10.42,,,
32,Flexirate 3,45,11,1,27,11.26,6.11,10.42,,,
560,Flexirate 3,47,11,2,27,11.26,6.11,10.42,,,
560,Flexirate 3,47,11,1,27,11.26,6.11,10.42,,,
865,Nightsaver,3,11,2,27,10.95,6.11,0,,,
865,Nightsaver,3,11,1,27,10.95,6.11,0,,,
865,Nightsaver,11,11,2,27,10.95,6.11,0,,,
865,Nightsaver,11,11,1,27,10.95,6.11,0,,,
875,Nightsaver,3,11,2,27,10.95,6.11,0,,,
875,Nightsaver,3,11,1,27,10.95,6.11,0,,,
864,Nightsaver,11,11,2,27,10.95,6.11,0,,,
864,Nightsaver,11,11,1,27,10.95,6.11,0,,,
864,Nightsaver,3,11,2,27,10.95,6.11,0,,,
864,Nightsaver,3,11,1,27,10.95,6.11,0,,,
876,Nightsaver,3,11,2,27,10.95,6.11,0,,,
876,Nightsaver,3,11,1,27,10.95,6.11,0,,,
510,RHT,37,11,2,0,7.33,0,0,,,
510,RHT,37,11,1,0,7.33,0,0,,,
510,RHT,901,11,2,0,7.33,0,0,,,
510,RHT,901,11,1,0,7.33,0,0,,,
510,RHT,900,11,2,0,7.33,0,0,,,
510,RHT,900,11,1,0,7.33,0,0,,,
510,RHT,190,11,2,0,7.33,0,0,,,
510,RHT,190,11,1,0,7.33,0,0,,,
510,RHT,3,11,2,0,7.33,0,0,,,
510,RHT,3,11,1,0,7.33,0,0,,,
510,RHT,918,11,2,0,7.33,0,0,,,
510,RHT,918,11,1,0,7.33,0,0,,,
510,RHT,191,11,2,0,7.33,0,0,,,
510,RHT,191,11,1,0,7.33,0,0,,,
511,RHT,190,11,2,0,7.33,0,0,,,
511,RHT,190,11,1,0,7.33,0,0,,,
511,RHT,918,11,2,0,7.33,0,0,,,
511,RHT,918,11,1,0,7.33,0,0,,,
511,RHT,901,11,2,0,7.33,0,0,,,
511,RHT,901,11,1,0,7.33,0,0,,,
511,RHT,191,11,2,0,7.33,0,0,,,
511,RHT,191,11,1,0,7.33,0,0,,,
511,RHT,37,11,2,0,7.33,0,0,,,
511,RHT,37,11,1,0,7.33,0,0,,,
511,RHT,3,11,2,0,7.33,0,0,,,
511,RHT,3,11,1,0,7.33,0,0,,,
511,RHT,900,11,2,0,7.33,0,0,,,
511,RHT,900,11,1,0,7.33,0,0,,,
513,RHT,3,11,2,0,7.33,0,0,,,
513,RHT,3,11,1,0,7.33,0,0,,,
513,RHT,918,11,2,0,7.33,0,0,,,
513,RHT,918,11,1,0,7.33,0,0,,,
513,RHT,901,11,2,0,7.33,0,0,,,
513,RHT,901,11,1,0,7.33,0,0,,,
513,RHT,900,11,2,0,7.33,0,0,,,
513,RHT,900,11,1,0,7.33,0,0,,,
513,RHT,191,11,2,0,7.33,0,0,,,
513,RHT,191,11,1,0,7.33,0,0,,,
513,RHT,190,11,2,0,7.33,0,0,,,
513,RHT,190,11,1,0,7.33,0,0,,,
513,RHT,37,11,2,0,7.33,0,0,,,
513,RHT,37,11,1,0,7.33,0,0,,,
514,RHT,901,11,2,0,7.33,0,0,,,
514,RHT,901,11,1,0,7.33,0,0,,,
514,RHT,918,11,2,0,7.33,0,0,,,
514,RHT,918,11,1,0,7.33,0,0,,,
514,RHT,900,11,2,0,7.33,0,0,,,
514,RHT,900,11,1,0,7.33,0,0,,,
514,RHT,3,11,2,0,7.33,0,0,,,
514,RHT,3,11,1,0,7.33,0,0,,,
514,RHT,191,11,2,0,7.33,0,0,,,
514,RHT,191,11,1,0,7.33,0,0,,,
514,RHT,190,11,2,0,7.33,0,0,,,
514,RHT,190,11,1,0,7.33,0,0,,,
514,RHT,37,11,2,0,7.33,0,0,,,
514,RHT,37,11,1,0,7.33,0,0,,,
516,RHT,37,11,2,0,7.33,0,0,,,
516,RHT,37,11,1,0,7.33,0,0,,,
516,RHT,190,11,2,0,7.33,0,0,,,
516,RHT,190,11,1,0,7.33,0,0,,,
516,RHT,191,11,2,0,7.33,0,0,,,
516,RHT,191,11,1,0,7.33,0,0,,,
516,RHT,900,11,2,0,7.33,0,0,,,
516,RHT,900,11,1,0,7.33,0,0,,,
516,RHT,3,11,2,0,7.33,0,0,,,
516,RHT,3,11,1,0,7.33,0,0,,,
516,RHT,918,11,2,0,7.33,0,0,,,
516,RHT,918,11,1,0,7.33,0,0,,,
516,RHT,901,11,2,0,7.33,0,0,,,
516,RHT,901,11,1,0,7.33,0,0,,,
518,RHT,901,11,2,0,7.33,0,0,,,
518,RHT,901,11,1,0,7.33,0,0,,,
518,RHT,3,11,2,0,7.33,0,0,,,
518,RHT,3,11,1,0,7.33,0,0,,,
518,RHT,37,11,2,0,7.33,0,0,,,
518,RHT,37,11,1,0,7.33,0,0,,,
518,RHT,190,11,2,0,7.33,0,0,,,
518,RHT,190,11,1,0,7.33,0,0,,,
518,RHT,900,11,2,0,7.33,0,0,,,
518,RHT,900,11,1,0,7.33,0,0,,,
518,RHT,918,11,2,0,7.33,0,0,,,
518,RHT,918,11,1,0,7.33,0,0,,,
518,RHT,191,11,2,0,7.33,0,0,,,
518,RHT,191,11,1,0,7.33,0,0,,,
519,RHT,191,11,2,0,7.33,0,0,,,
519,RHT,191,11,1,0,7.33,0,0,,,
519,RHT,900,11,2,0,7.33,0,0,,,
519,RHT,900,11,1,0,7.33,0,0,,,
519,RHT,901,11,2,0,7.33,0,0,,,
519,RHT,901,11,1,0,7.33,0,0,,,
519,RHT,918,11,2,0,7.33,0,0,,,
519,RHT,918,11,1,0,7.33,0,0,,,
519,RHT,190,11,2,0,7.33,0,0,,,
519,RHT,190,11,1,0,7.33,0,0,,,
519,RHT,3,11,2,0,7.33,0,0,,,
519,RHT,3,11,1,0,7.33,0,0,,,
519,RHT,37,11,2,0,7.33,0,0,,,
519,RHT,37,11,1,0,7.33,0,0,,,
521,RHT,918,11,2,0,7.33,0,0,,,
521,RHT,918,11,1,0,7.33,0,0,,,
521,RHT,190,11,2,0,7.33,0,0,,,
521,RHT,190,11,1,0,7.33,0,0,,,
521,RHT,191,11,2,0,7.33,0,0,,,
521,RHT,191,11,1,0,7.33,0,0,,,
521,RHT,37,11,2,0,7.33,0,0,,,
521,RHT,37,11,1,0,7.33,0,0,,,
521,RHT,901,11,2,0,7.33,0,0,,,
521,RHT,901,11,1,0,7.33,0,0,,,
521,RHT,900,11,2,0,7.33,0,0,,,
521,RHT,900,11,1,0,7.33,0,0,,,
521,RHT,3,11,2,0,7.33,0,0,,,
521,RHT,3,11,1,0,7.33,0,0,,,
526,RHT,900,11,2,0,7.33,0,0,,,
526,RHT,900,11,1,0,7.33,0,0,,,
526,RHT,901,11,2,0,7.33,0,0,,,
526,RHT,901,11,1,0,7.33,0,0,,,
526,RHT,918,11,2,0,7.33,0,0,,,
526,RHT,918,11,1,0,7.33,0,0,,,
526,RHT,190,11,2,0,7.33,0,0,,,
526,RHT,190,11,1,0,7.33,0,0,,,
526,RHT,37,11,2,0,7.33,0,0,,,
526,RHT,37,11,1,0,7.33,0,0,,,
526,RHT,3,11,2,0,7.33,0,0,,,
526,RHT,3,11,1,0,7.33,0,0,,,
526,RHT,191,11,2,0,7.33,0,0,,,
526,RHT,191,11,1,0,7.33,0,0,,,
527,RHT,900,11,2,0,7.33,0,0,,,
527,RHT,900,11,1,0,7.33,0,0,,,
527,RHT,3,11,2,0,7.33,0,0,,,
527,RHT,3,11,1,0,7.33,0,0,,,
527,RHT,37,11,2,0,7.33,0,0,,,
527,RHT,37,11,1,0,7.33,0,0,,,
527,RHT,191,11,2,0,7.33,0,0,,,
527,RHT,191,11,1,0,7.33,0,0,,,
527,RHT,901,11,2,0,7.33,0,0,,,
527,RHT,901,11,1,0,7.33,0,0,,,
527,RHT,918,11,2,0,7.33,0,0,,,
527,RHT,918,11,1,0,7.33,0,0,,,
527,RHT,190,11,2,0,7.33,0,0,,,
527,RHT,190,11,1,0,7.33,0,0,,,
528,RHT,901,11,2,0,7.33,0,0,,,
528,RHT,901,11,1,0,7.33,0,0,,,
528,RHT,37,11,2,0,7.33,0,0,,,
528,RHT,37,11,1,0,7.33,0,0,,,
528,RHT,900,11,2,0,7.33,0,0,,,
528,RHT,900,11,1,0,7.33,0,0,,,
528,RHT,3,11,2,0,7.33,0,0,,,
528,RHT,3,11,1,0,7.33,0,0,,,
528,RHT,918,11,2,0,7.33,0,0,,,
528,RHT,918,11,1,0,7.33,0,0,,,
528,RHT,191,11,2,0,7.33,0,0,,,
528,RHT,191,11,1,0,7.33,0,0,,,
528,RHT,190,11,2,0,7.33,0,0,,,
528,RHT,190,11,1,0,7.33,0,0,,,
517,RHT,918,11,2,0,7.33,0,0,,,
517,RHT,918,11,1,0,7.33,0,0,,,
517,RHT,190,11,2,0,7.33,0,0,,,
517,RHT,190,11,1,0,7.33,0,0,,,
517,RHT,191,11,2,0,7.33,0,0,,,
517,RHT,191,11,1,0,7.33,0,0,,,
517,RHT,3,11,2,0,7.33,0,0,,,
517,RHT,3,11,1,0,7.33,0,0,,,
517,RHT,900,11,2,0,7.33,0,0,,,
517,RHT,900,11,1,0,7.33,0,0,,,
517,RHT,37,11,2,0,7.33,0,0,,,
517,RHT,37,11,1,0,7.33,0,0,,,
517,RHT,901,11,2,0,7.33,0,0,,,
517,RHT,901,11,1,0,7.33,0,0,,,
646,RHT,11,11,2,0,7.33,0,0,,,
646,RHT,11,11,1,0,7.33,0,0,,,
642,RHT,11,11,2,0,7.33,0,0,,,
642,RHT,11,11,1,0,7.33,0,0,,,
606,RHT,11,11,2,0,7.33,0,0,,,
606,RHT,11,11,1,0,7.33,0,0,,,
642,RHT,111,11,2,0,7.33,0,0,,,
642,RHT,111,11,1,0,7.33,0,0,,,
540,RHT,11,11,2,0,7.33,0,0,,,
540,RHT,11,11,1,0,7.33,0,0,,,
540,RHT,111,11,2,0,7.33,0,0,,,
540,RHT,111,11,1,0,7.33,0,0,,,
646,RHT,111,11,2,0,7.33,0,0,,,
646,RHT,111,11,1,0,7.33,0,0,,,
606,RHT,111,11,2,0,7.33,0,0,,,
606,RHT,111,11,1,0,7.33,0,0,,,
602,RHT,11,11,2,0,7.33,0,0,,,
602,RHT,11,11,1,0,7.33,0,0,,,
531,RHT,111,11,2,0,7.33,0,0,,,
531,RHT,111,11,1,0,7.33,0,0,,,
531,RHT,11,11,2,0,7.33,0,0,,,
531,RHT,11,11,1,0,7.33,0,0,,,
602,RHT,111,11,2,0,7.33,0,0,,,
602,RHT,111,11,1,0,7.33,0,0,,,
657,RHT,11,11,2,0,7.33,0,0,,,
657,RHT,11,11,1,0,7.33,0,0,,,
652,RHT,111,11,2,0,7.33,0,0,,,
652,RHT,111,11,1,0,7.33,0,0,,,
553,RHT,11,11,2,0,7.33,0,0,,,
553,RHT,11,11,1,0,7.33,0,0,,,
617,RHT,11,11,2,0,7.33,0,0,,,
617,RHT,11,11,1,0,7.33,0,0,,,
617,RHT,111,11,2,0,7.33,0,0,,,
617,RHT,111,11,1,0,7.33,0,0,,,
612,RHT,11,11,2,0,7.33,0,0,,,
612,RHT,11,11,1,0,7.33,0,0,,,
547,RHT,111,11,2,0,7.33,0,0,,,
547,RHT,111,11,1,0,7.33,0,0,,,
612,RHT,111,11,2,0,7.33,0,0,,,
612,RHT,111,11,1,0,7.33,0,0,,,
657,RHT,111,11,2,0,7.33,0,0,,,
657,RHT,111,11,1,0,7.33,0,0,,,
652,RHT,11,11,2,0,7.33,0,0,,,
652,RHT,11,11,1,0,7.33,0,0,,,
547,RHT,11,11,2,0,7.33,0,0,,,
547,RHT,11,11,1,0,7.33,0,0,,,
553,RHT,111,11,2,0,7.33,0,0,,,
553,RHT,111,11,1,0,7.33,0,0,,,
657,RHT,11,11,2,0,7.33,0,0,,,
657,RHT,11,11,1,0,7.33,0,0,,,
553,RHT,11,11,2,0,7.33,0,0,,,
553,RHT,11,11,1,0,7.33,0,0,,,
547,RHT,111,11,2,0,7.33,0,0,,,
547,RHT,111,11,1,0,7.33,0,0,,,
547,RHT,11,11,2,0,7.33,0,0,,,
547,RHT,11,11,1,0,7.33,0,0,,,
617,RHT,111,11,2,0,7.33,0,0,,,
617,RHT,111,11,1,0,7.33,0,0,,,
617,RHT,11,11,2,0,7.33,0,0,,,
617,RHT,11,11,1,0,7.33,0,0,,,
553,RHT,111,11,2,0,7.33,0,0,,,
553,RHT,111,11,1,0,7.33,0,0,,,
612,RHT,11,11,2,0,7.33,0,0,,,
612,RHT,11,11,1,0,7.33,0,0,,,
652,RHT,111,11,2,0,7.33,0,0,,,
652,RHT,111,11,1,0,7.33,0,0,,,
652,RHT,11,11,2,0,7.33,0,0,,,
652,RHT,11,11,1,0,7.33,0,0,,,
612,RHT,111,11,2,0,7.33,0,0,,,
612,RHT,111,11,1,0,7.33,0,0,,,
657,RHT,111,11,2,0,7.33,0,0,,,
657,RHT,111,11,1,0,7.33,0,0,,,
547,RHT,11,11,2,0,7.33,0,0,,,
547,RHT,11,11,1,0,7.33,0,0,,,
553,RHT,11,11,2,0,7.33,0,0,,,
553,RHT,11,11,1,0,7.33,0,0,,,
652,RHT,111,11,2,0,7.33,0,0,,,
652,RHT,111,11,1,0,7.33,0,0,,,
652,RHT,11,11,2,0,7.33,0,0,,,
652,RHT,11,11,1,0,7.33,0,0,,,
547,RHT,111,11,2,0,7.33,0,0,,,
547,RHT,111,11,1,0,7.33,0,0,,,
617,RHT,111,11,2,0,7.33,0,0,,,
617,RHT,111,11,1,0,7.33,0,0,,,
553,RHT,111,11,2,0,7.33,0,0,,,
553,RHT,111,11,1,0,7.33,0,0,,,
612,RHT,11,11,2,0,7.33,0,0,,,
612,RHT,11,11,1,0,7.33,0,0,,,
612,RHT,111,11,2,0,7.33,0,0,,,
612,RHT,111,11,1,0,7.33,0,0,,,
657,RHT,11,11,2,0,7.33,0,0,,,
657,RHT,11,11,1,0,7.33,0,0,,,
617,RHT,11,11,2,0,7.33,0,0,,,
617,RHT,11,11,1,0,7.33,0,0,,,
657,RHT,111,11,2,0,7.33,0,0,,,
657,RHT,111,11,1,0,7.33,0,0,,,
547,RHT,11,11,2,0,7.33,0,0,,,
547,RHT,11,11,1,0,7.33,0,0,,,
617,RHT,111,11,2,0,7.33,0,0,,,
617,RHT,111,11,1,0,7.33,0,0,,,
617,RHT,11,11,2,0,7.33,0,0,,,
617,RHT,11,11,1,0,7.33,0,0,,,
553,RHT,111,11,2,0,7.33,0,0,,,
553,RHT,111,11,1,0,7.33,0,0,,,
657,RHT,111,11,2,0,7.33,0,0,,,
657,RHT,111,11,1,0,7.33,0,0,,,
553,RHT,11,11,2,0,7.33,0,0,,,
553,RHT,11,11,1,0,7.33,0,0,,,
652,RHT,111,11,2,0,7.33,0,0,,,
652,RHT,111,11,1,0,7.33,0,0,,,
547,RHT,111,11,2,0,7.33,0,0,,,
547,RHT,111,11,1,0,7.33,0,0,,,
612,RHT,11,11,2,0,7.33,0,0,,,
612,RHT,11,11,1,0,7.33,0,0,,,
612,RHT,111,11,2,0,7.33,0,0,,,
612,RHT,111,11,1,0,7.33,0,0,,,
657,RHT,11,11,2,0,7.33,0,0,,,
657,RHT,11,11,1,0,7.33,0,0,,,
652,RHT,11,11,2,0,7.33,0,0,,,
652,RHT,11,11,1,0,7.33,0,0,,,
657,RHT,111,11,2,0,7.33,0,0,,,
657,RHT,111,11,1,0,7.33,0,0,,,
553,RHT,111,11,2,0,7.33,0,0,,,
553,RHT,111,11,1,0,7.33,0,0,,,
652,RHT,11,11,2,0,7.33,0,0,,,
652,RHT,11,11,1,0,7.33,0,0,,,
652,RHT,111,11,2,0,7.33,0,0,,,
652,RHT,111,11,1,0,7.33,0,0,,,
617,RHT,111,11,2,0,7.33,0,0,,,
617,RHT,111,11,1,0,7.33,0,0,,,
547,RHT,11,11,2,0,7.33,0,0,,,
547,RHT,11,11,1,0,7.33,0,0,,,
612,RHT,111,11,2,0,7.33,0,0,,,
612,RHT,111,11,1,0,7.33,0,0,,,
612,RHT,11,11,2,0,7.33,0,0,,,
612,RHT,11,11,1,0,7.33,0,0,,,
657,RHT,11,11,2,0,7.33,0,0,,,
657,RHT,11,11,1,0,7.33,0,0,,,
547,RHT,111,11,2,0,7.33,0,0,,,
547,RHT,111,11,1,0,7.33,0,0,,,
617,RHT,11,11,2,0,7.33,0,0,,,
617,RHT,11,11,1,0,7.33,0,0,,,
553,RHT,11,11,2,0,7.33,0,0,,,
553,RHT,11,11,1,0,7.33,0,0,,,
553,RHT,11,11,2,0,7.33,0,0,,,
553,RHT,11,11,1,0,7.33,0,0,,,
617,RHT,11,11,2,0,7.33,0,0,,,
617,RHT,11,11,1,0,7.33,0,0,,,
547,RHT,111,11,2,0,7.33,0,0,,,
547,RHT,111,11,1,0,7.33,0,0,,,
617,RHT,111,11,2,0,7.33,0,0,,,
617,RHT,111,11,1,0,7.33,0,0,,,
612,RHT,111,11,2,0,7.33,0,0,,,
612,RHT,111,11,1,0,7.33,0,0,,,
657,RHT,111,11,2,0,7.33,0,0,,,
657,RHT,111,11,1,0,7.33,0,0,,,
553,RHT,111,11,2,0,7.33,0,0,,,
553,RHT,111,11,1,0,7.33,0,0,,,
547,RHT,11,11,2,0,7.33,0,0,,,
547,RHT,11,11,1,0,7.33,0,0,,,
612,RHT,11,11,2,0,7.33,0,0,,,
612,RHT,11,11,1,0,7.33,0,0,,,
652,RHT,11,11,2,0,7.33,0,0,,,
652,RHT,11,11,1,0,7.33,0,0,,,
652,RHT,111,11,2,0,7.33,0,0,,,
652,RHT,111,11,1,0,7.33,0,0,,,
657,RHT,11,11,2,0,7.33,0,0,,,
657,RHT,11,11,1,0,7.33,0,0,,,
612,RHT,11,11,2,0,7.33,0,0,,,
612,RHT,11,11,1,0,7.33,0,0,,,
657,RHT,11,11,2,0,7.33,0,0,,,
657,RHT,11,11,1,0,7.33,0,0,,,
617,RHT,11,11,2,0,7.33,0,0,,,
617,RHT,11,11,1,0,7.33,0,0,,,
657,RHT,111,11,2,0,7.33,0,0,,,
657,RHT,111,11,1,0,7.33,0,0,,,
617,RHT,111,11,2,0,7.33,0,0,,,
617,RHT,111,11,1,0,7.33,0,0,,,
652,RHT,111,11,2,0,7.33,0,0,,,
652,RHT,111,11,1,0,7.33,0,0,,,
553,RHT,111,11,2,0,7.33,0,0,,,
553,RHT,111,11,1,0,7.33,0,0,,,
553,RHT,11,11,2,0,7.33,0,0,,,
553,RHT,11,11,1,0,7.33,0,0,,,
547,RHT,11,11,2,0,7.33,0,0,,,
547,RHT,11,11,1,0,7.33,0,0,,,
547,RHT,111,11,2,0,7.33,0,0,,,
547,RHT,111,11,1,0,7.33,0,0,,,
612,RHT,111,11,2,0,7.33,0,0,,,
612,RHT,111,11,1,0,7.33,0,0,,,
652,RHT,11,11,2,0,7.33,0,0,,,
652,RHT,11,11,1,0,7.33,0,0,,,
547,RHT,11,11,2,0,7.33,0,0,,,
547,RHT,11,11,1,0,7.33,0,0,,,
547,RHT,111,11,2,0,7.33,0,0,,,
547,RHT,111,11,1,0,7.33,0,0,,,
612,RHT,11,11,2,0,7.33,0,0,,,
612,RHT,11,11,1,0,7.33,0,0,,,
652,RHT,111,11,2,0,7.33,0,0,,,
652,RHT,111,11,1,0,7.33,0,0,,,
652,RHT,11,11,2,0,7.33,0,0,,,
652,RHT,11,11,1,0,7.33,0,0,,,
553,RHT,111,11,2,0,7.33,0,0,,,
553,RHT,111,11,1,0,7.33,0,0,,,
553,RHT,11,11,2,0,7.33,0,0,,,
553,RHT,11,11,1,0,7.33,0,0,,,
657,RHT,11,11,2,0,7.33,0,0,,,
657,RHT,11,11,1,0,7.33,0,0,,,
612,RHT,111,11,2,0,7.33,0,0,,,
612,RHT,111,11,1,0,7.33,0,0,,,
617,RHT,111,11,2,0,7.33,0,0,,,
617,RHT,111,11,1,0,7.33,0,0,,,
617,RHT,11,11,2,0,7.33,0,0,,,
617,RHT,11,11,1,0,7.33,0,0,,,
657,RHT,111,11,2,0,7.33,0,0,,,
657,RHT,111,11,1,0,7.33,0,0,,,
617,RHT,111,11,2,0,7.33,0,0,,,
617,RHT,111,11,1,0,7.33,0,0,,,
617,RHT,11,11,2,0,7.33,0,0,,,
617,RHT,11,11,1,0,7.33,0,0,,,
553,RHT,111,11,2,0,7.33,0,0,,,
553,RHT,111,11,1,0,7.33,0,0,,,
612,RHT,11,11,2,0,7.33,0,0,,,
612,RHT,11,11,1,0,7.33,0,0,,,
612,RHT,111,11,2,0,7.33,0,0,,,
612,RHT,111,11,1,0,7.33,0,0,,,
657,RHT,11,11,2,0,7.33,0,0,,,
657,RHT,11,11,1,0,7.33,0,0,,,
652,RHT,111,11,2,0,7.33,0,0,,,
652,RHT,111,11,1,0,7.33,0,0,,,
652,RHT,11,11,2,0,7.33,0,0,,,
652,RHT,11,11,1,0,7.33,0,0,,,
547,RHT,111,11,2,0,7.33,0,0,,,
547,RHT,111,11,1,0,7.33,0,0,,,
547,RHT,11,11,2,0,7.33,0,0,,,
547,RHT,11,11,1,0,7.33,0,0,,,
657,RHT,111,11,2,0,7.33,0,0,,,
657,RHT,111,11,1,0,7.33,0,0,,,
553,RHT,11,11,2,0,7.33,0,0,,,
553,RHT,11,11,1,0,7.33,0,0,,,
553,RHT,111,11,2,0,7.33,0,0,,,
553,RHT,111,11,1,0,7.33,0,0,,,
547,RHT,11,11,2,0,7.33,0,0,,,
547,RHT,11,11,1,0,7.33,0,0,,,
652,RHT,111,11,2,0,7.33,0,0,,,
652,RHT,111,11,1,0,7.33,0,0,,,
553,RHT,11,11,2,0,7.33,0,0,,,
553,RHT,11,11,1,0,7.33,0,0,,,
612,RHT,11,11,2,0,7.33,0,0,,,
612,RHT,11,11,1,0,7.33,0,0,,,
617,RHT,11,11,2,0,7.33,0,0,,,
617,RHT,11,11,1,0,7.33,0,0,,,
657,RHT,11,11,2,0,7.33,0,0,,,
657,RHT,11,11,1,0,7.33,0,0,,,
652,RHT,11,11,2,0,7.33,0,0,,,
652,RHT,11,11,1,0,7.33,0,0,,,
547,RHT,111,11,2,0,7.33,0,0,,,
547,RHT,111,11,1,0,7.33,0,0,,,
612,RHT,111,11,2,0,7.33,0,0,,,
612,RHT,111,11,1,0,7.33,0,0,,,
617,RHT,111,11,2,0,7.33,0,0,,,
617,RHT,111,11,1,0,7.33,0,0,,,
657,RHT,111,11,2,0,7.33,0,0,,,
657,RHT,111,11,1,0,7.33,0,0,,,
657,RHT,111,11,2,0,7.33,0,0,,,
657,RHT,111,11,1,0,7.33,0,0,,,
657,RHT,11,11,2,0,7.33,0,0,,,
657,RHT,11,11,1,0,7.33,0,0,,,
553,RHT,111,11,2,0,7.33,0,0,,,
553,RHT,111,11,1,0,7.33,0,0,,,
547,RHT,111,11,2,0,7.33,0,0,,,
547,RHT,111,11,1,0,7.33,0,0,,,
617,RHT,111,11,2,0,7.33,0,0,,,
617,RHT,111,11,1,0,7.33,0,0,,,
612,RHT,111,11,2,0,7.33,0,0,,,
612,RHT,111,11,1,0,7.33,0,0,,,
617,RHT,11,11,2,0,7.33,0,0,,,
617,RHT,11,11,1,0,7.33,0,0,,,
612,RHT,11,11,2,0,7.33,0,0,,,
612,RHT,11,11,1,0,7.33,0,0,,,
553,RHT,11,11,2,0,7.33,0,0,,,
553,RHT,11,11,1,0,7.33,0,0,,,
547,RHT,11,11,2,0,7.33,0,0,,,
547,RHT,11,11,1,0,7.33,0,0,,,
652,RHT,11,11,2,0,7.33,0,0,,,
652,RHT,11,11,1,0,7.33,0,0,,,
652,RHT,111,11,2,0,7.33,0,0,,,
652,RHT,111,11,1,0,7.33,0,0,,,
657,RHT,111,11,2,0,7.33,0,0,,,
657,RHT,111,11,1,0,7.33,0,0,,,
652,RHT,11,11,2,0,7.33,0,0,,,
652,RHT,11,11,1,0,7.33,0,0,,,
657,RHT,11,11,2,0,7.33,0,0,,,
657,RHT,11,11,1,0,7.33,0,0,,,
652,RHT,111,11,2,0,7.33,0,0,,,
652,RHT,111,11,1,0,7.33,0,0,,,
547,RHT,111,11,2,0,7.33,0,0,,,
547,RHT,111,11,1,0,7.33,0,0,,,
547,RHT,11,11,2,0,7.33,0,0,,,
547,RHT,11,11,1,0,7.33,0,0,,,
553,RHT,111,11,2,0,7.33,0,0,,,
553,RHT,111,11,1,0,7.33,0,0,,,
553,RHT,11,11,2,0,7.33,0,0,,,
553,RHT,11,11,1,0,7.33,0,0,,,
617,RHT,111,11,2,0,7.33,0,0,,,
617,RHT,111,11,1,0,7.33,0,0,,,
612,RHT,11,11,2,0,7.33,0,0,,,
612,RHT,11,11,1,0,7.33,0,0,,,
612,RHT,111,11,2,0,7.33,0,0,,,
612,RHT,111,11,1,0,7.33,0,0,,,
617,RHT,11,11,2,0,7.33,0,0,,,
617,RHT,11,11,1,0,7.33,0,0,,,
547,RHT,111,11,2,0,7.33,0,0,,,
547,RHT,111,11,1,0,7.33,0,0,,,
657,RHT,111,11,2,0,7.33,0,0,,,
657,RHT,111,11,1,0,7.33,0,0,,,
617,RHT,11,11,2,0,7.33,0,0,,,
617,RHT,11,11,1,0,7.33,0,0,,,
657,RHT,11,11,2,0,7.33,0,0,,,
657,RHT,11,11,1,0,7.33,0,0,,,
612,RHT,111,11,2,0,7.33,0,0,,,
612,RHT,111,11,1,0,7.33,0,0,,,
553,RHT,111,11,2,0,7.33,0,0,,,
553,RHT,111,11,1,0,7.33,0,0,,,
612,RHT,11,11,2,0,7.33,0,0,,,
612,RHT,11,11,1,0,7.33,0,0,,,
547,RHT,11,11,2,0,7.33,0,0,,,
547,RHT,11,11,1,0,7.33,0,0,,,
617,RHT,111,11,2,0,7.33,0,0,,,
617,RHT,111,11,1,0,7.33,0,0,,,
553,RHT,11,11,2,0,7.33,0,0,,,
553,RHT,11,11,1,0,7.33,0,0,,,
652,RHT,11,11,2,0,7.33,0,0,,,
652,RHT,11,11,1,0,7.33,0,0,,,
652,RHT,111,11,2,0,7.33,0,0,,,
652,RHT,111,11,1,0,7.33,0,0,,,
553,RHT,111,11,2,0,7.33,0,0,,,
553,RHT,111,11,1,0,7.33,0,0,,,
657,RHT,111,11,2,0,7.33,0,0,,,
657,RHT,111,11,1,0,7.33,0,0,,,
652,RHT,111,11,2,0,7.33,0,0,,,
652,RHT,111,11,1,0,7.33,0,0,,,
657,RHT,11,11,2,0,7.33,0,0,,,
657,RHT,11,11,1,0,7.33,0,0,,,
547,RHT,111,11,2,0,7.33,0,0,,,
547,RHT,111,11,1,0,7.33,0,0,,,
553,RHT,11,11,2,0,7.33,0,0,,,
553,RHT,11,11,1,0,7.33,0,0,,,
612,RHT,111,11,2,0,7.33,0,0,,,
612,RHT,111,11,1,0,7.33,0,0,,,
617,RHT,111,11,2,0,7.33,0,0,,,
617,RHT,111,11,1,0,7.33,0,0,,,
612,RHT,11,11,2,0,7.33,0,0,,,
612,RHT,11,11,1,0,7.33,0,0,,,
617,RHT,11,11,2,0,7.33,0,0,,,
617,RHT,11,11,1,0,7.33,0,0,,,
652,RHT,11,11,2,0,7.33,0,0,,,
652,RHT,11,11,1,0,7.33,0,0,,,
547,RHT,11,11,2,0,7.33,0,0,,,
547,RHT,11,11,1,0,7.33,0,0,,,
554,RHT,191,11,2,0,7.33,0,0,,,
554,RHT,191,11,1,0,7.33,0,0,,,
554,RHT,900,11,2,0,7.33,0,0,,,
554,RHT,900,11,1,0,7.33,0,0,,,
554,RHT,918,11,2,0,7.33,0,0,,,
554,RHT,918,11,1,0,7.33,0,0,,,
554,RHT,901,11,2,0,7.33,0,0,,,
554,RHT,901,11,1,0,7.33,0,0,,,
554,RHT,3,11,2,0,7.33,0,0,,,
554,RHT,3,11,1,0,7.33,0,0,,,
554,RHT,190,11,2,0,7.33,0,0,,,
554,RHT,190,11,1,0,7.33,0,0,,,
554,RHT,37,11,2,0,7.33,0,0,,,
554,RHT,37,11,1,0,7.33,0,0,,,
